11574980000000,151.40435791
11576140000000,133.158615112
11577240000000,129.648162842
11578330000000,127.465827942
11579420000000,125.108673096
11580520000000,122.492172241
11581540000000,120.170455933
11582610000000,117.804847717
11583670000000,114.903823853
11584740000000,111.666732788
11585730000000,109.362792969
11586740000000,105.634315491
11587740000000,101.617362976
11588720000000,97.4838867188
11589720000000,93.2844314575
11590660000000,88.8887557983
11591610000000,84.799987793
11592580000000,80.5914459229
11593520000000,76.1613082886
11594470000000,72.1287689209
11595450000000,68.043800354
11596410000000,64.0365371704
11597320000000,60.2703933716
11598250000000,68.1143722534
11599180000000,119.320785522
11600110000000,96.4539260864
11601030000000,88.3998718262
11601960000000,67.0571060181
11602870000000,51.2665328979
11603740000000,48.8879394531
11604690000000,46.4089393616
11605630000000,33.2391204834
11606540000000,30.4457607269
11607490000000,27.6111335754
11608460000000,23.7297859192
11609420000000,19.7099113464
11610380000000,15.5956125259
11611350000000,11.954864502
11612290000000,9.61814975739
