
11011060000000,174.284957886
11012100000000,174.285064697
11013210000000,174.255004883
11014260000000,173.723892212
11015280000000,92.9641418457
11016300000000,13.9194345474
11017360000000,13.0890169144
11018320000000,10.1669235229
11019320000000,15.2499732971
11020380000000,72.6142501831
11021440000000,175.793487549
11022450000000,177.097869873
11023490000000,177.88899231
11024480000000,178.295455933
11025430000000,178.440200806
11026400000000,178.517532349
11027380000000,178.621246338
11028360000000,178.740356445
11029340000000,178.872909546
11030290000000,178.968704224
11031210000000,179.017196655
11032150000000,179.525924683
11033110000000,175.530517578
11034060000000,171.729934692
11034940000000,171.539093018
11035880000000,170.089630127
11036770000000,168.375579834
11037740000000,166.826858521
11038690000000,163.971908569
11039620000000,159.121643066
11040560000000,147.009140015
