11499260000000,167.885055542
11500430000000,154.444412231
11501570000000,153.855361938
11502680000000,153.235671997
11503750000000,152.541900635
11504850000000,151.536895752
11505900000000,147.720001221
11506950000000,146.978149414
11508000000000,146.024276733
11509030000000,145.039093018
11510080000000,144.031799316
11511090000000,142.853164673
11512100000000,141.674423218
11513100000000,140.354751587
11514080000000,139.087356567
11515090000000,137.645950317
11516070000000,136.117538452
11517000000000,134.446960449
11517930000000,132.700515747
11518890000000,130.976806641
11519810000000,128.989334106
11520740000000,126.782272339
11521660000000,124.390769958
11522590000000,171.582443237
11523540000000,141.312713623
11524460000000,143.695251465
11525410000000,146.086639404
11526360000000,149.23991394
11527320000000,152.978088379
11528240000000,156.934661865
11529150000000,160.876327515
11530120000000,164.605316162
11531070000000,168.630859375
11532030000000,172.323562622
11532990000000,176.139221191
11533920000000,179.731704712
11534910000000,176.915176392
