
21059860000000,136.818099976
21060670000000,135.373916626
21061450000000,133.94670105
21062170000000,132.276641846
21062910000000,130.690124512
21063650000000,128.953063965
21064360000000,127.146743774
21065070000000,125.215194702
21065750000000,123.230491638
21066480000000,121.228302002
21067200000000,113.183151245
21067860000000,110.866767883
21068590000000,108.473197937
21069270000000,105.685600281
21069920000000,102.489608765
21070620000000,99.4577713013
21071290000000,89.2201156616
21071920000000,86.7762527466
21072560000000,83.8199005127
21073240000000,80.7946243286
21073940000000,77.5251998901
21074590000000,74.3007202148
21075240000000,71.2673416138
21075920000000,68.265586853
21076550000000,65.0837783813
21077200000000,62.2625656128
21077820000000,59.3788528442
21078430000000,56.7219085693
21079040000000,61.7753982544
21079680000000,113.443695068
21080330000000,166.282348633
21080950000000,165.618453979
21081610000000,167.458587646
21082260000000,169.694595337
21082880000000,175.262191772
21083500000000,174.07434082
21084110000000,170.225799561
21084710000000,163.621688843
21085340000000,161.12298584
21085940000000,147.539672852
21086570000000,141.676956177
21087180000000,138.161056519
21087780000000,127.979240417
21088410000000,128.120407104
21089030000000,123.693122864
21089630000000,121.276992798
21090230000000,119.149055481
21090850000000,111.777839661
21091460000000,109.27986908
21092060000000,87.2010040283
21092720000000,46.5793533325
21093340000000,44.3115844727
21093950000000,44.0805625916
21094580000000,43.3169212341
21095190000000,42.7032623291
21095800000000,42.5722579956
