
11191390000000,164.767242432
11192450000000,164.758041382
11193480000000,164.757766724
11194580000000,164.14276123
11195590000000,154.028335571
11196700000000,88.9970626831
11197680000000,-4.79752492905
11198710000000,19.9424629211
11199660000000,15.8245229721
11200670000000,15.7280874252
11201640000000,117.523010254
11202630000000,175.690322876
11203660000000,176.757583618
11204670000000,177.518539429
11205660000000,178.314544678
11206690000000,179.204696655
11207680000000,179.77305603
11208690000000,178.689575195
11209610000000,177.417556763
11210580000000,176.222579956
11211550000000,174.995361328
11212530000000,173.588531494
11213430000000,171.910827637
11214410000000,170.283340454
11215310000000,168.912643433
11216270000000,167.437561035
11217220000000,165.381103516
11218180000000,162.8387146
11219060000000,159.547912598
11220010000000,155.492477417
11221020000000,148.874679565
11221960000000,137.317459106
11222870000000,120.124084473
11223750000000,90.4693832397
11224640000000,56.7681465149
11225580000000,32.6999816895
11226500000000,18.2695293427
11227370000000,10.2769575119
11228290000000,5.55641412735
11229180000000,2.12646913528
11230090000000,-0.263191133738
11231020000000,-2.02301931381
11231950000000,-3.50969743729
11232860000000,-4.63298368454
11233670000000,-4.75774478912
11234580000000,-4.75764751434
11235480000000,-4.75763559341
