
10787860000000,173.324447632
10788910000000,173.324432373
10789910000000,173.324417114
10790980000000,173.302658081
10791990000000,172.450759888
10793030000000,171.591323853
10794010000000,170.602539062
10795040000000,169.57673645
10796050000000,168.388427734
10797090000000,167.33996582
10798050000000,166.681900024
10799020000000,166.057144165
10799990000000,164.851409912
10800920000000,163.583526611
10801880000000,162.151779175
10802810000000,160.43850708
10803750000000,158.504013062
10804710000000,156.479812622
10805640000000,154.803009033
10806560000000,153.239013672
10807480000000,152.737075806
10808420000000,138.366195679
10809270000000,134.863723755
10810210000000,132.454727173
10811180000000,128.27255249
10812130000000,119.624320984
10813060000000,122.638404846
10813980000000,165.330276489
10814920000000,155.88117981
10815820000000,140.307479858
10816780000000,123.556213379
10817600000000,119.044029236
10818520000000,116.671295166
10819370000000,116.193603516
10820330000000,116.190971375
10821220000000,116.116363525
10822160000000,115.751190186
10823140000000,115.305854797
10824110000000,114.941429138
10824990000000,114.646469116
10825980000000,114.425224304
10826970000000,119.965385437
