
21248110000000,142.774124146
21248860000000,142.42817688
21249620000000,141.03767395
21250370000000,139.673492432
21251110000000,138.117340088
21251820000000,136.520690918
21252550000000,134.942764282
21253280000000,133.117416382
21254020000000,131.095153809
21254700000000,128.942260742
21255400000000,126.888549805
21256110000000,124.616111755
21256800000000,122.216636658
21257490000000,119.630058289
21258180000000,116.980300903
21258890000000,114.094619751
21259590000000,111.056938171
21260250000000,104.397872925
21260910000000,95.6750717163
21261550000000,65.6411361694
21262230000000,65.6208648682
21262910000000,68.1543655396
21263550000000,68.0951766968
21264250000000,66.0649414062
21264920000000,62.0790901184
21265550000000,58.1205101013
21266200000000,53.8650741577
21266820000000,50.1770515442
21267450000000,48.1723480225
21268060000000,0.827478289604
21268710000000,-57.3874473572
21269330000000,-83.0091247559
21269940000000,-82.7880172729
21270570000000,-82.1330490112
21271230000000,-84.2426834106
21271880000000,-87.370513916
21272570000000,-90.4794387817
21273200000000,-93.6539459229
21273840000000,-96.5634078979
21274510000000,-99.4793777466
21275170000000,-102.428634644
21275810000000,-105.274940491
21276490000000,-107.830841064
21277130000000,-110.540565491
21277800000000,-112.784049988
21278520000000,-114.890205383
21279160000000,-116.915161133
21279860000000,-118.50717926
21280530000000,-120.022476196
21281230000000,-121.346229553
21281930000000,-122.608818054
21282640000000,-123.722854614
21283320000000,-124.838447571
21284030000000,-125.784324646
