
11011070000000,175.888031006
11012110000000,175.957580566
11013210000000,175.254730225
11014260000000,170.097671509
11015280000000,73.9232711792
11016310000000,-4.91648817062
11017350000000,-4.82055950165
11018320000000,-6.78623771667
11019320000000,-0.731153130531
11020380000000,57.0380020142
11021440000000,178.170303345
11022450000000,160.195648193
11023490000000,179.264831543
11024480000000,167.915466309
11025430000000,167.4037323
11026400000000,164.624832153
11027380000000,164.000213623
11028360000000,163.321289062
11029340000000,160.095581055
11030290000000,158.71321106
11031210000000,157.804748535
11032150000000,154.100036621
11033110000000,149.118011475
11034060000000,144.36315918
11034940000000,143.288070679
11035880000000,141.083740234
11036770000000,138.770172119
11037740000000,137.039703369
11038690000000,134.836669922
11039620000000,132.623519897
11040560000000,121.505470276
