
11011060000000,127.920570374
11012100000000,127.923324585
11013210000000,127.595909119
11014260000000,119.25062561
11015280000000,111.257392883
11016300000000,81.9118728638
11017350000000,80.478805542
11018320000000,74.4162979126
11019320000000,72.0979766846
11020380000000,122.240097046
11021440000000,114.540916443
11022450000000,78.8297271729
11023490000000,59.6891784668
11024480000000,44.4363479614
11025430000000,34.6284790039
11026400000000,28.2958259583
11027380000000,24.0487136841
11028360000000,20.9258708954
11029340000000,18.5910606384
11030290000000,16.7490615845
11031210000000,15.2224493027
11032150000000,14.0002841949
11033110000000,12.7619476318
11034060000000,11.5874185562
11034940000000,10.5170183182
11035880000000,9.64496135712
11036770000000,8.80945301056
11037740000000,8.10171794891
11038690000000,7.40236186981
11039620000000,6.80636548996
11040560000000,6.74054098129
