
21248110000000,172.98626709
21248860000000,172.892868042
21249620000000,172.746520996
21250370000000,172.58946228
21251110000000,172.425491333
21251820000000,172.251464844
21252550000000,172.07333374
21253280000000,171.867202759
21254020000000,171.643783569
21254700000000,171.400421143
21255400000000,171.158248901
21256110000000,170.887359619
21256800000000,170.58921814
21257490000000,170.261795044
21258180000000,169.909896851
21258890000000,169.507797241
21259590000000,169.057403564
21260250000000,168.625778198
21260910000000,168.183517456
21261550000000,149.329223633
21262230000000,151.439117432
21262910000000,157.016067505
21263550000000,159.913070679
21264250000000,160.501480103
21264920000000,159.310974121
21265550000000,157.738632202
21266200000000,155.487228394
21266820000000,153.583435059
21267450000000,152.023864746
21268060000000,106.142974854
21268710000000,50.2452468872
21269330000000,-22.2466411591
21269940000000,-92.7774353027
21270570000000,-156.754150391
21271230000000,-159.218383789
21271880000000,-161.012084961
21272560000000,-162.409317017
21273200000000,-163.603012085
21273840000000,-160.096084595
21274510000000,-161.156967163
21275170000000,-162.04699707
21275810000000,-162.798934937
21276490000000,-159.835006714
21277130000000,-157.1300354
21277800000000,-149.186019897
21278520000000,-140.390975952
21279160000000,-141.415084839
21279860000000,-136.974014282
21280530000000,-135.206466675
21281230000000,-133.133987427
21281930000000,-131.850097656
21282640000000,-130.815307617
21283320000000,-129.786346436
21284030000000,-130.605163574
