11499260000000,173.689559937
11500430000000,172.787734985
11501570000000,172.816894531
11502680000000,172.84425354
11503750000000,172.82913208
11504850000000,172.51361084
11505900000000,169.435745239
11506950000000,169.451339722
11508000000000,169.326293945
11509030000000,169.246307373
11510080000000,169.173446655
11511090000000,169.01663208
11512100000000,168.893585205
11513100000000,168.756912231
11514080000000,168.714660645
11515090000000,168.570251465
11516070000000,168.470703125
11517000000000,168.311462402
11517930000000,168.129348755
11518890000000,168.051818848
11519810000000,167.881484985
11520740000000,167.636749268
11521660000000,167.32850647
11522590000000,176.231781006
11523540000000,174.187835693
11524460000000,170.93572998
11525410000000,167.688613892
11526360000000,164.543960571
11527320000000,161.65713501
11528240000000,158.988220215
11529150000000,156.606658936
11530120000000,154.54006958
11531070000000,152.44569397
11532030000000,150.627197266
11532990000000,148.829971313
11533920000000,147.200485229
11534910000000,145.720046997
