11812220000000,120.966201782
11813380000000,111.149009705
11814480000000,100.675941467
11815570000000,90.9318847656
11816640000000,82.9801940918
11817740000000,76.675819397
11818850000000,71.2357559204
11819970000000,66.7989883423
11821050000000,63.1683807373
11822110000000,60.7270507812
11823180000000,58.5329360962
11824240000000,56.6754417419
11825310000000,55.1155395508
11826410000000,53.7572822571
11827510000000,52.5348434448
11828550000000,51.4494400024
11829570000000,50.5399894714
11830570000000,50.2250518799
11831610000000,49.8294525146
11832580000000,47.5913696289
11833610000000,44.8175239563
11834660000000,41.9464149475
11835580000000,39.0791320801
11836550000000,36.6025428772
11837450000000,34.1276016235
11838400000000,31.7789821625
11839370000000,29.4705352783
11840290000000,27.1657848358
11841280000000,25.1037387848
11842240000000,22.9734153748
11843150000000,21.0170230865
11844040000000,19.3057670593
11844960000000,17.5965690613
11845930000000,15.9689893723
11846840000000,14.354842186
11847880000000,12.8822031021
11848860000000,11.3327856064
11849770000000,9.9219751358
11850710000000,8.663813591
11851660000000,7.46604728699
11852570000000,6.25194120407
11853500000000,5.19074487686
