
10888310000000,140.303573608
10889350000000,140.303985596
10890390000000,138.644668579
10891430000000,96.1199798584
10892530000000,-18.3860855103
10893560000000,-89.0963897705
10894590000000,-83.2467422485
10895560000000,-40.3444786072
10896610000000,-33.5201797485
10897660000000,58.7924842834
10898700000000,136.335357666
10899730000000,135.179824829
10900710000000,135.396469116
10901720000000,135.495162964
10902720000000,135.664215088
10903670000000,135.852661133
10904700000000,136.053237915
10905720000000,136.30871582
10906680000000,136.601425171
10907690000000,136.924087524
10908690000000,137.323822021
10909700000000,137.807647705
10910690000000,138.412200928
10911660000000,139.082168579
10912640000000,139.664291382
10913630000000,140.173538208
10914660000000,140.984924316
10915590000000,142.315368652
10916560000000,144.344497681
10917550000000,148.280197144
10918540000000,147.792449951
