10768740000000,172.571655273
10769870000000,173.770095825
10771020000000,175.635803223
10772140000000,167.452285767
10773220000000,167.692245483
10774310000000,167.901687622
10775390000000,168.111282349
10776460000000,168.335830688
10777500000000,168.578491211
10778560000000,168.830169678
10779600000000,169.101425171
10780610000000,169.401443481
10781670000000,169.709197998
10782710000000,170.008422852
10783750000000,170.248443604
10784740000000,170.505432129
10785700000000,170.754714966
10786680000000,170.981872559
10787670000000,171.227462769
10788660000000,171.487167358
10789620000000,171.765823364
10790610000000,172.032546997
10791550000000,172.251998901
10792500000000,172.296127319
10793450000000,172.329040527
10794400000000,172.372817993
10795310000000,172.426559448
10796280000000,172.4894104
10797160000000,172.574432373
10798090000000,172.674362183
10798990000000,172.812850952
10799880000000,172.993286133
10800770000000,173.272506714
10801690000000,173.633728027
10802630000000,177.977401733
10803520000000,174.520446777
10804460000000,172.566040039
10805380000000,167.007461548
10806300000000,88.2765960693
10807230000000,62.2464561462
10808190000000,52.7558250427
10809090000000,0.550454318523
10810020000000,-9.77959442139
10810920000000,-9.05384731293
10811810000000,5.45160150528
10812770000000,15.0132551193
10813680000000,23.1337184906
10814640000000,15.8636770248
10815570000000,4.45098257065
10816530000000,-0.108185984194
10817480000000,-4.64000654221
