
20959980000000,170.940643311
20960750000000,168.195770264
20961510000000,168.082946777
20962310000000,167.729858398
20963080000000,167.441894531
20963850000000,166.949829102
20964590000000,166.614486694
20965380000000,166.134124756
20966080000000,165.633514404
20966780000000,165.321212769
20967480000000,164.877807617
20968160000000,164.409622192
20968880000000,164.133880615
20969570000000,163.657089233
20970280000000,163.112045288
20970950000000,162.661087036
20971610000000,162.23588562
20972330000000,161.664581299
20972980000000,161.012268066
20973650000000,160.359786987
20974340000000,159.760543823
20975020000000,159.065582275
20975700000000,158.149902344
20976360000000,157.472900391
20977000000000,156.53527832
20977630000000,155.646957397
20978270000000,154.640884399
20978900000000,153.34967041
20979540000000,152.573287964
20980170000000,151.464675903
20980800000000,150.223526001
20981410000000,146.146377563
20982070000000,138.021560669
20982720000000,129.573425293
20983320000000,91.2597503662
20983940000000,70.4527587891
20984550000000,82.8492050171
20985160000000,85.8083190918
20985780000000,99.3296737671
20986380000000,114.632019043
20987010000000,112.28767395
20987590000000,109.809539795
20988180000000,106.963844299
20988820000000,104.241699219
20989460000000,100.363502502
20990070000000,94.3877182007
20990670000000,88.7274627686
20991290000000,75.708480835
20991970000000,68.9913864136
20992590000000,65.1016921997
20993190000000,60.2584228516
20993830000000,75.666267395
20994470000000,133.955825806
20995110000000,145.052215576
20995740000000,100.979560852
20996360000000,100.542144775
20996950000000,102.899040222
20997570000000,105.726020813
20998230000000,108.956344604
20998910000000,112.63520813
20999550000000,116.495574951
21000170000000,120.550437927
21000770000000,124.501716614
21001380000000,128.30921936
21006760000000,132.58442688
21007370000000,165.774459839
21007990000000,168.718612671
21008590000000,171.564880371
21009200000000,174.1302948
21009830000000,176.609741211
21010420000000,178.913650513
21011040000000,179.008972168
21011740000000,177.012832642
21012410000000,174.925872803
21013060000000,173.112625122
