11345440000000,172.738296509
11346580000000,172.663894653
11347720000000,155.475479126
11348890000000,105.826179504
11349990000000,58.0286216736
11351100000000,29.2208995819
11352210000000,24.1763458252
11353300000000,17.7587070465
11354390000000,128.501785278
11355500000000,176.596282959
11356590000000,176.905853271
11357610000000,178.187988281
11358660000000,179.864501953
11359730000000,177.93019104
11360800000000,175.177490234
11361870000000,172.213424683
11362940000000,169.111206055
11363990000000,165.559295654
11365010000000,161.929290771
11366050000000,158.186981201
11367080000000,154.201629639
11368120000000,150.156997681
11369140000000,145.843856812
11370190000000,141.627609253
11371210000000,137.313079834
11372260000000,133.11505127
11373280000000,128.926345825
