
21159370000000,115.153862
21160160000000,112.832542419
21160890000000,106.219421387
21161620000000,100.594345093
21162390000000,93.835105896
21163170000000,87.1966934204
21163890000000,81.3853530884
21164650000000,76.6885910034
21165360000000,72.3950424194
21166120000000,69.0647201538
21166840000000,66.3032226562
21167540000000,64.0480194092
21168260000000,62.1292686462
21169000000000,60.393913269
21169720000000,58.8222465515
21170400000000,57.4652442932
21171120000000,56.3158912659
21171820000000,55.2197113037
21172530000000,54.2568855286
21173260000000,53.358089447
21173980000000,52.5403213501
21174670000000,52.1149215698
21175400000000,50.9741096497
21176070000000,49.330165863
21176750000000,47.728805542
21177430000000,46.1704711914
21178110000000,44.6189956665
21178760000000,43.149066925
21179390000000,41.83644104
21180060000000,40.5883789062
21180690000000,39.3646850586
21181360000000,38.2372283936
21182030000000,37.1313476562
21182660000000,36.0486602783
21183330000000,35.1087608337
21183970000000,34.1265220642
21184600000000,33.246006012
21185240000000,32.4305534363
21185840000000,31.6276111603
21186480000000,30.9159221649
21187120000000,30.1885623932
21187730000000,29.4919624329
21188350000000,28.8517208099
21188970000000,28.2210712433
21189610000000,27.567117691
21190220000000,26.9279403687
21190870000000,26.3526668549
21191580000000,25.7448978424
