11574980000000,169.258621216
11576140000000,151.683288574
11577240000000,149.478057861
11578330000000,148.830551147
11579420000000,148.10218811
11580520000000,147.324050903
11581540000000,147.004776001
11582610000000,146.654220581
11583670000000,146.042022705
11584740000000,145.267181396
11585730000000,145.619384766
11586740000000,144.578125
11587740000000,143.449813843
11588720000000,142.261383057
11589720000000,141.019744873
11590660000000,139.657485962
11591610000000,138.38520813
11592580000000,136.912414551
11593520000000,135.180541992
11594470000000,133.485549927
11595450000000,131.58026123
11596410000000,129.475540161
11597310000000,127.21710968
11598250000000,136.068817139
11599180000000,172.211685181
11600110000000,167.288482666
11601030000000,161.119018555
11601960000000,140.916000366
11602870000000,125.145805359
11603740000000,122.263366699
11604680000000,118.728256226
11605630000000,104.081382751
11606540000000,98.883934021
11607490000000,93.2576293945
11608460000000,86.0876312256
11609420000000,78.461265564
11610380000000,70.5069656372
11611350000000,63.0902404785
11612290000000,57.085735321
