
20959980000000,172.771789551
20960750000000,172.703155518
20961510000000,172.555053711
20962310000000,172.39982605
20963080000000,172.230545044
20963850000000,172.058639526
20964590000000,171.883773804
20965380000000,171.70513916
20966080000000,171.505508423
20966780000000,171.32232666
20967480000000,171.131607056
20968160000000,170.932525635
20968880000000,170.729904175
20969570000000,170.502243042
20970280000000,170.277709961
20970950000000,170.028274536
20971610000000,169.785903931
20972330000000,169.532287598
20972980000000,169.239425659
20973650000000,168.956253052
20974340000000,168.658584595
20975020000000,168.325180054
20975700000000,167.98008728
20976360000000,167.614807129
20977000000000,167.2368927
20977630000000,166.862808228
20978270000000,166.453491211
20978900000000,166.01965332
20979540000000,165.564483643
20980170000000,165.076049805
20980800000000,164.566558838
20981410000000,164.016082764
20982070000000,163.64125061
20982720000000,163.318634033
20983320000000,140.985137939
20983940000000,121.821472168
20984550000000,135.257278442
20985160000000,139.75328064
20985780000000,155.300704956
20986380000000,165.439483643
20987010000000,165.282730103
20987590000000,165.058364868
20988180000000,164.827667236
20988820000000,164.558776855
20989460000000,164.230224609
20990070000000,163.916259766
20990670000000,163.662765503
20991290000000,158.589859009
20991970000000,154.993362427
20992590000000,154.541259766
20993190000000,152.572143555
20993830000000,165.604003906
20994470000000,163.663635254
20995110000000,166.195770264
20995740000000,166.19921875
20996360000000,167.492156982
20996950000000,165.754135132
20997570000000,162.734527588
20998230000000,160.024627686
20998910000000,157.616622925
20999550000000,155.61579895
21000170000000,153.91204834
21000770000000,152.53527832
21001380000000,151.403747559
21006760000000,150.303451538
21007370000000,144.629837036
21007990000000,144.235153198
21008590000000,143.858154297
21009200000000,143.521408081
21009830000000,143.19644165
21010420000000,142.892974854
21011040000000,142.619827271
21011740000000,142.355209351
21012410000000,142.076278687
21013060000000,141.832015991
