
10626010000000,172.79750061
10627130000000,172.797439575
10628210000000,172.570968628
10629330000000,171.602630615
10630420000000,170.51234436
10631520000000,169.322418213
10632570000000,168.016937256
10633660000000,166.577468872
10634700000000,164.894226074
10635770000000,163.087417603
10636830000000,160.989578247
10637820000000,158.583770752
10638820000000,155.977554321
10639880000000,153.039138794
10640860000000,149.285324097
10641850000000,145.313583374
10642820000000,140.814743042
10643740000000,135.554718018
10644700000000,129.880249023
10645700000000,123.205718994
10646640000000,116.029396057
10647610000000,108.276992798
10648560000000,100.16910553
10649490000000,92.1804122925
10650400000000,84.9068908691
10651330000000,78.1956939697
10652260000000,72.1489715576
10653200000000,66.6757354736
10654110000000,61.9765625
10655020000000,57.8738937378
10655920000000,54.2912521362
10656830000000,51.2203903198
10657750000000,49.1505737305
10658660000000,105.155525208
10659570000000,135.329666138
10660470000000,-22.0275058746
10661350000000,34.9613494873
10662270000000,-25.0712718964
10663200000000,-12.6460819244
10664090000000,-6.57792901993
10664950000000,0.366832762957
10665820000000,-5.91532945633
10666720000000,-19.5007724762
10667630000000,-30.0547847748
10668500000000,-39.6322517395
10669400000000,-45.9307632446
10670330000000,-54.9303817749
10671290000000,-68.838142395
10672140000000,-81.6121673584
10673070000000,-91.72240448
10674020000000,-101.15813446
10674950000000,-108.901153564
10675880000000,-115.057594299
10676800000000,-120.028381348
10677700000000,-123.958076477
10678640000000,-127.165390015
10679580000000,-129.954101562
10680510000000,-132.238113403
10681470000000,-134.14050293
10682420000000,-135.831604004
10683380000000,-143.939224243
10684360000000,-144.911300659
10685390000000,-145.852020264
10686330000000,-146.484115601
10687320000000,-145.532501221
10688320000000,-145.648132324
10689330000000,-152.885971069
