
10888310000000,173.844665527
10889350000000,173.844665527
10890390000000,173.796035767
10891420000000,138.281723022
10892530000000,25.4528541565
10893560000000,-45.366355896
10894590000000,-41.0330581665
10895560000000,0.695802748203
10896610000000,6.88798570633
10897660000000,98.3065719604
10898700000000,175.419281006
10899730000000,175.527297974
10900710000000,177.829101562
10901720000000,179.945846558
10902720000000,177.668304443
10903670000000,175.145889282
10904700000000,172.612533569
10905720000000,169.602035522
10906680000000,166.440536499
10907690000000,163.27897644
10908690000000,159.790374756
10909700000000,156.118041992
10910680000000,152.200653076
10911660000000,148.395996094
10912630000000,144.507049561
10913630000000,140.584442139
10914650000000,136.449829102
10915590000000,132.032394409
10916560000000,128.05506897
10917550000000,124.178741455
10918540000000,123.978645325
