10976630000000,176.178710938
10977720000000,176.71282959
10978850000000,176.490341187
10979980000000,162.906341553
10981020000000,150.265213013
10982130000000,152.416671753
10983180000000,151.68963623
10984260000000,148.013870239
10985300000000,147.319641113
10986320000000,146.424240112
10987380000000,145.417144775
10988400000000,144.210876465
10989400000000,140.434906006
10990400000000,137.980728149
10991390000000,136.647979736
10992380000000,135.132171631
10993350000000,133.426696777
10994290000000,131.644622803
10995220000000,129.703033447
10996160000000,127.709342957
10997110000000,125.499420166
10998060000000,119.987091064
10999010000000,166.844818115
10999940000000,139.007156372
11000880000000,171.388214111
11001860000000,113.787368774
11002770000000,130.996612549
11003690000000,127.432044983
11004620000000,124.209388733
11005570000000,119.910705566
11006500000000,99.9066543579
11007440000000,90.6841049194
11008390000000,87.5556945801
11009320000000,86.5216140747
11010250000000,85.0699157715
11011190000000,79.2847595215
11012130000000,73.9037017822
11013080000000,56.3908653259
