10880940000000,173.360229492
10882040000000,172.895523071
10883170000000,172.393249512
10884300000000,172.075820923
10885400000000,171.906143188
10886530000000,171.740478516
10887600000000,168.972076416
10888640000000,164.04838562
10889660000000,161.00743103
10890670000000,158.526000977
10891720000000,162.976135254
10892720000000,162.793014526
10893720000000,162.593307495
10894710000000,162.380554199
10895690000000,162.136642456
10896670000000,161.893630981
10897640000000,161.604888916
10898600000000,161.296325684
10899570000000,160.967803955
10900480000000,160.249176025
10901410000000,154.769012451
10902360000000,154.429351807
10903320000000,149.357757568
10904270000000,142.879592896
10905190000000,107.505355835
10906120000000,158.840484619
10907050000000,177.090911865
10908000000000,175.336074829
10908960000000,172.618972778
10909920000000,169.709152222
10910870000000,167.092819214
10911800000000,164.210861206
10912730000000,161.377304077
10913690000000,158.792999268
10914640000000,156.271743774
10915630000000,153.900009155
10916580000000,151.680038452
10917550000000,149.639572144
10918510000000,147.843963623
10919480000000,146.166687012
