11179930000000,177.034576416
11181110000000,176.800292969
11182210000000,164.932723999
11183280000000,162.189071655
11184380000000,155.570831299
11185440000000,149.392486572
11186500000000,146.594100952
11187540000000,145.643035889
11188600000000,144.66015625
11189600000000,143.631729126
11190660000000,142.491790771
11191650000000,141.248565674
11192640000000,139.868621826
11193660000000,138.799530029
11194590000000,136.993591309
11195580000000,134.671768188
11196550000000,131.09703064
11197510000000,116.382591248
11198440000000,112.418540955
11199370000000,120.386100769
11200330000000,123.76134491
11201270000000,121.156181335
11202250000000,164.98550415
11203200000000,140.076370239
11204170000000,141.189559937
11205070000000,141.712356567
11206010000000,141.889266968
11206950000000,142.231887817
11207880000000,142.556854248
11208810000000,144.095092773
11209730000000,145.004272461
11210630000000,145.898681641
11211570000000,147.044296265
11212520000000,148.765274048
11213490000000,151.140411377
11214390000000,154.559860229
11215350000000,156.180709839
11216290000000,157.755355835
