11345440000000,169.429580688
11346580000000,168.836151123
11347720000000,136.652160645
11348900000000,86.8785934448
11349990000000,39.1855506897
11351100000000,10.9734659195
11352210000000,6.8499584198
11353300000000,1.24951291084
11354390000000,112.399894714
11355500000000,179.468917847
11356590000000,159.911941528
11357610000000,160.177093506
11358660000000,160.700653076
11359730000000,161.569320679
11360800000000,162.647491455
11361870000000,163.788696289
11362940000000,164.974182129
11363990000000,166.367980957
11365010000000,167.811843872
11366050000000,169.322845459
11367080000000,170.970352173
11368120000000,172.696685791
11369140000000,174.617736816
11370190000000,176.599700928
11371210000000,178.762680054
11372260000000,178.981796265
11373280000000,176.532104492
