10880940000000,176.638931274
10882040000000,173.03237915
10883170000000,175.38369751
10884300000000,164.172988892
10885400000000,162.221481323
10886530000000,157.817520142
10887600000000,146.904403687
10888640000000,141.143249512
10889660000000,137.238571167
10890670000000,133.851089478
10891720000000,137.341995239
10892720000000,136.053909302
10893720000000,134.731262207
10894710000000,133.304397583
10895690000000,131.781051636
10896670000000,130.16003418
10897650000000,128.392044067
10898600000000,126.483757019
10899570000000,124.502510071
10900480000000,121.922805786
10901420000000,114.586341858
10902360000000,112.364135742
10903320000000,105.454849243
10904270000000,99.8822021484
10905190000000,65.6454467773
10906120000000,117.592002869
10907050000000,141.407806396
10908000000000,142.819961548
10908960000000,144.909912109
10909920000000,148.195602417
10910870000000,151.35307312
10911800000000,154.555999756
10912730000000,158.104003906
10913690000000,161.68862915
10914640000000,165.481872559
10915630000000,169.280380249
10916580000000,173.133117676
10917550000000,176.872085571
10918510000000,179.625854492
10919480000000,176.219818115
