11812220000000,173.746505737
11813380000000,173.307876587
11814480000000,172.47114563
11815570000000,170.723052979
11816640000000,168.896850586
11817740000000,166.776687622
11818850000000,164.415084839
11819970000000,161.852752686
11821050000000,159.09324646
11822110000000,156.086914062
11823180000000,152.837814331
11824240000000,149.387832642
11825310000000,145.815185547
11826410000000,142.058273315
11827510000000,137.987594604
11828550000000,133.747329712
11829570000000,129.641967773
11830570000000,127.087921143
11831610000000,125.882965088
11832580000000,123.762550354
11833610000000,121.846115112
11834660000000,119.572090149
11835580000000,116.953216553
11836550000000,114.346107483
11837460000000,111.207077026
11838400000000,107.580169678
11839370000000,103.202362061
11840290000000,97.7723312378
11841280000000,91.7535247803
11842240000000,84.1073379517
11843150000000,75.6133728027
11844040000000,67.0180206299
11844960000000,57.5391731262
11845930000000,48.0560836792
11846840000000,38.6851730347
11847880000000,30.5659275055
11848860000000,22.7508392334
11849770000000,16.4057788849
11850710000000,11.3841934204
11851660000000,7.13418483734
11852570000000,3.30964255333
11853500000000,0.325003743172
