11425010000000,124.025848389
11426180000000,120.027084351
11427250000000,112.214958191
11428340000000,102.965888977
11429430000000,97.3402786255
11430530000000,95.0617446899
11431620000000,82.7720031738
11432750000000,85.4457168579
11433790000000,93.6187515259
11434860000000,89.6191101074
11435910000000,33.4098320007
11436950000000,18.7916698456
11437960000000,13.2527580261
11439030000000,10.4598855972
11440000000000,9.09262752533
11441030000000,8.12899780273
11442000000000,7.4291768074
11443000000000,6.93304300308
11444070000000,6.52323722839
11445050000000,6.18542480469
11446060000000,5.93090677261
11447010000000,5.71384429932
11447960000000,5.53853845596
11448940000000,5.38859081268
11449860000000,5.25584888458
11450840000000,5.14658021927
11451780000000,5.04543828964
11452730000000,4.96039295197
