
21059860000000,172.623535156
21060670000000,172.602706909
21061450000000,172.580825806
21062170000000,172.553039551
21062910000000,172.525192261
21063650000000,172.493804932
21064360000000,172.459609985
21065070000000,172.423400879
21065750000000,172.383773804
21066480000000,172.344177246
21067200000000,168.675765991
21067860000000,168.706207275
21068590000000,168.720748901
21069270000000,168.620758057
21069920000000,168.056686401
21070620000000,167.584136963
21071290000000,160.089935303
21071920000000,160.241531372
21072560000000,159.851257324
21073240000000,159.383071899
21073940000000,158.773681641
21074590000000,158.188293457
21075240000000,157.458251953
21075920000000,156.595169067
21076550000000,155.503540039
21077200000000,154.243896484
21077820000000,152.624191284
21078430000000,150.648345947
21079040000000,155.906219482
21079680000000,173.660827637
21080330000000,174.056884766
21080950000000,178.468399048
21081610000000,169.604278564
21082260000000,159.143112183
21082880000000,148.052856445
21083500000000,139.571289062
21084110000000,128.961334229
21084710000000,119.369911194
21085340000000,110.660308838
21085940000000,103.242385864
21086570000000,96.6558532715
21087180000000,90.681427002
21087780000000,85.8145675659
21088410000000,81.4885864258
21089030000000,77.827331543
21089630000000,74.6932907104
21090230000000,72.1058807373
21090850000000,69.9821090698
21091460000000,67.865562439
21092060000000,66.7713928223
21092720000000,65.1132965088
21093340000000,62.078125
21093950000000,59.2456436157
21094580000000,56.8543014526
21095190000000,54.4025039673
21095800000000,52.3543395996
