
20959980000000,153.206619263
20960750000000,149.981323242
20961510000000,148.9921875
20962310000000,147.683059692
20963080000000,146.305862427
20963850000000,144.66784668
20964590000000,143.111938477
20965380000000,141.341003418
20966080000000,139.319122314
20966780000000,137.567443848
20967480000000,135.556930542
20968160000000,133.403320312
20968880000000,131.36895752
20969570000000,128.867141724
20970280000000,126.263336182
20970950000000,123.469436646
20971610000000,120.737281799
20972330000000,117.72518158
20972980000000,114.232681274
20973650000000,110.825683594
20974340000000,107.369445801
20975020000000,103.53289032
20975700000000,99.4595336914
20976360000000,95.5915527344
20977000000000,91.5352554321
20977630000000,87.7615585327
20978270000000,83.8472213745
20978900000000,79.7627716064
20979540000000,76.388420105
20980170000000,72.8343734741
20980800000000,69.4135894775
20981410000000,63.3738441467
20982070000000,53.9228973389
20982720000000,44.4942817688
20983320000000,5.15249538422
20983940000000,-14.7254629135
20984550000000,-1.11199355125
20985160000000,2.94461011887
20985780000000,17.3366394043
20986380000000,33.8216209412
20987010000000,32.2304191589
20987590000000,30.7169094086
20988180000000,29.013261795
20988820000000,27.6761379242
20989460000000,25.509016037
20990070000000,21.4688873291
20990670000000,17.7428207397
20991290000000,6.95882797241
20991970000000,2.81054496765
20992590000000,2.03004574776
20993190000000,-0.0229874774814
20993830000000,16.3956508636
20994470000000,74.8172302246
20995110000000,156.587768555
20995740000000,117.318099976
20996360000000,64.6402359009
20996950000000,49.1160011292
20997570000000,49.1411056519
20998230000000,49.2971954346
20998910000000,49.3894271851
20999550000000,49.5083656311
21000170000000,49.6754226685
21000770000000,49.7864074707
21001380000000,49.9291114807
21006760000000,50.1141967773
21007370000000,52.5503005981
21007990000000,52.9968719482
21008590000000,53.6134147644
21009200000000,54.1332511902
21009830000000,55.0438766479
21010420000000,55.9923439026
21011040000000,57.1653709412
21011740000000,58.672039032
21012410000000,60.948600769
21013060000000,63.9824028015
