11345440000000,126.411201477
11346580000000,124.91318512
11347720000000,117.804962158
11348890000000,113.035713196
11349990000000,107.705848694
11351100000000,100.857414246
11352210000000,97.2488861084
11353300000000,90.8445358276
11354390000000,118.087493896
11355500000000,96.3437194824
11356590000000,68.3491439819
11357610000000,54.2174491882
11358660000000,49.7653617859
11359730000000,49.6621513367
11360800000000,49.3091468811
11361870000000,49.136341095
11362940000000,49.0052375793
11363990000000,51.4358100891
11365010000000,51.3310813904
11366050000000,51.235912323
11367080000000,51.1620635986
11368120000000,51.0874214172
11369140000000,51.0112762451
11370190000000,50.993347168
11371210000000,50.3925056458
11372260000000,50.3603744507
11373280000000,50.3704376221
