
10787860000000,177.786621094
10788910000000,177.786636353
10789910000000,177.786636353
10790980000000,179.501022339
10791990000000,173.635467529
10793030000000,173.746658325
10794010000000,174.200759888
10795040000000,175.388702393
10796050000000,176.893234253
10797090000000,175.871078491
10798050000000,159.303146362
10799020000000,165.699432373
10799990000000,167.925994873
10800920000000,167.267608643
10801880000000,166.776123047
10802810000000,166.049087524
10803750000000,163.512237549
10804710000000,142.292633057
10805640000000,140.797561646
10806560000000,126.421798706
10807480000000,107.273979187
10808420000000,85.279914856
10809270000000,80.4358978271
10810210000000,77.443145752
10811180000000,74.0885162354
10812130000000,70.5063323975
10813060000000,78.361541748
10813980000000,152.346328735
10814920000000,141.464126587
10815820000000,143.355667114
10816780000000,145.896911621
10817600000000,149.828277588
10818520000000,153.301727295
10819370000000,157.501480103
10820330000000,161.229187012
10821220000000,165.470306396
10822160000000,169.10345459
10823140000000,173.195709229
10824110000000,177.199920654
10825000000000,179.05090332
10825980000000,175.855773926
10826980000000,172.817077637
