11075480000000,146.953079224
11076610000000,159.815856934
11077740000000,172.218017578
11078870000000,149.163635254
11080000000000,149.675506592
11081130000000,150.168319702
11082200000000,150.737991333
11083290000000,151.339248657
11084380000000,151.627044678
11085470000000,151.936325073
11086550000000,152.350708008
11087580000000,152.90284729
11088630000000,153.578613281
11089720000000,154.459274292
11090770000000,155.706878662
11091830000000,157.482086182
11092860000000,160.263748169
11093910000000,164.913635254
11094960000000,113.623641968
11095990000000,133.435928345
11096950000000,144.824890137
11097920000000,76.7841796875
11098910000000,26.5892162323
11099890000000,13.5806236267
11100810000000,8.3632774353
11101780000000,4.89458560944
11102720000000,3.72351932526
11103660000000,2.68369150162
11104590000000,1.3564953804
11105490000000,-1.65336227417
11106420000000,-6.80035686493
11107350000000,-7.48660469055
11108260000000,-8.16704654694
11109140000000,-8.71703624725
11110090000000,-7.70125389099
11111000000000,-7.76348590851
