11075480000000,128.044296265
11076610000000,120.283912659
11077740000000,111.221656799
11078870000000,101.960838318
11080000000000,93.7472381592
11081120000000,86.7648391724
11082200000000,80.868888855
11083290000000,76.3127975464
11084380000000,72.0122680664
11085470000000,68.3370513916
11086550000000,65.1802520752
11087580000000,62.5335121155
11088630000000,60.3308639526
11089720000000,58.4046897888
11090770000000,56.6495475769
11091830000000,55.1305084229
11092860000000,53.7802391052
11093910000000,52.8633804321
11094960000000,52.4978713989
11095990000000,50.3140106201
11096950000000,47.8374214172
11097920000000,46.4122543335
11098910000000,44.717376709
11099890000000,42.8896331787
11100810000000,41.1496047974
11101780000000,39.5407447815
11102720000000,37.9760704041
11103660000000,36.57056427
11104590000000,35.1899719238
11105490000000,33.9410591125
11106420000000,32.9190216064
11107350000000,31.589384079
11108260000000,30.2136459351
11109140000000,28.9219894409
11110090000000,27.9086322784
11111000000000,26.8531131744
