10880940000000,173.031723022
10882040000000,172.293060303
10883170000000,171.468856812
10884300000000,170.910171509
10885400000000,170.569580078
10886530000000,170.216400146
10887600000000,170.003356934
10888640000000,165.745956421
10889660000000,162.690582275
10890670000000,160.144454956
10891720000000,164.508377075
10892720000000,164.254974365
10893720000000,163.960250854
10894710000000,163.612289429
10895690000000,163.183105469
10896670000000,162.679336548
10897640000000,162.021316528
10898590000000,161.178100586
10899570000000,160.091217041
10900480000000,158.147888184
10901410000000,150.661315918
10902360000000,146.430221558
10903320000000,134.997634888
10904270000000,133.872131348
10905190000000,102.878952026
10906120000000,148.000183105
10907050000000,169.717147827
10908000000000,178.908966064
10908960000000,166.966079712
10909920000000,154.610809326
10910870000000,146.21685791
10911800000000,138.143463135
10912730000000,132.139022827
10913690000000,127.929481506
10914640000000,124.633171082
10915630000000,122.019058228
10916580000000,120.039047241
10917550000000,118.469726562
10918510000000,117.332038879
10919480000000,116.405410767
