11812220000000,173.82649231
11813380000000,173.549194336
11814480000000,173.030731201
11815570000000,171.964385986
11816640000000,170.882843018
11817740000000,169.656677246
11818850000000,168.331588745
11819970000000,166.935272217
11821050000000,165.473495483
11822110000000,163.892608643
11823180000000,162.222686768
11824240000000,160.47744751
11825310000000,158.689819336
11826410000000,156.820556641
11827510000000,154.791549683
11828550000000,152.660247803
11829570000000,150.56161499
11830570000000,149.174926758
11831610000000,148.586257935
11832580000000,148.065261841
11833610000000,147.971710205
11834660000000,147.89616394
11835580000000,146.852127075
11836550000000,146.818481445
11837460000000,146.791824341
11838400000000,146.761810303
11839370000000,146.72946167
11840290000000,146.656784058
11841280000000,146.642410278
11842240000000,146.602157593
11843150000000,146.603652954
11844040000000,146.509643555
11844960000000,146.372436523
11845930000000,146.366333008
11846840000000,146.272369385
11847880000000,146.130111694
11848860000000,145.97819519
11849770000000,145.797149658
11850710000000,145.584838867
11851660000000,145.218688965
11852570000000,144.675567627
11853500000000,143.822250366
