
11191390000000,146.523651123
11192450000000,146.514633179
11193480000000,146.514450073
11194580000000,145.786849976
11195600000000,135.223861694
11196700000000,69.8376693726
11197680000000,-22.8558082581
11198710000000,2.89377403259
11199660000000,-0.243981614709
11200670000000,0.0173173360527
11201640000000,101.944633484
11202630000000,164.142349243
11203660000000,160.257797241
11204670000000,162.86819458
11205660000000,166.275543213
11206690000000,166.405258179
11207680000000,166.579650879
11208690000000,166.911483765
11209610000000,167.127563477
11210580000000,174.448989868
11211550000000,176.891235352
11212530000000,177.910995483
11213430000000,178.827331543
11214410000000,164.948120117
11215310000000,160.607437134
11216270000000,159.586776733
11217220000000,157.561676025
11218180000000,153.014297485
11219060000000,150.645553589
11220010000000,148.846328735
11221020000000,145.454864502
11221960000000,141.160308838
11222870000000,127.700790405
11223750000000,122.577476501
11224640000000,117.6300354
11225580000000,103.972358704
11226500000000,99.9637832642
11227370000000,95.5680923462
11228290000000,90.9923477173
11229180000000,86.1546020508
11230090000000,81.1159896851
11231020000000,75.9729309082
11231950000000,70.5448913574
11232860000000,65.3706817627
11233670000000,49.5227622986
11234580000000,49.5524139404
11235480000000,49.554599762
