10768740000000,174.005386353
10769870000000,173.665283203
10771020000000,173.216339111
10772140000000,172.466308594
10773220000000,171.089904785
10774310000000,169.688018799
10775390000000,168.148040771
10776460000000,166.446533203
10777500000000,164.560760498
10778560000000,162.546203613
10779600000000,160.314056396
10780610000000,157.77507019
10781670000000,155.108001709
10782710000000,152.087631226
10783750000000,148.858428955
10784740000000,145.043243408
10785700000000,141.02482605
10786680000000,136.83001709
10787670000000,132.21472168
10788660000000,127.08745575
10789620000000,121.31829834
10790610000000,115.666656494
10791550000000,109.456840515
10792500000000,103.36530304
10793450000000,96.8462753296
10794400000000,90.524017334
10795310000000,84.2536468506
10796280000000,78.6653213501
10797160000000,72.9906158447
10798090000000,68.3039169312
10798990000000,63.8347053528
10799880000000,59.961353302
10800770000000,56.3092460632
10801690000000,53.6145858765
10802630000000,55.334728241
10803520000000,58.6922225952
10804460000000,61.4409255981
10805380000000,62.9722175598
10806300000000,62.7757492065
10807230000000,58.8608398438
10808190000000,53.7758674622
10809090000000,49.1615791321
10810020000000,44.2343978882
10810920000000,39.3823127747
10811810000000,32.9189910889
10812770000000,26.1348838806
10813680000000,20.5380954742
10814640000000,15.7718391418
10815570000000,11.4336643219
10816530000000,7.60499620438
10817480000000,3.73089003563
