
21159370000000,162.165588379
21160160000000,162.211715698
21160890000000,175.019470215
21161620000000,167.343704224
21162390000000,167.709579468
21163170000000,168.142471313
21163890000000,168.598068237
21164650000000,169.04309082
21165360000000,169.536117554
21166120000000,169.932067871
21166840000000,170.641235352
21167540000000,171.347213745
21168260000000,172.068969727
21169000000000,172.8490448
21169720000000,173.693878174
21170400000000,174.559509277
21171120000000,175.42124939
21171820000000,176.382797241
21172530000000,177.369628906
21173260000000,178.442062378
21173980000000,179.577026367
21174670000000,179.33152771
21175400000000,178.969039917
21176070000000,178.926132202
21176750000000,178.786911011
21177430000000,178.683914185
21178110000000,178.618362427
21178760000000,178.547103882
21179390000000,178.474334717
21180060000000,178.39465332
21180690000000,178.305328369
21181360000000,178.210067749
21182030000000,178.101959229
21182660000000,177.978530884
21183330000000,177.853057861
21183970000000,177.699264526
21184600000000,177.536117554
21185240000000,177.362380981
21185840000000,177.154296875
21186480000000,176.935516357
21187120000000,176.665634155
21187730000000,176.349060059
21188350000000,176.001708984
21188970000000,176.334793091
21189610000000,176.169204712
21190220000000,175.909942627
21190870000000,175.581680298
21191580000000,175.098220825
