
21248110000000,173.337203979
21248860000000,173.282485962
21249620000000,173.198577881
21250370000000,173.11076355
21251110000000,173.021499634
21251820000000,172.929397583
21252550000000,172.837722778
21253280000000,172.734710693
21254020000000,172.626785278
21254700000000,172.51335144
21255400000000,172.404663086
21256110000000,172.28767395
21256800000000,172.164031982
21257490000000,172.034194946
21258180000000,171.900985718
21258890000000,171.756286621
21259590000000,171.603027344
21260250000000,171.469345093
21260910000000,171.344177246
21261550000000,146.04598999
21262230000000,148.535736084
21262910000000,154.296844482
21263550000000,157.305801392
21264250000000,158.065368652
21264920000000,157.120788574
21265550000000,155.87310791
21266200000000,154.12487793
21266820000000,152.916778564
21267450000000,152.153549194
21268060000000,104.674880981
21268710000000,46.9965286255
21269330000000,-25.7695331573
21269940000000,-97.499710083
21270570000000,-161.628829956
21271230000000,-162.907836914
21271880000000,-163.378936768
21272570000000,-163.767196655
21273200000000,-164.154602051
21273840000000,-160.094268799
21274510000000,-160.597854614
21275170000000,-160.990570068
21275810000000,-161.341384888
21276490000000,-158.057495117
21277130000000,-154.863647461
21277800000000,-146.489425659
21278520000000,-137.36076355
21279160000000,-137.922088623
21279860000000,-133.112533569
21280530000000,-130.943862915
21281230000000,-128.518936157
21281930000000,-126.909492493
21282640000000,-125.595191956
21283320000000,-124.289489746
21284030000000,-124.869117737
