11075480000000,174.413299561
11076610000000,173.33821106
11077740000000,171.742401123
11078870000000,170.351165771
11080000000000,168.071929932
11081130000000,165.676116943
11082200000000,163.066314697
11083290000000,160.484176636
11084380000000,157.841247559
11085460000000,155.023834229
11086550000000,151.955703735
11087580000000,148.716018677
11088630000000,145.417770386
11089720000000,141.947006226
11090770000000,138.177276611
11091830000000,134.333938599
11092860000000,130.375076294
11093910000000,126.969154358
11094960000000,125.004333496
11095990000000,123.013404846
11096950000000,119.879844666
11097920000000,116.601890564
11098910000000,113.241897583
11099890000000,109.461006165
11100810000000,105.438232422
11101780000000,101.317443848
11102720000000,96.8615722656
11103660000000,92.5116424561
11104590000000,87.9147644043
11105490000000,83.5244445801
11106420000000,79.7074813843
11107350000000,75.5810012817
11108260000000,71.1737976074
11109140000000,66.8735733032
11110090000000,63.0790405273
11111000000000,59.0529975891
