
20959980000000,120.640075684
20960750000000,117.516403198
20961510000000,111.528823853
20962310000000,104.928413391
20963080000000,97.5222167969
20963850000000,90.0817337036
20964590000000,82.7660980225
20965380000000,75.8375549316
20966080000000,68.7713470459
20966780000000,63.1000137329
20967480000000,57.8955879211
20968160000000,53.2319984436
20968880000000,49.1927604675
20969570000000,45.3563575745
20970280000000,42.1389770508
20970950000000,39.1104240417
20971610000000,36.6292457581
20972330000000,34.4127464294
20972980000000,32.2331314087
20973650000000,30.4293632507
20974340000000,28.808265686
20975020000000,27.2481784821
20975700000000,25.8593330383
20976360000000,24.5980091095
20977000000000,23.4691028595
20977630000000,22.4929847717
20978270000000,21.5578289032
20978900000000,20.6894760132
20979540000000,19.8990077972
20980170000000,19.1510505676
20980800000000,18.4745464325
20981410000000,17.8532810211
20982070000000,17.1944198608
20982720000000,16.5043582916
20983320000000,16.0319862366
20983940000000,14.9197797775
20984550000000,13.9949159622
20985160000000,13.0329551697
20985780000000,12.1766204834
20986380000000,11.3081483841
20987010000000,10.7148008347
20987590000000,10.1633281708
20988180000000,9.66575241089
20988820000000,9.18148517609
20989460000000,8.6896686554
20990070000000,8.21306419373
20990670000000,7.78649044037
20991290000000,7.31299495697
20991970000000,6.75732946396
20992590000000,6.1056804657
20993190000000,5.54285383224
20993830000000,5.29125356674
20994470000000,27.561914444
20995110000000,109.314041138
20995740000000,164.743942261
20996360000000,111.967857361
20996950000000,97.2248535156
20997570000000,98.0759353638
20998230000000,99.1386489868
20998910000000,100.225540161
20999550000000,101.353355408
21000170000000,102.55027771
21000770000000,103.645202637
21001380000000,104.725631714
21006760000000,105.959693909
21007370000000,117.35572052
21007990000000,118.720611572
21008590000000,120.22681427
21009200000000,121.529762268
21009830000000,123.140808105
21010420000000,124.629325867
21011040000000,126.124198914
21011740000000,127.655433655
21012410000000,129.398925781
21013060000000,131.068817139
