11179930000000,173.581573486
11181110000000,173.213348389
11182210000000,172.929046631
11183280000000,172.767044067
11184380000000,172.641479492
11185440000000,171.06300354
11186500000000,169.051773071
11187540000000,168.97052002
11188600000000,168.902557373
11189600000000,168.880996704
11190660000000,168.763580322
11191650000000,168.686752319
11192640000000,168.467666626
11193660000000,168.658309937
11194590000000,168.243408203
11195580000000,167.262207031
11196550000000,165.284957886
11197510000000,152.188980103
11198440000000,149.824737549
11199370000000,159.58203125
11200330000000,164.909423828
11201270000000,164.037445068
11202250000000,175.62071228
11203200000000,174.531463623
11204170000000,171.389648438
11205070000000,168.272781372
11206010000000,165.144378662
11206950000000,161.51574707
11207880000000,158.127105713
11208810000000,154.383773804
11209730000000,150.725463867
11210630000000,146.375427246
11211570000000,142.164459229
11212520000000,137.581604004
11213490000000,132.939025879
11214390000000,128.3046875
11215350000000,124.336585999
11216290000000,119.811233521
