
21159370000000,173.272613525
21160160000000,173.241744995
21160890000000,173.186523438
21161620000000,173.174697876
21162390000000,172.462295532
21163170000000,171.64074707
21163890000000,170.785842896
21164650000000,169.96055603
21165360000000,169.057327271
21166120000000,168.290435791
21166840000000,167.212005615
21167540000000,166.156707764
21168260000000,165.096313477
21169000000000,163.971160889
21169720000000,162.77722168
21170400000000,161.579345703
21171120000000,160.412689209
21171820000000,159.140609741
21172530000000,157.867126465
21173260000000,156.519088745
21173980000000,155.132232666
21174670000000,153.923110962
21175400000000,153.174621582
21176070000000,152.515228271
21176750000000,151.718093872
21177430000000,150.908584595
21178110000000,150.064605713
21178760000000,149.175491333
21179390000000,148.294998169
21180060000000,147.368301392
21180690000000,146.361557007
21181360000000,145.332641602
21182030000000,144.213256836
21182660000000,142.993743896
21183330000000,141.818832397
21183970000000,140.456695557
21184600000000,139.100006104
21185240000000,137.715621948
21185840000000,136.205200195
21186480000000,134.731292725
21187120000000,133.0728302
21187730000000,131.320663452
21188350000000,129.559265137
21188970000000,128.251571655
21189610000000,126.333251953
21190220000000,124.238616943
21190870000000,122.161911011
21191580000000,119.758476257
