
20959980000000,172.134353638
20960750000000,172.017044067
20961510000000,171.76385498
20962310000000,171.491958618
20963080000000,171.1875
20963850000000,170.869766235
20964590000000,170.536819458
20965380000000,170.18661499
20966080000000,169.781356812
20966780000000,169.397186279
20967480000000,168.982772827
20968160000000,168.53477478
20968880000000,168.062103271
20969570000000,167.509750366
20970280000000,166.940368652
20970950000000,166.277587891
20971610000000,165.602233887
20972330000000,164.859359741
20972980000000,163.951171875
20973650000000,163.016021729
20974340000000,161.970046997
20975020000000,160.711715698
20975700000000,159.30128479
20976360000000,157.677597046
20977000000000,155.836029053
20977630000000,153.82824707
20978270000000,151.39263916
20978900000000,148.4974823
20979540000000,145.078552246
20980170000000,140.888778687
20980800000000,135.906188965
20981410000000,129.827362061
20982070000000,123.542411804
20982720000000,116.020683289
20983320000000,107.219841003
20983940000000,99.4908599854
20984550000000,93.410484314
20985160000000,82.1646347046
20985780000000,66.4401931763
20986380000000,50.6118202209
20987010000000,37.9617042542
20987590000000,28.7755222321
20988180000000,22.4604740143
20988820000000,17.6437683105
20989460000000,13.7572240829
20990070000000,10.7281227112
20990670000000,8.46413612366
20991290000000,6.30653953552
20991970000000,4.08133125305
20992590000000,1.78951692581
20993190000000,0.0413561761379
20993830000000,-0.741302967072
20994470000000,32.883354187
20995110000000,115.782211304
20995740000000,158.339889526
20996360000000,104.942932129
20996950000000,91.3646469116
20997570000000,94.5160827637
20998230000000,98.4249572754
20998910000000,103.01914978
20999550000000,108.125274658
21000170000000,113.805587769
21000770000000,119.522911072
21001380000000,125.238441467
21006760000000,131.805267334
21007370000000,177.942703247
21007990000000,178.853271484
21008590000000,175.822982788
21009200000000,173.369689941
21009830000000,170.862701416
21010420000000,168.746582031
21011040000000,166.861572266
21011740000000,165.129516602
21012410000000,163.37272644
21013060000000,161.86869812
