11499260000000,122.045890808
11500430000000,120.045890808
11501570000000,110.657653809
11502680000000,99.5944061279
11503750000000,87.3652191162
11504850000000,75.3489151001
11505900000000,63.9387931824
11506950000000,54.251411438
11508000000000,45.7453117371
11509030000000,38.6126174927
11510070000000,33.0169677734
11511090000000,28.3574409485
11512100000000,24.6606121063
11513100000000,21.4595012665
11514080000000,18.8796539307
11515090000000,16.718454361
11516070000000,14.8225355148
11517000000000,13.2139434814
11517920000000,11.8595495224
11518890000000,10.6899442673
11519810000000,9.618932724
11520740000000,8.65851783752
11521660000000,7.80584335327
11522590000000,23.9517421722
11523540000000,108.849960327
11524460000000,148.317611694
11525410000000,174.514953613
11526360000000,164.207550049
11527320000000,163.577957153
11528240000000,163.489929199
11529150000000,163.60357666
11530120000000,166.113647461
11531070000000,168.841888428
11532030000000,171.407119751
11532990000000,174.065490723
11533920000000,176.643325806
11534910000000,179.127929688
