
11191390000000,121.506469727
11192450000000,121.508659363
11193480000000,121.510108948
11194580000000,119.660469055
11195590000000,110.8699646
11196700000000,105.267936707
11197680000000,62.8922691345
11198710000000,83.3042526245
11199660000000,72.3671646118
11200670000000,69.5738525391
11201640000000,137.664855957
11202630000000,133.155593872
11203660000000,96.5849151611
11204670000000,65.449760437
11205660000000,49.9104766846
11206690000000,41.175567627
11207680000000,35.8632164001
11208690000000,32.4659233093
11209610000000,30.0535240173
11210580000000,28.128074646
11211550000000,26.3712940216
11212530000000,24.8943462372
11213430000000,23.6317901611
11214410000000,22.6450023651
11215310000000,21.0631580353
11216270000000,19.7575683594
11217220000000,18.4815406799
11218180000000,17.3361530304
11219060000000,16.2866687775
11220000000000,15.4424152374
11221020000000,14.5355472565
11221960000000,13.6618394852
11222870000000,12.7059469223
11223750000000,11.7469911575
11224640000000,10.8619632721
11225580000000,9.91433238983
11226500000000,8.91852855682
11227370000000,8.01742172241
11228290000000,7.23323440552
11229180000000,6.45266151428
11230090000000,5.74148893356
11231020000000,5.08967208862
11231950000000,4.42226314545
11232860000000,3.82397270203
11233670000000,3.65362238884
11234580000000,3.6537129879
11235480000000,3.65375232697
