11812220000000,146.437515259
11813380000000,159.787063599
11814480000000,156.768783569
11815570000000,157.459182739
11816640000000,155.135421753
11817740000000,151.764648438
11818850000000,151.910400391
11819970000000,152.190109253
11821050000000,151.097915649
11822110000000,144.737319946
11823190000000,144.758148193
11824240000000,144.7862854
11825310000000,144.827026367
11826410000000,144.878005981
11827510000000,144.980484009
11828560000000,145.118759155
11829570000000,145.340209961
11830570000000,175.812927246
11831610000000,118.780960083
11832580000000,67.3161087036
11833610000000,39.7556838989
11834660000000,16.6782302856
11835580000000,0.760692298412
11836550000000,-6.17905282974
11837460000000,-10.9749288559
11838400000000,-14.3046979904
11839370000000,-16.8157672882
11840290000000,-18.8377838135
11841280000000,-20.2741603851
11842240000000,-21.5379447937
11843150000000,-22.4887142181
11844040000000,-23.3003501892
11844960000000,-24.0602474213
11845930000000,-24.5790271759
11846840000000,-25.1182155609
11847880000000,-25.597492218
11848860000000,-26.0295639038
11849780000000,-26.3868408203
11850710000000,-26.6621494293
11851660000000,-26.9623203278
11852570000000,-27.2223014832
11853500000000,-27.4609241486
