11425010000000,172.992507935
11426180000000,172.954299927
11427250000000,142.073684692
11428340000000,132.202148438
11429430000000,75.5623168945
11430530000000,38.7018623352
11431620000000,2.29720640182
11432750000000,5.43240833282
11433790000000,63.6367721558
11434860000000,157.570159912
11435910000000,178.699935913
11436950000000,178.712234497
11437960000000,178.727645874
11439030000000,178.746383667
11440000000000,178.830886841
11441030000000,178.905090332
11442000000000,178.988174438
11443000000000,179.072937012
11444070000000,179.171234131
11445050000000,179.282943726
11446060000000,179.396057129
11447010000000,179.522415161
11447960000000,179.655990601
11448940000000,179.804321289
11449860000000,179.972595215
11450840000000,179.852386475
11451780000000,179.642745972
11452730000000,179.417984009
