11425010000000,172.480987549
11426180000000,172.409439087
11427250000000,142.498855591
11428340000000,132.20135498
11429430000000,75.3639755249
11430530000000,37.7032279968
11431620000000,0.274077355862
11432750000000,2.28084778786
11433790000000,59.7469749451
11434860000000,153.133834839
11435910000000,177.464752197
11436950000000,177.097763062
11437960000000,176.828048706
11439030000000,178.348312378
11440000000000,179.294799805
11441030000000,179.047286987
11442000000000,178.754196167
11443000000000,178.471160889
11444070000000,178.086257935
11445050000000,177.56388855
11446060000000,177.06652832
11447010000000,176.324371338
11447960000000,175.503875732
11448940000000,174.366546631
11449860000000,172.907867432
11450840000000,170.948471069
11451780000000,167.903076172
11452730000000,163.188079834
