11179930000000,173.369857788
11181110000000,172.781723022
11182210000000,172.30418396
11183280000000,172.007797241
11184380000000,171.757339478
11185440000000,171.573989868
11186500000000,170.07522583
11187540000000,170.010147095
11188600000000,169.955627441
11189600000000,169.944885254
11190660000000,169.835571289
11191650000000,169.759460449
11192640000000,169.529434204
11193660000000,169.699310303
11194590000000,169.249465942
11195580000000,168.190719604
11196550000000,166.031616211
11197510000000,152.635864258
11198440000000,148.773956299
11199370000000,156.833755493
11200330000000,159.842773438
11201270000000,155.323944092
11202250000000,174.768188477
11203200000000,178.714279175
11204170000000,148.415679932
11205070000000,114.058486938
11206010000000,88.7227859497
11206950000000,74.2800064087
11207880000000,66.9759521484
11208810000000,65.0981369019
11209730000000,62.2118721008
11210630000000,59.2736358643
11211570000000,57.3557853699
11212510000000,55.930065155
11213490000000,54.862361908
11214390000000,54.0663070679
11215350000000,52.5103187561
11216290000000,50.660861969
