11499260000000,173.541275024
11500430000000,172.910995483
11501570000000,172.937896729
11502680000000,172.963027954
11503750000000,172.944549561
11504850000000,172.624420166
11505900000000,169.541061401
11506950000000,169.540969849
11508000000000,169.358978271
11509030000000,169.207672119
11510080000000,169.050598145
11511090000000,168.787384033
11512100000000,168.534667969
11513100000000,168.227706909
11514080000000,167.977905273
11515090000000,167.569763184
11516070000000,167.117141724
11517000000000,166.493240356
11517920000000,165.697814941
11518890000000,164.782272339
11519810000000,163.332458496
11520740000000,161.035766602
11521660000000,157.123947144
11522590000000,170.90536499
11523540000000,175.501327515
11524460000000,153.318511963
11525410000000,135.390228271
11526360000000,125.513504028
11527320000000,121.154029846
11528240000000,118.753105164
11529150000000,117.362266541
11530120000000,116.501525879
11531070000000,115.781288147
11532030000000,115.252288818
11532990000000,114.793708801
11533920000000,114.428001404
11534910000000,114.122596741
