
10626010000000,160.37562561
10627130000000,160.375457764
10628210000000,168.932678223
10629330000000,167.825408936
10630420000000,166.241119385
10631520000000,164.480361938
10632570000000,162.537750244
10633660000000,160.385864258
10634700000000,157.716293335
10635770000000,154.833786011
10636830000000,151.369308472
10637820000000,147.323989868
10638820000000,142.893218994
10639880000000,137.764953613
10640860000000,131.319747925
10641850000000,124.563148499
10642820000000,117.202926636
10643740000000,109.052696228
10644700000000,101.107429504
10645700000000,92.7769012451
10646640000000,90.0696182251
10647610000000,82.613319397
10648560000000,75.6995544434
10649490000000,69.5361557007
10650400000000,64.3829269409
10651330000000,59.9244270325
10652260000000,55.9982910156
10653200000000,52.5077781677
10654110000000,49.5253448486
10655020000000,46.9314346313
10655920000000,44.6694946289
10656830000000,42.6803970337
10657750000000,51.800239563
10658660000000,167.906982422
10659570000000,72.0189361572
10660470000000,-16.7569408417
10661350000000,-18.860584259
10662270000000,-21.7906112671
10663200000000,-24.2166194916
10664090000000,-27.5523777008
10664950000000,-31.2948417664
10665820000000,-35.0357971191
10666720000000,-39.2591514587
10667630000000,-43.5183410645
10668500000000,-48.179649353
10669400000000,-53.0215797424
10670330000000,-58.2980041504
10671290000000,-63.8409385681
10672150000000,-69.6040878296
10673070000000,-74.5983810425
10674020000000,-80.0659866333
10674950000000,-85.3014602661
10675880000000,-90.2215118408
10676800000000,-94.7957611084
10677700000000,-98.9195861816
10678640000000,-102.619804382
10679580000000,-106.148445129
10680510000000,-109.34413147
10681480000000,-112.182189941
10682420000000,-114.812995911
10683380000000,-117.170341492
10684360000000,-119.543815613
10685390000000,-121.752479553
10686330000000,-123.859230042
10687320000000,-125.565757751
10688320000000,-127.227676392
10689330000000,-127.685935974
