
21320870000000,174.227218628
21321620000000,174.270492554
21322360000000,174.252868652
21323110000000,174.234985352
21323810000000,174.185974121
21324540000000,174.425079346
21325290000000,174.124343872
21326010000000,172.913208008
21326770000000,171.71446228
21327500000000,170.776901245
21328270000000,169.674728394
21328980000000,168.478240967
21329730000000,167.320007324
21330460000000,166.127105713
21331220000000,164.97277832
21331920000000,163.686248779
21332690000000,162.47958374
21333420000000,161.150802612
21334110000000,159.881546021
21334810000000,158.732833862
21335570000000,157.409927368
21336310000000,156.175003052
21337020000000,154.97064209
21337760000000,154.119491577
21338490000000,153.151153564
21343710000000,151.855712891
21344430000000,-47.6263313293
21345160000000,-49.1109046936
21345860000000,-50.5764122009
21346560000000,-51.9963989258
21347250000000,-53.3558044434
21347970000000,-54.6664237976
21348680000000,-56.0208435059
21349390000000,-57.3588676453
21350120000000,-58.6413040161
21350840000000,-59.9702720642
21351560000000,-61.2462997437
21352270000000,-62.4947776794
21352970000000,-63.6461715698
21353670000000,-64.790977478
21354360000000,-65.8966598511
21355090000000,-67.0570373535
21355790000000,-68.189239502
21356490000000,-69.2221832275
21357210000000,-24.4418563843
21357900000000,-25.9715480804
21358630000000,-31.3229541779
