10976620000000,122.402915955
10977720000000,113.73374939
10978850000000,103.92225647
10979980000000,93.6441497803
10981020000000,82.740737915
10982130000000,72.6844406128
10983180000000,62.7184371948
10984260000000,54.1626472473
10985300000000,46.3579177856
10986320000000,40.2737960815
10987380000000,35.0457000732
10988400000000,30.5688495636
10989400000000,27.0289726257
10990400000000,23.6620349884
10991390000000,20.9786376953
10992380000000,18.6647834778
10993350000000,16.6113071442
10994290000000,14.8787326813
10995220000000,13.378194809
10996160000000,12.0399360657
10997110000000,10.8407230377
10998060000000,9.77397060394
10999000000000,18.0758590698
10999940000000,102.881393433
11000880000000,39.8129425049
11001870000000,9.83917713165
11002760000000,9.23584842682
11003690000000,8.76666736603
11004620000000,8.31298828125
11005570000000,7.86992359161
11006490000000,7.27670478821
11007440000000,6.45487451553
11008390000000,5.77601480484
11009320000000,5.1844329834
11010250000000,4.65704917908
11011190000000,4.20455360413
11012130000000,3.77800345421
11013080000000,3.32599687576
