
21059860000000,173.103912354
21060670000000,173.094421387
21061450000000,173.091873169
21062170000000,173.086517334
21062910000000,173.081161499
21063650000000,173.075027466
21064360000000,173.068405151
21065070000000,173.061569214
21065750000000,173.053665161
21066480000000,173.046386719
21067200000000,167.993621826
21067860000000,168.045150757
21068590000000,168.083755493
21069270000000,168.014923096
21069920000000,167.486572266
21070620000000,167.065368652
21071290000000,159.741348267
21071920000000,160.085510254
21072560000000,159.917770386
21073240000000,159.715438843
21073940000000,159.448364258
21074590000000,159.296981812
21075240000000,159.054214478
21075920000000,158.7940979
21076550000000,158.536590576
21077200000000,158.223831177
21077820000000,157.909088135
21078430000000,157.561340332
21079040000000,164.282775879
21079680000000,177.04347229
21080330000000,176.907653809
21080950000000,175.021194458
21081610000000,173.015228271
21082260000000,170.870727539
21082880000000,168.697158813
21083500000000,167.171615601
21084110000000,165.087860107
21084710000000,163.041885376
21085340000000,160.893539429
21085940000000,158.662353516
21086570000000,156.490097046
21087180000000,154.165679932
21087780000000,152.035415649
21088410000000,149.62701416
21089030000000,147.20741272
21089630000000,144.668045044
21090230000000,142.22756958
21090850000000,139.823120117
21091460000000,137.314285278
21092060000000,135.500869751
21092720000000,133.368896484
21093340000000,131.008758545
21093950000000,128.566482544
21094580000000,126.203163147
21095190000000,123.449539185
21095800000000,120.798667908
