11499260000000,150.230041504
11500430000000,135.601364136
11501570000000,133.563934326
11502680000000,131.370193481
11503750000000,128.965209961
11504850000000,126.164230347
11505900000000,120.366134644
11506960000000,117.540397644
11508000000000,114.253814697
11509030000000,110.696456909
11510080000000,107.033111572
11511090000000,102.98122406
11512100000000,98.9039764404
11513100000000,94.4623031616
11514080000000,90.1424484253
11515090000000,85.7059860229
11516070000000,81.187461853
11517000000000,76.7221221924
11517930000000,72.4796905518
11518890000000,68.5439987183
11519810000000,64.5757751465
11520740000000,60.7166213989
11521660000000,57.0563621521
11522600000000,104.117660522
11523540000000,170.777709961
11524460000000,130.311981201
11525410000000,103.730239868
11526360000000,81.2553329468
11527320000000,78.6381835938
11528240000000,76.3926620483
11529150000000,74.3478851318
11530120000000,74.8505783081
11531070000000,75.5900039673
11532030000000,76.5736923218
11532990000000,78.0276260376
11533930000000,80.2118301392
11534910000000,83.772895813
