10768740000000,125.822570801
10769870000000,118.875740051
10771020000000,108.826576233
10772140000000,99.7049789429
10773220000000,89.2128601074
10774310000000,80.1839904785
10775390000000,72.2927780151
10776460000000,65.678565979
10777500000000,60.2027702332
10778560000000,55.8201141357
10779600000000,52.1570472717
10780610000000,49.0075798035
10781670000000,46.4815216064
10782710000000,44.1573181152
10783750000000,42.0604629517
10784740000000,40.0989875793
10785700000000,38.4554710388
10786680000000,37.0397453308
10787670000000,35.7676849365
10788660000000,34.5875282288
10789620000000,33.4625320435
10790610000000,32.5083503723
10791550000000,31.5318698883
10792500000000,30.5743656158
10793450000000,29.6368999481
10794400000000,28.7947940826
10795310000000,27.9976558685
10796280000000,27.3022727966
10797160000000,26.5965385437
10798090000000,26.0045261383
10798990000000,25.4239406586
10799880000000,24.9014644623
10800770000000,24.3871822357
10801690000000,23.9913787842
10802630000000,24.2419986725
10803520000000,26.663105011
10804460000000,25.0584526062
10805380000000,25.575302124
10806300000000,25.338558197
10807230000000,23.7359008789
10808190000000,21.9424304962
10809090000000,20.4303092957
10810020000000,18.5888786316
10810920000000,16.9470539093
10811810000000,15.0372457504
10812770000000,13.1035251617
10813680000000,11.5631694794
10814640000000,10.1997013092
10815570000000,8.87135601044
10816530000000,7.60581922531
10817480000000,6.2291097641
