11812220000000,165.211868286
11813380000000,179.822952271
11814480000000,167.510299683
11815570000000,168.055847168
11816640000000,168.622314453
11817740000000,169.346405029
11818850000000,170.127746582
11819970000000,170.968856812
11821050000000,171.86932373
11822110000000,172.981201172
11823190000000,174.165130615
11824240000000,175.441726685
11825310000000,176.794662476
11826410000000,178.26083374
11827510000000,179.921020508
11828550000000,178.257629395
11829570000000,176.377380371
11830570000000,174.990921021
11831610000000,158.335647583
11832580000000,124.710678101
11833610000000,122.841468811
11834660000000,119.565193176
11835580000000,114.751754761
11836550000000,112.739372253
11837450000000,110.434768677
11838400000000,107.897186279
11839370000000,104.989814758
11840290000000,101.53843689
11841280000000,97.9644088745
11842240000000,93.5886230469
11843150000000,88.8926315308
11844040000000,84.0296859741
11844960000000,78.4365081787
11845930000000,72.5485076904
11846840000000,65.9539031982
11847880000000,59.3770446777
11848860000000,52.0725746155
11849780000000,45.2178840637
11850710000000,39.1131782532
11851660000000,33.3606567383
11852570000000,27.7764053345
11853500000000,23.1170578003
