
11011060000000,174.178390503
11012100000000,174.178466797
11013210000000,174.158630371
11014260000000,173.812362671
11015280000000,92.8500137329
11016300000000,14.4069547653
11017360000000,14.5984563828
11018320000000,12.6922101974
11019320000000,18.7960453033
11020380000000,76.5649871826
11021440000000,179.670928955
11022450000000,179.424743652
11023490000000,178.856887817
11024480000000,178.507644653
11025430000000,178.313232422
11026400000000,178.156600952
11027380000000,177.979904175
11028360000000,177.787857056
11029340000000,177.583847046
11030290000000,177.395523071
11031210000000,177.223526001
11032150000000,177.049438477
11033110000000,176.958190918
11034060000000,176.34703064
11034940000000,176.789627075
11035880000000,176.11680603
11036770000000,175.568222046
11037740000000,175.629165649
11038690000000,175.597045898
11039620000000,175.663818359
11040560000000,165.499893188
