
10626010000000,109.89881897
10627130000000,109.897773743
10628210000000,107.613761902
10629330000000,96.7296676636
10630420000000,85.6208572388
10631520000000,75.721496582
10632570000000,67.3288116455
10633660000000,60.4086380005
10634700000000,54.4655685425
10635770000000,49.8149490356
10636830000000,45.8742294312
10637820000000,42.5761985779
10638820000000,39.9387321472
10639880000000,37.714466095
10640860000000,35.6045227051
10641850000000,33.9420509338
10642820000000,32.4996681213
10643740000000,31.2032241821
10644700000000,30.111366272
10645700000000,29.0827922821
10646640000000,28.2787742615
10647610000000,27.5651855469
10648560000000,26.9024543762
10649490000000,26.2970809937
10650400000000,25.7645168304
10651330000000,25.2743148804
10652260000000,24.8211364746
10653200000000,24.3919086456
10654110000000,24.0014266968
10655020000000,23.6378421783
10655920000000,23.2983341217
10656830000000,22.9866313934
10657750000000,22.7223129272
10658660000000,130.099822998
10659570000000,110.113578796
10660470000000,4.62223720551
10661350000000,22.0558204651
10662270000000,4.30544805527
10663200000000,19.294757843
10664090000000,21.4763298035
10664950000000,21.259262085
10665820000000,20.951921463
10666720000000,20.6613178253
10667630000000,20.5346832275
10668500000000,20.4584236145
10669400000000,20.4051361084
10670330000000,20.1949939728
10671290000000,19.9995861053
10672140000000,19.7968387604
10673070000000,19.612361908
10674020000000,19.3792457581
10674950000000,19.1162605286
10675880000000,18.8172969818
10676800000000,18.4766979218
10677700000000,18.0917110443
10678640000000,17.6524887085
10679580000000,17.1176719666
10680510000000,16.4776649475
10681470000000,15.7148923874
10682420000000,14.7481269836
10683380000000,13.9170379639
10684360000000,12.8800563812
10685390000000,11.3969173431
10686330000000,9.05627155304
10687320000000,5.26334095001
10688320000000,-2.71028852463
10689320000000,-8.30482769012
