21320870000000,135.86772224
21321620000000,137.0365448
21322360000000,135.633483887
21323100000000,134.173339844
21323810000000,148.973114014
21324540000000,141.21295166
21325290000000,140.732711792
21326010000000,141.980361938
21326770000000,143.095687866
21327500000000,143.79788208
21328270000000,144.666656494
21328980000000,145.387969971
21329730000000,146.140563965
21330460000000,146.976608276
21331220000000,147.841598511
21331920000000,148.65171814
21332690000000,149.496307373
21333420000000,150.539718628
21334110000000,151.667724609
21334810000000,152.674636841
21335570000000,154.042633057
21336310000000,155.404067993
21337020000000,156.735321045
21337760000000,156.477279663
21338490000000,156.214279175
21343710000000,157.430389404
21344430000000,-101.479896545
21345160000000,-104.037063599
21345860000000,-106.134872437
21346560000000,-107.857414246
21347250000000,-109.272506714
21347970000000,-110.465438843
21348680000000,-111.552131653
21349390000000,-112.505088806
21350120000000,-113.324653625
21350840000000,-114.090759277
21351560000000,-114.764335632
21352270000000,-115.36907196
21352970000000,-115.879623413
21353670000000,-116.342170715
21354360000000,-116.731712341
21355100000000,-117.184623718
21355790000000,-117.586372375
21356490000000,-117.901817322
21357210000000,-72.3163375854
21357900000000,-73.6700897217
21358630000000,-78.885345459
