
10626010000000,179.676849365
10627130000000,179.676879883
10628210000000,170.886367798
10629330000000,170.728271484
10630420000000,170.794799805
10631520000000,170.858291626
10632570000000,170.897262573
10633660000000,170.906433105
10634700000000,171.00428772
10635770000000,171.056259155
10636830000000,171.158966064
10637820000000,171.258514404
10638820000000,171.331542969
10639880000000,171.48890686
10640860000000,171.573379517
10641850000000,171.705474854
10642820000000,171.824859619
10643740000000,172.041412354
10644700000000,172.189224243
10645700000000,172.38923645
10646640000000,167.377700806
10647610000000,167.436599731
10648560000000,167.487960815
10649490000000,167.572631836
10650400000000,167.63671875
10651330000000,167.674346924
10652260000000,167.791351318
10653200000000,167.951950073
10654110000000,168.169067383
10655020000000,168.456375122
10655920000000,168.872970581
10656830000000,169.611328125
10657750000000,162.033294678
10658660000000,148.433441162
10659570000000,149.154785156
10660470000000,-154.907348633
10661350000000,-120.30770874
10662270000000,-151.149810791
10663200000000,-152.638839722
10664090000000,-153.320587158
10664950000000,-146.153671265
10665820000000,-149.328567505
10666720000000,-152.665542603
10667630000000,-152.983764648
10668500000000,-153.396743774
10669400000000,-153.789932251
10670330000000,-153.88243103
10671290000000,-154.025497437
10672140000000,-154.179397583
10673070000000,-154.311019897
10674020000000,-154.439193726
10674950000000,-154.552490234
10675880000000,-154.652069092
10676800000000,-154.741958618
10677700000000,-154.82043457
10678640000000,-154.888946533
10679580000000,-154.95664978
10680510000000,-155.017944336
10681470000000,-155.072555542
10682420000000,-155.124145508
10683380000000,-155.257598877
10684360000000,-155.425415039
10685390000000,-155.583999634
10686330000000,-155.74041748
10687320000000,-155.843292236
10688320000000,-155.937332153
10689330000000,-155.911178589
