
10888310000000,110.729034424
10889350000000,110.729904175
10890390000000,106.856452942
10891420000000,96.7151794434
10892530000000,87.7607574463
10893560000000,46.1240539551
10894590000000,44.7417068481
10895560000000,77.7259368896
10896610000000,74.237197876
10897660000000,132.135101318
10898700000000,160.119232178
10899730000000,110.331291199
10900710000000,84.4387359619
10901720000000,71.5341873169
10902720000000,64.997253418
10903670000000,61.2326393127
10904700000000,58.8988418579
10905720000000,57.0730323792
10906680000000,55.7636528015
10907690000000,54.8160438538
10908690000000,54.0308418274
10909700000000,53.3955192566
10910680000000,52.8571052551
10911660000000,52.4053726196
10912630000000,51.879119873
10913630000000,51.3250579834
10914650000000,50.844997406
10915590000000,50.3993339539
10916560000000,50.0395507812
10917550000000,49.717666626
10918540000000,49.6239013672
