
11191390000000,164.878326416
11192450000000,164.869186401
11193480000000,164.868911743
11194580000000,164.275726318
11195590000000,154.295181274
11196700000000,89.1998977661
11197680000000,-3.44489526749
11198710000000,22.3072299957
11199660000000,19.2386074066
11200670000000,19.5837192535
11201640000000,121.376335144
11202630000000,179.549301147
11203660000000,179.689346313
11204670000000,179.113632202
11205660000000,178.536468506
11206690000000,177.917053223
11207680000000,177.24055481
11208690000000,176.559204102
11209610000000,175.80557251
11210580000000,175.133575439
11211550000000,174.482681274
11212530000000,173.789794922
11213430000000,173.030944824
11214410000000,172.359771729
11215310000000,171.887695312
11216270000000,171.44468689
11217220000000,170.912109375
11218180000000,170.374786377
11219060000000,169.830825806
11220000000000,169.308456421
11221020000000,168.706634521
11221960000000,168.016281128
11222870000000,167.645812988
11223750000000,167.368041992
11224640000000,167.144439697
11225580000000,163.518493652
11226500000000,163.686065674
11227370000000,163.645675659
11228290000000,163.359176636
11229180000000,163.280700684
11230090000000,163.002166748
11231020000000,162.482437134
11231950000000,161.90864563
11232860000000,160.946975708
11233670000000,147.976608276
11234580000000,148.005065918
11235480000000,148.006378174
