11574980000000,128.433990479
11576140000000,122.276985168
11577240000000,113.955184937
11578330000000,103.718612671
11579420000000,92.1562728882
11580520000000,79.2701797485
11581540000000,66.6469039917
11582610000000,56.1344833374
11583670000000,46.8084335327
11584740000000,39.25207901
11585730000000,33.195224762
11586740000000,28.5719814301
11587740000000,24.7121429443
11588720000000,21.5909099579
11589720000000,19.0339565277
11590660000000,16.8287124634
11591610000000,15.0540561676
11592580000000,13.5401878357
11593520000000,12.1061067581
11594470000000,10.9465789795
11595450000000,9.87081432343
11596410000000,8.89412593842
11597310000000,8.03541851044
11598250000000,7.6445274353
11599180000000,42.2017021179
11600110000000,21.6878643036
11601030000000,16.7354335785
11601960000000,8.31222915649
11602870000000,7.98246765137
11603740000000,7.59578084946
11604680000000,7.20604562759
11605630000000,6.8472366333
11606540000000,6.31484889984
11607490000000,5.80677318573
11608460000000,5.26423454285
11609420000000,4.71467924118
11610380000000,4.14625453949
11611350000000,3.59961652756
11612290000000,3.06664943695
