
10768740000000,173.994720459
10769870000000,173.774551392
10771020000000,173.492523193
10772140000000,173.029327393
10773220000000,172.197921753
10774310000000,171.381546021
10775390000000,170.518096924
10776460000000,169.600708008
10777500000000,168.624816895
10778560000000,167.625427246
10779600000000,166.564743042
10780610000000,165.411193848
10781670000000,164.252456665
10782710000000,163.007797241
10783750000000,161.756515503
10784740000000,160.352554321
10785700000000,158.944152832
10786680000000,157.539886475
10787670000000,156.044326782
10788660000000,154.426361084
10789620000000,152.633987427
10790610000000,150.87727356
10791550000000,148.943954468
10792500000000,147.056503296
10793450000000,144.919754028
10794400000000,142.657775879
10795310000000,140.150497437
10796280000000,137.60597229
10797160000000,134.60647583
10798090000000,131.697952271
10798990000000,128.433822632
10799880000000,125.094795227
10800770000000,121.379516602
10801690000000,118.191215515
10802630000000,120.290931702
10803520000000,123.319618225
10804460000000,126.5835495
10805380000000,126.912757874
10806300000000,127.400794983
10807230000000,127.714836121
10808190000000,127.634223938
10809090000000,87.9611816406
10810020000000,86.1059570312
10810920000000,93.1050643921
10811810000000,115.627182007
10812770000000,132.257522583
10813680000000,132.988632202
10814640000000,131.743255615
10815570000000,129.74420166
10816530000000,128.040283203
10817480000000,124.517753601
