
21159370000000,172.884658813
21160160000000,172.831832886
21160890000000,172.730941772
21161620000000,172.699676514
21162390000000,171.539413452
21163170000000,170.173095703
21163890000000,168.718780518
21164650000000,167.283447266
21165360000000,165.677444458
21166120000000,164.277313232
21166840000000,162.311218262
21167540000000,160.352554321
21168260000000,158.352279663
21169000000000,156.197677612
21169720000000,153.87940979
21170400000000,151.525024414
21171120000000,149.209976196
21171820000000,146.667312622
21172530000000,144.109771729
21173260000000,141.397781372
21173980000000,138.612091064
21174670000000,136.268722534
21175400000000,134.494812012
21176070000000,132.621124268
21176750000000,130.411254883
21177430000000,128.087692261
21178110000000,125.580215454
21178760000000,122.906982422
21179390000000,120.236938477
21180060000000,117.414382935
21180690000000,114.346199036
21181360000000,111.225296021
21182030000000,107.865348816
21182660000000,104.268852234
21183330000000,100.887863159
21183970000000,97.0932159424
21184600000000,93.4667053223
21185240000000,89.9337005615
21185840000000,86.2921676636
21186480000000,82.951423645
21187120000000,79.4434814453
21187730000000,76.0160598755
21188350000000,72.8362579346
21188970000000,70.2282791138
21189610000000,67.116607666
21190220000000,64.0534057617
21190870000000,61.3071746826
21191580000000,58.4381904602
