
21320870000000,174.365158081
21321620000000,174.436325073
21322360000000,174.414260864
21323100000000,174.391311646
21323810000000,174.317382812
21324540000000,174.711578369
21325290000000,174.221481323
21326010000000,172.219772339
21326770000000,170.221817017
21327500000000,168.639648438
21328270000000,166.763076782
21328980000000,164.688262939
21329730000000,162.656509399
21330460000000,160.542953491
21331220000000,158.479446411
21331920000000,156.135650635
21332690000000,153.92036438
21333420000000,151.467422485
21334110000000,149.116668701
21334810000000,146.966888428
21335570000000,144.496368408
21336310000000,142.178482056
21337020000000,139.895492554
21337760000000,138.103485107
21338490000000,136.066375732
21343710000000,133.53213501
21344430000000,-31.9498100281
21345160000000,-34.6186294556
21345860000000,-37.2922554016
21346560000000,-39.9198722839
21347250000000,-42.4582519531
21347970000000,-44.909362793
21348680000000,-47.4566421509
21349390000000,-49.967628479
21350120000000,-52.3627471924
21350840000000,-54.8318443298
21351560000000,-57.1751785278
21352270000000,-59.4450454712
21352970000000,-61.5182647705
21353670000000,-63.5651397705
21354360000000,-65.5447540283
21355090000000,-67.5046386719
21355790000000,-69.4054794312
21356490000000,-71.137260437
21357210000000,-26.7864990234
21357900000000,-28.9603939056
21358630000000,-35.0530052185
