11345440000000,152.330200195
11346580000000,151.509429932
11347720000000,118.119346619
11348900000000,66.972984314
11349990000000,17.7168922424
11351100000000,-11.689663887
11352210000000,-16.7314758301
11353300000000,-22.9914665222
11354390000000,88.2158508301
11355500000000,155.5599823
11356590000000,173.780548096
11357610000000,161.009124756
11358660000000,147.59324646
11359730000000,132.333175659
11360800000000,132.401611328
11361870000000,132.448242188
11362940000000,132.495697021
11363990000000,132.703033447
11365010000000,132.976409912
11366050000000,133.29914856
11367080000000,133.703994751
11368120000000,134.195953369
11369140000000,134.850402832
11370190000000,135.692443848
11371210000000,136.892105103
11372260000000,138.563476562
11373280000000,141.366989136
