
10888310000000,173.891830444
10889350000000,173.891845703
10890390000000,173.861618042
10891420000000,138.227127075
10892530000000,25.5542545319
10893560000000,-44.1737480164
10894590000000,-38.810218811
10895560000000,3.8463203907
10896610000000,11.07538414
10897660000000,102.918228149
10898700000000,179.994781494
10899730000000,179.520507812
10900710000000,178.991134644
10901720000000,177.641921997
10902720000000,176.169662476
10903670000000,174.660446167
10904700000000,173.187820435
10905720000000,171.48651123
10906680000000,169.747909546
10907690000000,168.049530029
10908690000000,166.211883545
10909700000000,164.307296753
10910680000000,162.296432495
10911660000000,160.353500366
10912630000000,158.380493164
10913630000000,156.392410278
10914660000000,154.265472412
10915590000000,151.941665649
10916560000000,149.786636353
10917550000000,147.611602783
10918540000000,147.522094727
