10880940000000,158.380081177
10882040000000,167.671844482
10883170000000,164.138031006
10884300000000,142.242630005
10885400000000,138.60357666
10886530000000,132.299819946
10887600000000,119.24105072
10888640000000,111.020126343
10889660000000,104.520141602
10890670000000,98.3877105713
10891720000000,98.9951477051
10892720000000,94.4547729492
10893720000000,89.9443969727
10894710000000,85.2542190552
10895690000000,80.5427246094
10896670000000,75.8118362427
10897650000000,71.1000366211
10898590000000,66.4678039551
10899570000000,62.1535072327
10900480000000,57.4862937927
10901420000000,48.6178855896
10902360000000,45.3950119019
10903320000000,37.8996696472
10904270000000,32.2955436707
10905190000000,-1.79546868801
10906120000000,52.0040397644
10907050000000,175.452331543
10908000000000,113.061599731
10908960000000,74.6169586182
10909920000000,74.9332885742
10910870000000,89.7648773193
10911800000000,90.8049240112
10912730000000,85.9591598511
10913690000000,83.662689209
10914640000000,84.2116699219
10915630000000,83.91746521
10916580000000,83.9785385132
10917550000000,82.2965927124
10918510000000,82.1719970703
10919480000000,82.6295394897
