11574980000000,174.144805908
11576140000000,169.878646851
11577240000000,168.239318848
11578330000000,168.218811035
11579420000000,168.134170532
11580520000000,168.060501099
11581540000000,168.489562988
11582610000000,168.875350952
11583670000000,169.08682251
11584740000000,169.189239502
11585730000000,170.486541748
11586740000000,170.408752441
11587740000000,170.336029053
11588720000000,170.260162354
11589720000000,170.191421509
11590660000000,170.115432739
11591610000000,170.143981934
11592580000000,170.07371521
11593520000000,169.919403076
11594470000000,169.824371338
11595450000000,169.722412109
11596410000000,169.613311768
11597310000000,169.482162476
11598250000000,175.886459351
11599180000000,176.094451904
11600110000000,174.430038452
11601030000000,173.011169434
11601960000000,171.884307861
11602870000000,171.384307861
11603740000000,170.811325073
11604680000000,170.243438721
11605630000000,169.624694824
11606540000000,169.384490967
11607490000000,169.158157349
11608460000000,169.109680176
11609420000000,167.20866394
11610380000000,163.912628174
11611350000000,160.394165039
11612290000000,156.908187866
