
21159370000000,142.999298096
21160160000000,142.705291748
21160890000000,154.540557861
21161620000000,155.248291016
21162390000000,155.698623657
21163170000000,155.938705444
21163890000000,156.199829102
21164650000000,156.491470337
21165360000000,156.80847168
21166120000000,144.346542358
21166840000000,144.351959229
21167540000000,144.358551025
21168260000000,144.366027832
21169000000000,144.374923706
21169720000000,144.38671875
21170400000000,144.398544312
21171120000000,144.412139893
21171820000000,144.429138184
21172530000000,144.449127197
21173260000000,144.47428894
21173980000000,144.506271362
21174670000000,172.23034668
21175400000000,155.95526123
21176070000000,142.473876953
21176750000000,135.595016479
21177430000000,121.871673584
21178110000000,109.953987122
21178760000000,95.8901977539
21179390000000,82.0588378906
21180060000000,69.0649490356
21180690000000,57.7267456055
21181360000000,48.8943443298
21182030000000,41.7472267151
21182660000000,36.0311660767
21183330000000,31.9096679688
21183970000000,28.2742176056
21184600000000,25.5021133423
21185240000000,23.2438049316
21185840000000,21.2615756989
21186480000000,19.7375679016
21187120000000,18.3273105621
21187730000000,17.1099739075
21188350000000,14.3998842239
21188970000000,8.76650905609
21189610000000,10.5050592422
21190220000000,10.2548112869
21190870000000,9.70405006409
21191580000000,9.1053943634
