
21059860000000,155.857391357
21060670000000,154.780395508
21061450000000,154.430297852
21062170000000,153.919296265
21062910000000,153.483352661
21063650000000,153.013870239
21064360000000,152.565963745
21065070000000,152.056106567
21065750000000,151.5443573
21066480000000,151.02394104
21067200000000,144.714614868
21067860000000,144.159072876
21068590000000,143.575836182
21069270000000,142.811294556
21069920000000,141.596801758
21070620000000,140.497680664
21071290000000,132.402252197
21071920000000,131.988983154
21072560000000,131.040222168
21073240000000,130.017807007
21073940000000,128.838668823
21074590000000,127.701782227
21075240000000,126.509422302
21075920000000,125.254684448
21076550000000,123.85496521
21077200000000,122.481300354
21077820000000,120.98575592
21078430000000,119.477394104
21079040000000,125.304481506
21079680000000,176.602844238
21080330000000,144.060470581
21080950000000,145.014694214
21081610000000,145.894317627
21082260000000,146.873031616
21082880000000,147.901824951
21083500000000,148.370330811
21084110000000,149.242233276
21084710000000,150.073730469
21085340000000,150.984115601
21085940000000,152.01852417
21086570000000,152.864593506
21087180000000,153.756149292
21087780000000,154.477294922
21088410000000,155.470184326
21089030000000,156.517440796
21089630000000,157.773468018
21090230000000,159.079086304
21090850000000,160.576751709
21091460000000,162.13848877
21092060000000,163.71736145
21092720000000,173.327270508
21093340000000,174.130264282
21093950000000,173.316574097
21094580000000,173.289764404
21095190000000,173.310333252
21095800000000,173.113586426
