
11011070000000,166.128921509
11012110000000,166.059768677
11013210000000,166.727722168
11014260000000,151.062530518
11015280000000,53.7098388672
11016310000000,-26.4812660217
11017360000000,-27.2407798767
11018330000000,-29.9025936127
11019320000000,-24.5130825043
11020390000000,33.0522956848
11021440000000,153.60534668
11022450000000,175.398086548
11023490000000,153.92855835
11024480000000,139.415435791
11025430000000,137.026855469
11026400000000,132.247528076
11027380000000,129.488586426
11028360000000,126.453163147
11029340000000,120.702377319
11030290000000,116.695610046
11031210000000,113.061141968
11032150000000,106.619552612
11033110000000,98.8101119995
11034060000000,91.1949996948
11034940000000,87.3338165283
11035880000000,82.6490936279
11036770000000,77.8910369873
11037740000000,74.1087799072
11038690000000,69.9348068237
11039620000000,66.1860809326
11040560000000,54.4129447937
