
10787860000000,157.484054565
10788910000000,157.484039307
10789910000000,157.484008789
10790980000000,159.15184021
10791990000000,164.900680542
10793030000000,163.430938721
10794010000000,161.388717651
10795040000000,158.497268677
10796050000000,154.935195923
10797090000000,145.424484253
10798050000000,126.258323669
10799020000000,130.689544678
10799990000000,129.943817139
10800920000000,125.767227173
10801880000000,121.471305847
10802810000000,116.465171814
10803750000000,109.486587524
10804710000000,83.6756744385
10805640000000,77.5387878418
10806560000000,59.144367218
10807480000000,37.3552093506
10808420000000,13.5077295303
10809270000000,8.01628494263
10810210000000,4.96801805496
10811180000000,2.06890797615
10812140000000,-0.542985379696
10813060000000,7.77327346802
10813980000000,80.4958267212
10814920000000,178.626083374
10815820000000,128.306304932
10816780000000,73.0982131958
10817600000000,80.2917098999
10818520000000,71.1700057983
10819370000000,64.0194320679
10820330000000,64.0418167114
10821220000000,64.522895813
10822160000000,73.3295822144
10823140000000,74.3635940552
10824110000000,75.8196868896
10825000000000,78.0851211548
10825980000000,81.6818084717
10826980000000,78.9518661499
