
10787850000000,109.434936523
10788910000000,109.434623718
10789910000000,109.434333801
10790980000000,109.043479919
10791990000000,98.8978881836
10793030000000,88.3438415527
10794010000000,78.1164627075
10795040000000,69.5464172363
10796050000000,61.7792816162
10797090000000,55.3939971924
10798050000000,49.6085853577
10799020000000,46.1746864319
10799990000000,42.226776123
10800920000000,38.524559021
10801880000000,35.4386329651
10802810000000,32.7211914062
10803750000000,30.4638442993
10804710000000,28.3608570099
10805640000000,25.9032478333
10806560000000,23.626127243
10807480000000,21.3080329895
10808420000000,18.8433742523
10809270000000,16.2288265228
10810210000000,13.9832410812
10811180000000,11.6171064377
10812130000000,9.37474060059
10813060000000,8.48611450195
10813980000000,9.33693218231
10814920000000,102.846557617
10815820000000,152.353897095
10816780000000,152.677383423
10817600000000,162.022232056
10818520000000,154.610534668
10819370000000,150.044784546
10820330000000,152.592468262
10821220000000,156.001312256
10822160000000,166.859863281
10823140000000,169.827270508
10824110000000,172.728530884
10824990000000,175.490127563
10825980000000,177.939880371
10826980000000,169.481613159
