11075480000000,174.262557983
11076610000000,173.561279297
11077740000000,172.542068481
11078870000000,171.682815552
11080000000000,170.288238525
11081130000000,168.859268188
11082200000000,167.339431763
11083290000000,165.868728638
11084380000000,164.414703369
11085470000000,162.899673462
11086550000000,161.279922485
11087580000000,159.594497681
11088630000000,157.898620605
11089720000000,156.126647949
11090770000000,154.205627441
11091830000000,152.238327026
11092860000000,150.188858032
11093910000000,148.365020752
11094960000000,147.257446289
11095990000000,146.711715698
11096950000000,145.677719116
11097920000000,144.247940063
11098910000000,142.946716309
11099890000000,141.538696289
11100810000000,140.02293396
11101780000000,138.437728882
11102720000000,136.651138306
11103660000000,134.826828003
11104590000000,132.781692505
11105490000000,130.695083618
11106420000000,128.711685181
11107350000000,126.868942261
11108260000000,124.762573242
11109140000000,122.482879639
11110090000000,119.948051453
11111000000000,116.854484558
