
10787850000000,173.560928345
10788910000000,173.560928345
10789910000000,173.560913086
10790980000000,173.547332764
10791990000000,173.0209198
10793030000000,172.509841919
10794010000000,171.94380188
10795040000000,171.380584717
10796050000000,170.75769043
10797090000000,170.248092651
10798050000000,169.987747192
10799020000000,169.732940674
10799990000000,169.232421875
10800920000000,168.760726929
10801880000000,168.264373779
10802810000000,167.715118408
10803750000000,167.146057129
10804710000000,166.646347046
10805640000000,166.460449219
10806560000000,161.362533569
10807480000000,143.826080322
10808420000000,123.590385437
10809270000000,120.490180969
10810210000000,119.107086182
10811180000000,117.571342468
10812130000000,115.805999756
10813060000000,124.512145996
10813980000000,173.057006836
10814920000000,171.93951416
10815820000000,169.646820068
10816780000000,166.28213501
10817600000000,163.13822937
10818520000000,160.599029541
10819370000000,158.091033936
10820330000000,156.119659424
10821220000000,154.021591187
10822160000000,152.220214844
10823140000000,150.258575439
10824110000000,148.42338562
10825000000000,146.763839722
10825980000000,145.384918213
10826980000000,144.063598633
