11345440000000,173.158233643
11346580000000,173.111816406
11347720000000,154.984268188
11348890000000,105.684013367
11349990000000,58.4787521362
11351100000000,30.544467926
11352210000000,26.5614395142
11353300000000,21.0473709106
11354390000000,132.100982666
11355500000000,179.787841797
11356590000000,179.507156372
11357610000000,178.641860962
11358660000000,177.583114624
11359730000000,176.259262085
11360800000000,174.658294678
11361870000000,172.9894104
11362940000000,171.295455933
11363990000000,169.40562439
11365010000000,167.516418457
11366050000000,165.601242065
11367080000000,163.583740234
11368120000000,161.544998169
11369140000000,159.363647461
11370190000000,157.206268311
11371210000000,154.953933716
11372260000000,152.704071045
11373280000000,150.376983643
