
11191390000000,127.477653503
11192450000000,127.468841553
11193480000000,127.468887329
11194590000000,126.417984009
11195600000000,114.403297424
11196700000000,48.3649368286
11197680000000,-45.1638374329
11198710000000,-20.0067958832
11199660000000,-23.8619022369
11200670000000,-24.0047912598
11201640000000,78.2098312378
11202630000000,171.931625366
11203660000000,178.003295898
11204670000000,170.780059814
11205660000000,165.898773193
11206690000000,164.093490601
11207680000000,162.019256592
11208690000000,159.656860352
11209610000000,157.133804321
11210580000000,147.415725708
11211550000000,142.271224976
11212530000000,138.225662231
11213430000000,133.888534546
11214410000000,114.456634521
11215310000000,106.331077576
11216270000000,101.725860596
11217220000000,95.6707992554
11218180000000,87.2527008057
11219060000000,81.2755126953
11220010000000,76.5302581787
11221020000000,70.2478027344
11221960000000,63.4719734192
11222870000000,48.7576637268
11223750000000,43.1620674133
11224640000000,38.4358482361
11225580000000,25.8494300842
11226500000000,23.7301940918
11227370000000,21.7192497253
11228290000000,19.8062591553
11229180000000,18.2092208862
11230090000000,16.6594562531
11231020000000,15.1434316635
11231950000000,13.8156843185
11232860000000,12.5954809189
11233670000000,-1.43843436241
11234580000000,-1.40962910652
11235480000000,-1.40793597698
