
21248110000000,161.85899353
21248860000000,162.143615723
21249620000000,161.758087158
21250370000000,161.474838257
21251110000000,161.049346924
21251820000000,160.659042358
21252550000000,160.311523438
21253280000000,159.896240234
21254020000000,159.395446777
21254700000000,158.882568359
21255400000000,158.44593811
21256110000000,157.950714111
21256800000000,157.453735352
21257490000000,156.894042969
21258180000000,156.334899902
21258890000000,155.725402832
21259590000000,155.090270996
21260250000000,150.737518311
21260910000000,144.313323975
21261550000000,116.234169006
21262230000000,117.981040955
21262910000000,122.768157959
21263550000000,124.804481506
21264250000000,124.61693573
21264920000000,122.562644958
21265550000000,120.239402771
21266200000000,117.396759033
21266820000000,115.003723145
21267450000000,113.54058075
21268060000000,66.3820571899
21268710000000,8.75091934204
21269330000000,-63.9667892456
21269940000000,-135.804901123
21270570000000,-149.264434814
21271230000000,-149.875549316
21271880000000,-150.760391235
21272570000000,-151.588119507
21273200000000,-152.388717651
21273840000000,-153.109725952
21274510000000,-153.746841431
21275170000000,-154.353088379
21275810000000,-154.923400879
21276490000000,-155.416549683
21277130000000,-155.796951294
21277800000000,-156.055404663
21278520000000,-156.316452026
21279160000000,-156.429351807
21279860000000,-156.486129761
21280530000000,-155.760269165
21281230000000,-152.76423645
21281930000000,-150.587783813
21282640000000,-148.751586914
21283320000000,-146.897171021
21284030000000,-146.982971191
