10976630000000,158.080368042
10977720000000,157.494842529
10978850000000,156.006881714
10979980000000,141.00668335
10981020000000,126.597923279
10982130000000,126.843040466
10983190000000,123.907531738
10984260000000,117.872344971
10985300000000,114.441650391
10986320000000,110.790252686
10987380000000,106.746147156
10988400000000,102.218757629
10989400000000,95.167678833
10990400000000,89.3581390381
10991390000000,84.6529312134
10992380000000,79.8514099121
10993350000000,74.9273757935
10994290000000,70.2620391846
10995220000000,65.7692947388
10996160000000,61.5533180237
10997110000000,57.4957122803
10998060000000,50.6749229431
10999010000000,97.6671066284
10999940000000,179.71131897
11000880000000,116.477355957
11001860000000,39.0550804138
11002770000000,55.9610061646
11003690000000,52.2686843872
11004620000000,49.4135742188
11005570000000,46.0198631287
11006500000000,27.8175258636
11007440000000,21.490819931
11008390000000,21.3242893219
11009320000000,23.5075893402
11010250000000,25.5119667053
11011190000000,23.2923336029
11012130000000,21.5354366302
11013080000000,7.5605969429
