
10626010000000,173.223800659
10627130000000,173.223754883
10628210000000,173.082458496
10629330000000,172.493682861
10630420000000,171.856430054
10631520000000,171.189239502
10632570000000,170.488555908
10633660000000,169.750671387
10634700000000,168.930282593
10635770000000,168.095581055
10636830000000,167.179321289
10637820000000,166.190673828
10638820000000,165.1849823
10639880000000,164.120834351
10640860000000,162.851806641
10641850000000,161.598861694
10642820000000,160.26953125
10643740000000,158.804916382
10644700000000,157.299484253
10645700000000,155.589263916
10646640000000,153.705474854
10647610000000,151.597106934
10648560000000,149.247375488
10649490000000,146.679260254
10650400000000,143.994918823
10651330000000,141.072845459
10652260000000,137.901657104
10653200000000,134.391143799
10654110000000,130.683837891
10655020000000,126.715545654
10655920000000,122.492622375
10656830000000,118.137260437
10657750000000,114.950645447
10658660000000,114.349327087
10659570000000,156.703292847
10660470000000,-90.3867874146
10661350000000,-35.7181358337
10662270000000,-99.1547317505
10663200000000,-88.1533203125
10664090000000,-83.3906326294
10664950000000,-77.3374938965
10665820000000,-83.9171524048
10666720000000,-96.4807739258
10667630000000,-103.95905304
10668500000000,-108.397087097
10669400000000,-107.801757812
10670330000000,-108.419914246
10671290000000,-112.523078918
10672140000000,-115.179122925
10673070000000,-117.324790955
10674020000000,-119.275932312
10674950000000,-121.11466217
10675880000000,-122.746170044
10676800000000,-124.278343201
10677700000000,-125.644935608
10678640000000,-126.923500061
10679580000000,-128.164337158
10680510000000,-129.261566162
10681480000000,-130.265884399
10682420000000,-131.24710083
10683380000000,-138.917526245
10684360000000,-139.556655884
10685390000000,-140.244934082
10686330000000,-140.688583374
10687320000000,-139.595718384
10688320000000,-139.59992981
10689330000000,-146.770599365
