11425010000000,169.958587646
11426180000000,161.369644165
11427250000000,123.3177948
11428340000000,112.758796692
11429430000000,55.7818336487
11430530000000,18.7253322601
11431620000000,-17.6910572052
11432750000000,-14.5615615845
11433790000000,43.5415039062
11434860000000,137.461807251
11435910000000,161.565460205
11436950000000,160.785858154
11437960000000,160.084625244
11439030000000,161.165084839
11440000000000,161.59815979
11441030000000,160.841201782
11442000000000,160.010787964
11443000000000,159.210067749
11444070000000,158.268035889
11445050000000,157.170043945
11446060000000,156.159301758
11447010000000,154.938110352
11447960000000,153.739013672
11448940000000,152.363525391
11449860000000,150.92237854
11450840000000,149.409072876
11451780000000,147.692611694
11452730000000,145.899963379
