10976630000000,173.408035278
10977720000000,173.084075928
10978850000000,172.74269104
10979980000000,172.420333862
10981020000000,170.808319092
10982130000000,172.279968262
10983180000000,172.253662109
10984260000000,170.884552002
10985300000000,171.12121582
10986320000000,171.1509552
10987380000000,171.160507202
10988400000000,171.077545166
10989400000000,168.438583374
10990400000000,167.221466064
10991390000000,167.213577271
10992380000000,167.116912842
10993350000000,166.981277466
10994290000000,166.835235596
10995220000000,166.626251221
10996160000000,166.50718689
10997110000000,166.328933716
10998060000000,162.882400513
10999010000000,174.949691772
10999940000000,175.334884644
11000880000000,173.038131714
11001860000000,163.583557129
11002760000000,170.924087524
11003690000000,170.449142456
11004620000000,169.919219971
11005570000000,169.31199646
11006500000000,167.902359009
11007440000000,162.885574341
11008390000000,164.153121948
11009320000000,167.715896606
11010250000000,170.402938843
11011190000000,170.381744385
11012130000000,170.03666687
11013080000000,156.378585815
