14247690000000,141.607025146
14248410000000,141.039993286
14249180000000,143.723983765
14249940000000,146.701950073
14250620000000,146.966110229
14251360000000,147.800888062
14252030000000,148.775650024
14252690000000,149.783493042
14253360000000,151.386062622
14254070000000,172.819564819
14254700000000,178.134216309
14255350000000,168.353439331
14256060000000,163.120956421
14256710000000,147.483184814
14257350000000,59.8007850647
14257960000000,50.9186553955
14258610000000,-6.52660512924
14259280000000,-11.6160926819
14259900000000,-21.0494041443
14260500000000,-23.4543533325
14261170000000,-23.7414302826
14261800000000,-24.177652359
14262420000000,-24.5778636932
14263060000000,-24.9700660706
14263720000000,-25.3565006256
14264310000000,-25.7555027008
14264950000000,-26.1075401306
14265630000000,-26.4405231476
14266270000000,-26.4671363831
14266870000000,26.639421463
14267510000000,83.3225402832
14268130000000,169.484069824
14268800000000,118.405548096
14269460000000,53.3565673828
14270110000000,57.3192405701
14270730000000,57.3786010742
14271360000000,57.6630706787
14272020000000,49.7123603821
14272630000000,30.5293006897
14273290000000,27.9053554535
14273900000000,37.8419647217
14274530000000,40.7439117432
14275170000000,44.249370575
14275810000000,73.2562637329
14276450000000,81.2157287598
14277110000000,104.36328125
14277760000000,124.427810669
14278380000000,140.731933594
14278980000000,149.597244263
14279580000000,179.690567017
14280180000000,133.280334473
14280770000000,123.948143005
14281380000000,99.4258346558
14281970000000,68.5213851929
14282590000000,62.9919052124
14283270000000,59.079208374
14283880000000,58.6428604126
14284550000000,58.0001716614
14285130000000,57.2567634583
14285740000000,56.5539207458
14286370000000,56.2762260437
14287000000000,82.5605010986
14287650000000,161.089996338
14288240000000,103.410766602
14288850000000,15.8128013611
14289450000000,-11.7155923843
14290070000000,-11.9746046066
14290680000000,-12.3054790497
14291260000000,-12.9992733002
14291910000000,-13.5101194382
14292520000000,-14.1353855133
14293140000000,-14.7184638977
14293780000000,-15.3197536469
14294400000000,-15.9174079895
14294990000000,-16.5438041687
14295610000000,-17.1405887604
14296190000000,-17.7658023834
14296830000000,-18.3350830078
14297400000000,-18.8289260864
14298010000000,-19.2713680267
14298600000000,-19.79804039
14299200000000,-20.3555278778
14299910000000,-20.9055652618
14300470000000,-21.6110439301
14301070000000,-22.1568565369
14301660000000,-22.8085021973
14302250000000,23.4618606567
14302820000000,24.0928878784
14303390000000,24.7329330444
14303980000000,25.3457069397
14304610000000,26.0443706512
14305190000000,26.8076496124
14305770000000,27.5703754425
14306500000000,28.3805427551
14307120000000,29.4604759216
14307680000000,30.498916626
14308270000000,31.4725875854
14308880000000,32.5548744202
14309470000000,33.7519302368
14310060000000,35.0405387878
14310680000000,36.403793335
14311270000000,37.5863189697
14311860000000,38.6405220032
14312480000000,39.5251235962
14313100000000,40.1004447937
14313720000000,40.8115463257
14314370000000,41.5529174805
14314990000000,42.3044586182
14315650000000,42.9900054932
14316250000000,43.0411071777
14316880000000,43.0208625793
14317450000000,43.0066871643
14318020000000,43.2115364075
14318640000000,49.0363082886
14319230000000,63.0285301208
14319830000000,64.1485824585
14320460000000,66.0232467651
14321030000000,73.1398925781
14321630000000,83.8949584961
