
20018450000000,120.297691345
20019010000000,120.731124878
20019550000000,121.265007019
20020080000000,121.820289612
20020590000000,122.383430481
20021120000000,124.304618835
20021610000000,126.03087616
20022140000000,126.11190033
20022680000000,130.903701782
20023180000000,131.022628784
20023680000000,131.643600464
20024170000000,132.271026611
20024650000000,132.890274048
20025100000000,133.557327271
20025600000000,134.168045044
20026090000000,138.480499268
20026550000000,140.781997681
20026990000000,156.301239014
20027430000000,173.730804443
20027870000000,176.655853271
20028300000000,170.5650177
20028750000000,146.518692017
20029210000000,111.526885986
20029630000000,97.0041427612
20030080000000,96.2474899292
20030550000000,88.163520813
20031010000000,71.3363113403
20031430000000,64.647895813
20031900000000,53.6573524475
20032370000000,25.3138923645
20032810000000,4.05210542679
20033230000000,-18.3529014587
20033670000000,-24.1730594635
20034140000000,-24.0669212341
20034590000000,-24.4421882629
20035030000000,-24.8248901367
20035450000000,-25.1279563904
20035880000000,-25.3520736694
20036290000000,-25.5744400024
20036730000000,-25.79504776
20037180000000,-26.0648345947
20037610000000,-26.3283309937
20038050000000,-26.5638866425
20038480000000,-26.8195571899
20038930000000,-26.9108715057
20039360000000,-26.9699611664
20039790000000,2.54669356346
20040250000000,50.7391738892
20040690000000,90.6169815063
20041110000000,144.151794434
20041570000000,156.188613892
20042000000000,101.181053162
20042430000000,64.9124603271
20042880000000,68.2290649414
20043320000000,123.019218445
20043750000000,143.532897949
20044180000000,143.833450317
20044630000000,144.42515564
20045070000000,130.62361145
20045520000000,90.0713653564
20045970000000,42.2543907166
20046410000000,24.0019569397
20046820000000,24.0088100433
20047250000000,24.1489715576
20047700000000,24.0641860962
20048140000000,24.0238780975
20048560000000,24.0301170349
20049020000000,24.0355911255
20049450000000,24.0423622131
20049890000000,25.0191841125
20050310000000,29.3086891174
20050740000000,49.3949127197
20051150000000,86.7180938721
20051590000000,119.843856812
20052020000000,132.148620605
20052450000000,132.470733643
20052870000000,133.700942993
20053310000000,135.25819397
20053740000000,137.662643433
20054150000000,155.297073364
20054560000000,175.47354126
20055000000000,133.665786743
20055420000000,89.3337936401
20055880000000,77.7179641724
20056280000000,77.028427124
20056700000000,76.4878768921
20057110000000,76.005317688
20057540000000,75.4295349121
20057990000000,76.9449615479
20058420000000,77.4416809082
20058880000000,79.9425582886
20059300000000,79.3787460327
20059720000000,79.5471038818
20060150000000,79.061378479
20060560000000,79.1776657104
20060970000000,75.901222229
20061390000000,87.1569366455
20061830000000,121.843955994
20062250000000,175.263748169
20062660000000,130.703231812
20063090000000,88.4828567505
20063490000000,31.8907089233
20063900000000,-12.8935403824
20064340000000,-12.9506845474
20064770000000,12.9525432587
20065190000000,13.1003274918
20065600000000,-13.0373935699
20066030000000,-13.2352466583
20066490000000,-13.6586151123
20066910000000,-14.1343955994
20067320000000,-14.5757188797
20067730000000,-15.0216264725
20068130000000,-15.3542251587
20068550000000,-15.738861084
20068960000000,-16.1391277313
20069380000000,-16.4431171417
20069830000000,-16.7882575989
20070240000000,-17.111749649
20070660000000,-17.4304084778
20071070000000,-17.7513427734
20071490000000,-18.0623245239
20071960000000,-18.3706741333
20072380000000,18.6284122467
20072800000000,18.9393367767
20073210000000,19.0404987335
20073630000000,19.1874656677
20074050000000,19.3442420959
20074480000000,19.5034923553
20074890000000,19.700674057
20075320000000,19.9138698578
20075710000000,20.1415996552
20076120000000,20.3856220245
20076530000000,20.6101608276
20076940000000,20.9212379456
20077370000000,21.2445735931
20077760000000,21.579044342
20078170000000,21.9088478088
20078590000000,22.2564506531
20078990000000,22.6456775665
20079400000000,-23.0081253052
20079810000000,-23.4222259521
20080210000000,-23.8680534363
20080640000000,-24.2745075226
20081050000000,-24.8140010834
20081450000000,-25.3248443604
20081840000000,-25.8653640747
20082240000000,-26.4691543579
20082680000000,-27.0742530823
20083070000000,-27.7036113739
20083470000000,-28.4823169708
20083860000000,-29.2164325714
20084270000000,-29.9962749481
20084670000000,-30.8254890442
20085080000000,-31.6400661469
20085520000000,-32.5503044128
20085920000000,-33.5211486816
20086340000000,-34.3726234436
20086760000000,-35.4539833069
20087180000000,-36.4930496216
20087600000000,-37.5903816223
20088020000000,-38.6698226929
20088450000000,39.5581245422
20088870000000,40.4728851318
20089270000000,41.3279457092
20089690000000,42.1670684814
20090100000000,42.6652374268
20090520000000,43.2801017761
20090940000000,43.9478187561
20091340000000,44.7759742737
20091740000000,45.0559310913
20092150000000,45.2147331238
20092550000000,45.3991928101
20092960000000,45.6079368591
20093420000000,45.8337669373
20093840000000,46.1040077209
20094240000000,46.3735809326
20094660000000,46.6476325989
20095060000000,46.6793518066
20095490000000,46.7535667419
20095880000000,46.8775405884
20096300000000,47.2871284485
20096710000000,55.4203453064
20097130000000,61.5859642029
20097530000000,62.3224105835
20097930000000,62.5315437317
20098350000000,63.1450843811
20098730000000,62.967792511
20099150000000,65.1705093384
20099570000000,66.167755127
20099990000000,67.5955352783
20100430000000,69.3876571655
20100850000000,71.838760376
20101280000000,73.4727478027
20101710000000,73.7958221436
