
20672890000000,131.976952515
20673430000000,131.97537842
20673940000000,131.973922729
20674440000000,135.61088562
20674940000000,135.833328247
20675450000000,136.567001343
20675950000000,137.161849976
20676450000000,137.837188721
20676930000000,138.498184204
20677410000000,139.196685791
20677870000000,139.776779175
20678340000000,140.490692139
20678790000000,141.991836548
20679270000000,152.940444946
20679710000000,178.728561401
20680170000000,177.802200317
20680660000000,172.953811646
20681100000000,152.960647583
20681570000000,115.317276001
20682010000000,80.3291397095
20682440000000,72.3680267334
20682900000000,59.3619308472
20683340000000,49.825592041
20683800000000,43.7815818787
20684240000000,26.7321434021
20684680000000,8.22725391388
20685100000000,-6.82800483704
20685540000000,-8.23310470581
20686070000000,-8.45889759064
20686500000000,-11.4817562103
20686950000000,-23.2492218018
20687400000000,-23.4752216339
20687870000000,-23.6305789948
20688300000000,-23.7618255615
20688750000000,-24.0387039185
20689190000000,-24.3971004486
20689610000000,-24.7806510925
20690030000000,-25.1511135101
20690480000000,-25.5157527924
20690920000000,-25.9099063873
20691370000000,-26.2798271179
20691810000000,-26.4819946289
20692260000000,-26.7409496307
20692690000000,30.280500412
20693120000000,84.9322662354
20693560000000,126.632270813
20694000000000,179.798339844
20694440000000,141.044433594
20694890000000,101.87322998
20695330000000,105.296043396
20695760000000,108.220161438
20696190000000,108.988807678
20696620000000,102.96786499
20697080000000,103.768951416
20697530000000,96.4591369629
20698000000000,77.1075134277
20698430000000,75.7288665771
20698880000000,52.5060501099
20699300000000,23.7294940948
20699750000000,23.7458267212
20700220000000,23.8956699371
20700650000000,23.996679306
20701100000000,24.0906906128
20701550000000,24.2013645172
20702000000000,24.2682914734
20702440000000,25.9499359131
20702860000000,39.927696228
20703310000000,47.7138595581
20703730000000,58.5975952148
20704150000000,71.8199539185
20704580000000,78.1454544067
20705030000000,78.5275115967
20705480000000,79.7525939941
20705930000000,86.484085083
20706360000000,93.2958221436
20706800000000,116.323829651
20707230000000,141.302459717
20707660000000,156.350006104
20708080000000,156.292602539
20708520000000,161.83581543
20708960000000,164.794082642
20709370000000,124.355484009
20709830000000,92.5225219727
20710310000000,69.5171203613
20710750000000,62.6767578125
20711150000000,60.1069755554
20711590000000,51.8923454285
20712010000000,44.6564712524
20712420000000,45.607963562
20712840000000,51.5841674805
20713260000000,51.4388122559
20713690000000,51.014251709
20714150000000,50.98487854
20714560000000,51.1524543762
20714960000000,51.968120575
20715400000000,53.7708702087
20715860000000,53.5797424316
20716290000000,58.8827705383
20716690000000,52.765750885
20717150000000,72.271484375
20717560000000,134.203063965
20717980000000,174.819717407
20718420000000,139.194213867
20718850000000,90.6785507202
20719260000000,48.8887062073
20719670000000,11.272767067
20720110000000,-11.3870754242
20720540000000,-11.5411491394
20720950000000,-11.6881990433
20721370000000,-11.9020643234
20721780000000,-12.066362381
20722190000000,-12.3033866882
20722610000000,-12.5833406448
20723030000000,-12.8844804764
20723440000000,-13.1452465057
20723840000000,-13.534538269
20724270000000,-13.9136199951
20724690000000,-14.301533699
20725120000000,-14.7393703461
20725560000000,-15.166765213
20725980000000,-15.6471138
20726400000000,-16.0740661621
20726840000000,-16.4993858337
20727260000000,-16.9168128967
20727660000000,-17.3660926819
20728070000000,-17.7500534058
20728510000000,-18.1264076233
20728920000000,-18.5570411682
20729340000000,-18.9410018921
20729790000000,-19.2761421204
20730210000000,-19.6391658783
20730620000000,-19.9941959381
20731020000000,-20.3597488403
20731410000000,-20.7188301086
20731830000000,-21.0697231293
20732220000000,-21.4704685211
20732650000000,-21.8640766144
20733060000000,-22.291683197
20733480000000,-22.7341136932
20733880000000,-23.1911487579
20734280000000,-23.6421279907
20734700000000,-24.1096878052
20735130000000,-24.6165542603
20735510000000,-25.1446838379
20735940000000,-25.6393699646
20736370000000,-26.23346138
20736780000000,-26.8231086731
20737180000000,-27.4336566925
20737590000000,-28.037311554
20738020000000,-28.6639270782
20738510000000,-29.3819942474
20738910000000,-30.2002086639
20739300000000,-30.9109802246
20739730000000,-31.6479377747
20740140000000,-32.4196052551
20740560000000,-33.3095016479
20741000000000,-34.2013282776
20741390000000,-35.1750869751
20741790000000,-36.0530548096
20742190000000,-37.0152854919
20742590000000,-38.0193634033
20742990000000,-39.0671577454
20743430000000,-40.1032905579
20743850000000,-41.4198760986
20744260000000,-42.6590538025
20744700000000,43.740978241
20745190000000,44.3375434875
20745610000000,44.7204208374
20746030000000,45.4080085754
20746450000000,46.0896911621
20746840000000,46.8944091797
20747280000000,47.6646575928
20747730000000,48.5396232605
20748150000000,49.5248031616
20748570000000,50.4615936279
20748980000000,51.4911270142
20749400000000,52.6013183594
20749850000000,53.521446228
20750280000000,54.0903549194
20750690000000,54.4308319092
20751100000000,54.9299163818
20751500000000,55.139881134
20752030000000,55.4875717163
20752440000000,55.9259490967
20752860000000,56.3623390198
20753250000000,56.8817367554
20753690000000,58.0844116211
20754140000000,71.7563476562
20754570000000,72.3171615601
20754980000000,74.6159744263
20755410000000,76.2395706177
20755870000000,79.1566696167
20756300000000,81.8863754272
20756710000000,85.1950836182
20757160000000,91.1186904907
