
12983490000000,153.090637207
12984260000000,153.090988159
12985030000000,153.091339111
12985760000000,153.615081787
12986520000000,158.168716431
12987300000000,162.99760437
12987970000000,168.636993408
12988660000000,173.858322144
12989340000000,179.063796997
12990010000000,176.046829224
12990670000000,171.62878418
12991300000000,166.322143555
12991980000000,161.045715332
12992640000000,155.404724121
12993280000000,150.769973755
12993970000000,145.85798645
12994610000000,140.839660645
12995270000000,135.800476074
12995900000000,132.154098511
12996550000000,128.576400757
12997190000000,125.493095398
12997820000000,124.00592041
12998460000000,122.248855591
12999100000000,120.483924866
12999710000000,118.195648193
13000350000000,114.92464447
13001030000000,106.712089539
13001670000000,78.9435424805
13002290000000,61.2116775513
13002930000000,83.2088775635
13003590000000,92.4655380249
13004260000000,109.065887451
13004870000000,114.686256409
13005490000000,121.97203064
13006110000000,141.55430603
13006770000000,158.354431152
13007440000000,173.6144104
13008080000000,170.787567139
13008730000000,174.899475098
13009340000000,177.94078064
13010010000000,179.593643188
13010620000000,177.48008728
13011270000000,165.270584106
13011910000000,152.024780273
13012570000000,142.813903809
13013210000000,142.144363403
13013850000000,141.306106567
13014460000000,140.226028442
13015110000000,138.712860107
13015750000000,137.186477661
13016380000000,134.426452637
13017000000000,131.62802124
13017650000000,129.048950195
13018240000000,126.465843201
13018850000000,123.823257446
13019450000000,121.214157104
13020080000000,118.499641418
13020710000000,115.530166626
13021290000000,112.598739624
13021930000000,109.782569885
13022550000000,106.644119263
13023190000000,103.785751343
13023800000000,102.693161011
13024430000000,101.921951294
13025080000000,101.95728302
13025690000000,127.334663391
13026280000000,164.85774231
13026920000000,-95.8748855591
13027550000000,-12.4860248566
13028200000000,-3.3748254776
13028800000000,-13.4404525757
13029430000000,-48.8255310059
13030050000000,-82.6901092529
13030680000000,-85.1154251099
13031310000000,-88.2382965088
13031930000000,-100.137947083
13032540000000,-107.06464386
13033160000000,-109.583900452
13033750000000,-112.020011902
13034390000000,-114.07711792
13035000000000,-116.955513
13035570000000,-124.004188538
13036180000000,-126.228065491
13036800000000,-128.150299072
13037410000000,-130.687301636
13038020000000,-139.123718262
13038610000000,160.408599854
13039220000000,161.987960815
13039830000000,162.800643921
13040430000000,163.636047363
13041030000000,164.315170288
13041650000000,165.028915405
13042250000000,165.68208313
13042840000000,166.251113892
13043430000000,166.776992798
13044060000000,167.226913452
13044650000000,167.807113647
13045260000000,168.186630249
13045910000000,168.756362915
13046500000000,169.144363403
13047110000000,169.576080322
13047740000000,169.984634399
13048320000000,170.287033081
13048940000000,170.660171509
13049540000000,171.012542725
13050160000000,178.098510742
13050750000000,167.437683105
13051350000000,167.561401367
13051940000000,164.782577515
13052560000000,159.348495483
13053150000000,159.175369263
13053770000000,158.928268433
13054340000000,158.669265747
13054930000000,158.450500488
13055550000000,158.04977417
13056160000000,157.573867798
13056780000000,157.162612915
13057370000000,156.795150757
13057960000000,156.419967651
13058550000000,156.043838501
13059120000000,155.715042114
13059700000000,155.321090698
13060340000000,154.894073486
13060940000000,154.360519409
13061550000000,153.933990479
13062200000000,153.944091797
13062820000000,153.944595337
