
12364620000000,111.601852417
12365380000000,111.601875305
12366190000000,111.601890564
12366910000000,112.1043396
12367670000000,113.176704407
12368430000000,114.171165466
12369140000000,114.359153748
12369850000000,114.611824036
12370570000000,115.814468384
12371250000000,117.193199158
12371940000000,118.63205719
12372620000000,119.967155457
12373260000000,123.315475464
12373900000000,146.074447632
12374570000000,169.123886108
12375270000000,153.690643311
12375960000000,94.9819564819
12376580000000,49.3262901306
12377240000000,43.2248382568
12377900000000,14.4426689148
12378540000000,-7.32087278366
12379230000000,-9.54731750488
12379890000000,-12.1823310852
12380540000000,-14.4809560776
12381180000000,-16.4560184479
12381820000000,-6.84003829956
12382490000000,8.35737037659
12383100000000,35.155620575
12383730000000,106.779052734
12384400000000,176.826797485
12385020000000,106.957679749
12385680000000,86.6786956787
12386310000000,89.2099609375
12386970000000,91.2483978271
12387590000000,93.2127609253
12388270000000,95.4142150879
12388940000000,98.3777313232
12389560000000,102.403320312
12390190000000,106.090377808
12390840000000,110.205490112
12391490000000,114.684883118
12392120000000,118.916671753
12392770000000,123.439682007
12393370000000,127.464385986
12394050000000,131.384399414
12394730000000,135.719497681
12395340000000,140.082183838
12396000000000,143.03565979
12396660000000,147.212295532
12397280000000,151.200592041
12397910000000,153.018600464
12398510000000,155.105728149
12399160000000,156.380172729
12399760000000,157.545501709
12400360000000,158.139663696
12400950000000,159.417785645
12401660000000,161.087356567
12402280000000,163.908294678
12402900000000,167.702819824
12403510000000,173.216262817
12404120000000,179.025650024
12404720000000,176.014221191
12405340000000,178.365631104
12405980000000,178.194473267
12406610000000,-162.216491699
12407240000000,-152.105056763
12407850000000,-150.544998169
12408470000000,-148.210906982
12409060000000,-145.001586914
12409670000000,-138.723937988
12410300000000,-137.264984131
12410910000000,-138.831222534
12411500000000,-139.921676636
12412120000000,-140.822647095
12412760000000,-143.898666382
12413380000000,-149.978973389
12414020000000,-153.874633789
12414630000000,-159.1953125
12415220000000,-159.598815918
12415820000000,-159.975753784
12416470000000,-160.750671387
12417070000000,-161.59387207
12417660000000,-162.329910278
12418300000000,163.326705933
12418890000000,164.443206787
12419510000000,165.431259155
12420100000000,166.422958374
12420780000000,167.311828613
12421360000000,168.238265991
12421940000000,168.866882324
12422530000000,169.473373413
12423140000000,170.027313232
12423730000000,170.603179932
12424330000000,171.10168457
12424950000000,171.602203369
12425530000000,172.073883057
12426120000000,172.496307373
12426740000000,172.90977478
12427340000000,173.313308716
12427920000000,173.68901062
12428530000000,174.017745972
12429120000000,174.361801147
12429750000000,174.678756714
12430350000000,174.991012573
12430950000000,175.278060913
12431570000000,175.611038208
12432190000000,176.033920288
12432780000000,176.510574341
12433410000000,177.081741333
12434020000000,177.673233032
12434670000000,178.302383423
12435280000000,179.055999756
12435880000000,179.871276855
12436490000000,179.225509644
12437080000000,178.196212769
12437660000000,177.230651855
12438280000000,176.283401489
12438900000000,175.30657959
12439540000000,174.368637085
12440180000000,173.390808105
12440780000000,172.45085144
12441440000000,171.589813232
12442050000000,171.32774353
12442680000000,171.327209473
