13813060000000,108.127365112
13813810000000,109.035903931
13814550000000,110.032478333
13815310000000,110.856369019
13816020000000,112.001487732
13816760000000,113.191696167
13817460000000,114.535873413
13818130000000,115.941833496
13818820000000,117.401901245
13819510000000,119.04536438
13820150000000,120.460411072
13820800000000,121.520423889
13821480000000,125.242790222
13822120000000,170.667633057
13822770000000,133.752822876
13823460000000,129.288650513
13824080000000,49.282169342
13824730000000,6.92742824554
13825360000000,3.25616073608
13825990000000,-0.0163943264633
13826660000000,-3.03705453873
13827280000000,-5.90683412552
13827920000000,-8.36535167694
13828570000000,-10.7369155884
13829210000000,-12.8041410446
13829850000000,-14.4777736664
13830500000000,25.9409694672
13831150000000,103.016479492
13831810000000,176.593200684
13832440000000,127.803649902
13833080000000,83.5925674438
13833700000000,85.1545562744
13834340000000,87.2060241699
13834980000000,89.359046936
13835650000000,92.2616119385
13836250000000,95.4988555908
13836860000000,98.693397522
13837510000000,102.555961609
13838130000000,106.697731018
13838760000000,110.823913574
13839390000000,115.112823486
13840040000000,119.330078125
13840670000000,123.139633179
13841310000000,126.719856262
13841920000000,130.614608765
13842560000000,134.47315979
13843220000000,137.593917847
13843840000000,140.327255249
13844490000000,142.594177246
13845090000000,144.354202271
13845720000000,145.619827271
13846330000000,153.893981934
13846940000000,153.83984375
13847560000000,154.564056396
13848160000000,155.729522705
13848750000000,157.290817261
13849350000000,159.835540771
13850000000000,162.290176392
13850610000000,136.193649292
13851250000000,132.550750732
13851870000000,140.388504028
13852480000000,151.138656616
13853080000000,158.979293823
13853660000000,-164.865219116
13854280000000,-162.427780151
13854880000000,-162.70854187
13855460000000,-162.790817261
13856050000000,-162.99710083
13856700000000,-163.359268188
13857310000000,-166.168914795
13857900000000,-163.612869263
13858520000000,-166.137039185
13859140000000,-166.183242798
13859750000000,-166.574569702
13860370000000,-166.985458374
13860950000000,-167.401687622
13861540000000,-167.800796509
13862140000000,-168.302627563
13862710000000,-168.67956543
13863320000000,-169.079986572
13863950000000,-169.482803345
13864560000000,-169.847854614
13865160000000,-170.171875
13865780000000,-170.478378296
13866410000000,-170.761413574
13866980000000,-171.014053345
13867560000000,171.200698853
13868180000000,171.482635498
13868760000000,171.792907715
13869350000000,172.062545776
13869970000000,172.334838867
13870560000000,172.603652954
13871170000000,172.859298706
13871830000000,173.081604004
13872410000000,173.530502319
13873020000000,173.903045654
13873610000000,174.280578613
13874200000000,174.625183105
13874800000000,174.964294434
13875400000000,175.356338501
13875980000000,175.868453979
13876610000000,176.324325562
13877190000000,176.91784668
13877820000000,177.349899292
13878420000000,178.235992432
13878990000000,179.209564209
13879590000000,179.906982422
13880200000000,178.989334106
13880790000000,178.063568115
13881410000000,177.212402344
13881970000000,176.389144897
13882550000000,175.632141113
13883180000000,174.836685181
13883800000000,173.997116089
13884380000000,173.217910767
13885000000000,172.374649048
13885600000000,171.491333008
13886190000000,170.66053772
