
20672890000000,107.849266052
20673430000000,108.678482056
20673940000000,109.580810547
20674440000000,110.124710083
20674940000000,110.972572327
20675450000000,111.81967926
20675950000000,112.720306396
20676450000000,113.678993225
20676930000000,114.701766968
20677410000000,115.747550964
20677870000000,116.861419678
20678340000000,117.999931335
20678790000000,119.245819092
20679270000000,119.991470337
20679710000000,120.376319885
20680170000000,120.754714966
20680660000000,121.368232727
20681100000000,121.418212891
20681570000000,149.744659424
20682010000000,176.406570435
20682440000000,167.749267578
20682900000000,154.281158447
20683340000000,143.319946289
20683800000000,135.912307739
20684240000000,117.371757507
20684680000000,96.5364685059
20685100000000,79.788772583
20685540000000,75.9955368042
20686070000000,72.8834991455
20686500000000,66.7956924438
20686950000000,43.3364067078
20687400000000,22.2580013275
20687870000000,17.8264465332
20688300000000,1.77703881264
20688750000000,-19.788110733
20689190000000,-30.9306735992
20689610000000,-31.4785957336
20690030000000,-32.6906089783
20690480000000,-33.6942100525
20690920000000,-34.7787361145
20691370000000,-35.7085952759
20691810000000,-31.4694786072
20692260000000,22.5780658722
20692690000000,89.6961135864
20693120000000,144.281478882
20693560000000,174.030639648
20694000000000,121.088157654
20694440000000,85.7935714722
20694890000000,85.3644180298
20695320000000,85.9442901611
20695760000000,86.6514663696
20696190000000,87.3279953003
20696620000000,88.2059020996
20697080000000,89.2238464355
20697530000000,90.3996200562
20698000000000,91.4906005859
20698430000000,93.204208374
20698880000000,94.0125274658
20699300000000,95.0075531006
20699750000000,97.1922607422
20700220000000,99.6044769287
20700650000000,102.748306274
20701100000000,105.366920471
20701550000000,108.040496826
20702000000000,110.551399231
20702440000000,113.49835968
20702860000000,116.031799316
20703310000000,118.694564819
20703730000000,121.207199097
20704150000000,123.666549683
20704580000000,126.099975586
20705030000000,128.839920044
20705480000000,131.610351562
20705930000000,133.863113403
20706360000000,136.339019775
20706800000000,138.343765259
20707230000000,140.482498169
20707660000000,142.638000488
20708080000000,145.394851685
20708520000000,148.005432129
20708960000000,150.123275757
20709370000000,152.107833862
20709830000000,153.731399536
20710310000000,154.988510132
20710750000000,158.539657593
20711150000000,160.945831299
20711590000000,168.790283203
20712010000000,175.806427002
20712420000000,175.334732056
20712840000000,169.45161438
20713260000000,170.180755615
20713690000000,171.302001953
20714150000000,172.301177979
20714560000000,173.654571533
20714960000000,174.485305786
20715400000000,173.615432739
20715860000000,173.793579102
20716290000000,169.836364746
20716690000000,176.945373535
20717150000000,159.615356445
20717560000000,130.383590698
20717980000000,135.253479004
20718420000000,131.405960083
20718850000000,130.254074097
20719260000000,136.201782227
20719670000000,134.453903198
20720110000000,-137.363586426
20720540000000,-147.350402832
20720950000000,-153.579330444
20721370000000,-156.848342896
20721780000000,-159.807983398
20722190000000,-161.336120605
20722610000000,-162.141494751
20723030000000,-162.806350708
20723440000000,-162.279434204
20723840000000,-162.546646118
20724270000000,-162.566558838
20724690000000,-162.610046387
20725120000000,-162.660324097
20725560000000,-162.70149231
20725980000000,-162.729644775
20726400000000,-163.326400757
20726840000000,-163.225738525
20727260000000,-163.500442505
20727660000000,-163.797775269
20728070000000,-164.034042358
20728510000000,-164.341430664
20728920000000,-164.52583313
20729340000000,-164.849685669
20729790000000,-165.313400269
20730210000000,-165.835189819
20730620000000,-166.291046143
20731020000000,-166.71295166
20731410000000,-167.088150024
20731830000000,-167.422180176
20732220000000,-167.76940918
20732650000000,-168.079040527
20733060000000,-168.385986328
20733480000000,-168.67515564
20733880000000,-168.946960449
20734280000000,-169.192596436
20734700000000,-169.427093506
20735130000000,-169.658309937
20735510000000,-169.879318237
20735940000000,-170.069641113
20736370000000,-170.279327393
20736780000000,-170.469680786
20737180000000,-170.650741577
20737590000000,-170.8150177
20738020000000,-170.972412109
20738510000000,-171.137664795
20738910000000,-171.309539795
20739300000000,-171.446395874
20739730000000,-171.577911377
20740140000000,-171.704742432
20740560000000,-171.838897705
20741000000000,-171.962341309
20741390000000,-172.0859375
20741790000000,-172.188919067
20742190000000,-172.293777466
20742590000000,-172.394958496
20742990000000,-172.492080688
20743430000000,-172.581253052
20743850000000,-172.685668945
20744260000000,-172.776763916
20744700000000,172.799743652
20745190000000,173.186569214
20745610000000,173.761230469
20746030000000,174.203430176
20746450000000,174.655822754
20746840000000,175.131576538
20747280000000,175.547958374
20747730000000,175.976715088
20748150000000,176.413513184
20748570000000,176.804779053
20748980000000,177.205627441
20749400000000,177.525650024
20749850000000,177.86378479
20750280000000,178.431793213
20750690000000,178.954849243
20751100000000,179.534896851
20751500000000,179.884628296
20752030000000,179.347702026
20752440000000,178.635848999
20752860000000,178.078491211
20753250000000,177.523483276
20753690000000,177.038742065
20754140000000,176.472625732
20754570000000,175.83921814
20754980000000,175.230529785
20755410000000,174.638015747
20755870000000,174.047744751
20756300000000,173.38822937
20756710000000,172.786437988
20757160000000,172.3724823
