14107740000000,146.640991211
14108450000000,151.340209961
14109270000000,155.971115112
14109990000000,161.269226074
14110720000000,166.534545898
14111430000000,172.226760864
14112130000000,178.034393311
14112800000000,176.345718384
14113470000000,171.00592041
14114150000000,166.119033813
14114760000000,161.506668091
14115420000000,156.094451904
14116130000000,153.292144775
14116780000000,149.794830322
14117390000000,144.989257812
14118000000000,141.660888672
14118660000000,138.57762146
14119300000000,134.828643799
14119920000000,128.462600708
14120550000000,132.05241394
14121200000000,131.783233643
14121830000000,125.141082764
14122470000000,124.131324768
14123120000000,123.331375122
14123730000000,127.455879211
14124360000000,123.672798157
14125020000000,116.167671204
14125670000000,78.0649108887
14126270000000,39.9502220154
14126920000000,96.8048477173
14127570000000,157.162521362
14128250000000,128.891555786
14128870000000,156.01133728
14129560000000,136.280502319
14130210000000,158.739028931
14130840000000,148.064285278
14131500000000,142.677719116
14132130000000,137.163574219
14132730000000,137.24055481
14133390000000,137.179718018
14134020000000,168.745040894
14134690000000,165.258422852
14135330000000,159.109909058
14135990000000,150.805969238
14136640000000,140.47164917
14137270000000,140.059799194
14137870000000,138.99822998
14138500000000,138.220611572
14139150000000,136.128555298
14139770000000,133.107513428
14140400000000,130.542785645
14141010000000,127.367744446
14141590000000,124.624107361
14142180000000,122.111869812
14142780000000,119.017906189
14143370000000,115.998886108
14144040000000,112.965438843
14144660000000,109.401252747
14145270000000,106.198753357
14145890000000,103.153160095
14146530000000,101.423431396
14147160000000,101.760566711
14147750000000,133.307876587
14148370000000,143.745101929
14148990000000,127.516494751
14149600000000,115.127449036
14150190000000,-96.0046844482
14150790000000,-95.0564575195
14151440000000,-97.763710022
14152080000000,-101.243896484
14152740000000,-105.372322083
14153350000000,-108.182502747
14153990000000,-110.516517639
14154580000000,-114.188369751
14155170000000,-121.131797791
14155810000000,-128.969085693
14156400000000,-132.507019043
14156960000000,-134.204467773
14157550000000,-136.069732666
14158150000000,-137.124481201
14158760000000,-138.478805542
14159430000000,-140.132781982
14160010000000,-141.798141479
14160560000000,-143.209457397
14161150000000,-144.210235596
14161740000000,-145.183166504
14162340000000,-146.134017944
14162940000000,-150.050216675
14163540000000,-150.855361938
14164130000000,-151.68586731
14164740000000,-152.422363281
14165320000000,156.875350952
14165960000000,157.499633789
14166550000000,158.126602173
14167160000000,158.728179932
14167750000000,159.299209595
14168350000000,159.901046753
14168970000000,176.16960144
14169560000000,176.310241699
14170170000000,176.623748779
14170800000000,179.1512146
14171420000000,172.627212524
14172050000000,168.504302979
14172640000000,162.672592163
14173230000000,158.846343994
14173790000000,158.632293701
14174370000000,158.38873291
14174960000000,158.13609314
14175550000000,157.847518921
14176150000000,157.406387329
14176740000000,156.993942261
14177350000000,156.455871582
14178010000000,156.017028809
14178630000000,155.607803345
14179220000000,155.169143677
14179830000000,154.758102417
14180440000000,154.355667114
14181030000000,153.879043579
14181630000000,153.364532471
