
12364620000000,152.429931641
12365380000000,152.430023193
12366190000000,152.430099487
12366910000000,154.348815918
12367670000000,158.912719727
12368430000000,163.294952393
12369140000000,167.608795166
12369850000000,172.334518433
12370570000000,177.83996582
12371250000000,176.442367554
12371940000000,171.075714111
12372620000000,165.55696106
12373260000000,160.660568237
12373900000000,156.132843018
12374570000000,150.858673096
12375270000000,145.872421265
12375960000000,140.402374268
12376580000000,137.16293335
12377240000000,135.821136475
12377900000000,135.704376221
12378540000000,117.211936951
12379230000000,115.86831665
12379890000000,112.904884338
12380540000000,108.121070862
12381180000000,99.110824585
12381820000000,92.3109054565
12382490000000,74.0241546631
12383100000000,88.0433578491
12383730000000,154.444107056
12384400000000,147.552490234
12385020000000,159.971405029
12385680000000,154.364532471
12386310000000,146.556030273
12386970000000,141.835220337
12387590000000,136.859603882
12388270000000,134.173904419
12388940000000,133.216629028
12389560000000,160.230499268
12390190000000,165.538330078
12390840000000,163.679656982
12391490000000,162.361160278
12392120000000,160.977523804
12392770000000,160.253082275
12393370000000,151.39201355
12394050000000,141.828918457
12394730000000,141.169677734
12395350000000,139.929229736
12396000000000,138.665420532
12396660000000,136.734268188
12397280000000,134.295043945
12397910000000,131.589691162
12398510000000,128.691879272
12399160000000,126.117088318
12399760000000,123.026794434
12400360000000,120.621810913
12400950000000,117.873847961
12401660000000,114.979972839
12402280000000,111.542602539
12402900000000,108.625831604
12403510000000,105.979904175
12404120000000,105.175521851
12404720000000,104.571975708
12405340000000,121.839324951
12405980000000,162.768585205
12406610000000,-83.7603225708
12407240000000,-72.8577728271
12407850000000,-71.8640670776
12408470000000,-70.5125045776
12409060000000,-68.3010253906
12409670000000,-63.4316368103
12410300000000,-63.2666854858
12410910000000,-66.4129867554
12411500000000,-69.2003555298
12412120000000,-71.9384002686
12412750000000,-76.8931732178
12413380000000,-85.1311569214
12414020000000,-91.3385696411
12414630000000,-105.800666809
12415220000000,-114.290962219
12415820000000,-126.764961243
12416470000000,-140.836517334
12417070000000,-142.138626099
12417660000000,-148.16003418
12418300000000,158.600601196
12418890000000,169.521392822
12419510000000,169.76083374
12420100000000,170.415908813
12420780000000,171.03944397
12421360000000,170.636108398
12421940000000,168.08782959
12422530000000,168.147720337
12423140000000,168.139755249
12423730000000,168.938659668
12424330000000,169.465133667
12424950000000,169.891799927
12425530000000,170.354675293
12426120000000,170.776229858
12426740000000,171.295822144
12427340000000,171.620254517
12427910000000,171.980300903
12428530000000,172.291046143
12429120000000,172.638137817
12429750000000,172.98626709
12430350000000,173.64755249
12430950000000,174.77180481
12431570000000,171.295898438
12432190000000,164.111785889
12432780000000,159.975967407
12433410000000,159.906814575
12434020000000,159.814147949
12434670000000,159.652511597
12435280000000,159.337463379
12435880000000,158.905838013
12436490000000,158.447570801
12437080000000,157.766708374
12437660000000,157.143951416
12438280000000,156.536270142
12438900000000,155.914215088
12439540000000,155.320404053
12440180000000,154.704559326
12440780000000,154.115707397
12441440000000,153.578567505
12442050000000,153.429870605
12442680000000,153.429550171
