11406630000000,153.674728394
11407390000000,153.674728394
11408130000000,158.650650024
11408860000000,163.179901123
11409570000000,168.5703125
11410300000000,173.810241699
11410970000000,179.429641724
11411650000000,175.621246338
11412300000000,170.625915527
11412990000000,166.227233887
11413640000000,161.807601929
11414270000000,157.007965088
11414910000000,152.737701416
11415550000000,148.263381958
11416210000000,143.597366333
11416800000000,139.960754395
11417460000000,136.624053955
11418150000000,133.842636108
11418760000000,131.321838379
11419370000000,128.621887207
11420040000000,117.700325012
11420670000000,118.512947083
11421290000000,128.642486572
11421970000000,127.879005432
11422590000000,130.299331665
11423230000000,127.564239502
11423890000000,124.393196106
11424550000000,137.496902466
11425180000000,120.40852356
11425790000000,124.254577637
11426440000000,122.671829224
11427070000000,120.910095215
11427740000000,118.067634583
11428410000000,135.740386963
11429040000000,155.800308228
11429680000000,170.034805298
11430310000000,153.302764893
11430950000000,166.354736328
11431620000000,162.604644775
11432270000000,168.684371948
11432910000000,177.22593689
11433550000000,164.342666626
11434160000000,155.418121338
11434790000000,140.933609009
11435400000000,141.556274414
11436010000000,139.83430481
11436620000000,137.525817871
11437240000000,135.369918823
11437840000000,132.761322021
11438550000000,129.498794556
11439150000000,127.088882446
11439740000000,125.423606873
11440350000000,122.972610474
11441000000000,120.301528931
11441610000000,117.929275513
11442200000000,114.288711548
11442810000000,110.902908325
11443510000000,107.860023499
11444120000000,105.018104553
11444750000000,103.190063477
11445410000000,153.575286865
11446040000000,131.552078247
11446670000000,108.461219788
11447280000000,-96.6502914429
11447890000000,-63.5984916687
11448550000000,-66.8365402222
11449160000000,-72.7610321045
11449780000000,-95.3826293945
11450370000000,-105.633827209
11451020000000,-112.616966248
11451690000000,-116.589042664
11452300000000,-124.141616821
11452900000000,-130.784912109
11453500000000,-133.785003662
11454080000000,-134.121124268
11454690000000,145.409362793
11455300000000,-135.585922241
11455880000000,-137.808670044
11456440000000,-139.163848877
11457120000000,-140.387741089
11457730000000,-141.794204712
11458300000000,-142.915893555
11458910000000,-143.980392456
11459510000000,-145.491439819
11460170000000,-146.221252441
11460790000000,-147.259063721
11461370000000,-148.16607666
11461940000000,-148.975708008
11462550000000,-149.721588135
11463220000000,-150.467086792
11463810000000,-151.289764404
11464440000000,-151.923324585
11465020000000,-152.646179199
11465610000000,-153.24899292
11466170000000,-153.821868896
11466800000000,-154.626113892
11467400000000,164.699386597
11468010000000,166.832321167
11468650000000,176.305725098
11469270000000,174.235183716
11469940000000,159.236999512
11470560000000,159.069107056
11471150000000,158.838378906
11471760000000,158.638580322
11472420000000,158.418991089
11472990000000,158.201812744
11473620000000,158.024658203
11474210000000,157.829696655
11474810000000,157.61605835
11475370000000,157.44833374
11475990000000,157.369491577
11476590000000,156.689483643
11477230000000,156.008453369
11477820000000,155.482696533
11478420000000,154.886901855
11479000000000,154.452453613
11479590000000,154.050170898
11480190000000,153.622283936
