
12702010000000,112.446784973
12702790000000,112.446846008
12703550000000,112.446868896
12704320000000,112.9790802
12705060000000,114.264709473
12705800000000,115.287055969
12706510000000,116.461105347
12707210000000,117.706207275
12707920000000,118.919487
12708600000000,119.814849854
12709270000000,120.348426819
12709920000000,120.598136902
12710580000000,120.850723267
12711240000000,141.615844727
12711840000000,164.297637939
12712490000000,129.584533691
12713140000000,71.6758499146
12713790000000,46.3513793945
12714410000000,44.8829498291
12715090000000,41.7999763489
12715720000000,25.9539146423
12716330000000,6.5452747345
12716980000000,5.01655769348
12717630000000,11.6202945709
12718290000000,15.5648593903
12718930000000,12.5579223633
12719570000000,-39.0670967102
12720250000000,-83.2439727783
12720880000000,-82.4493408203
12721530000000,-81.921295166
12722220000000,83.3064956665
12722860000000,85.5186157227
12723470000000,88.1892242432
12724140000000,90.8944778442
12724760000000,94.2441253662
12725380000000,96.6851196289
12726040000000,99.564125061
12726700000000,103.853729248
12727340000000,108.147628784
12727990000000,111.637748718
12728640000000,114.146286011
12729270000000,117.930282593
12729900000000,121.683486938
12730510000000,125.940597534
12731190000000,130.15914917
12731820000000,135.148468018
12732440000000,139.296310425
12733060000000,143.304153442
12733690000000,147.123626709
12734280000000,148.454467773
12734890000000,149.919403076
12735480000000,151.366928101
12736090000000,153.042068481
12736670000000,168.288787842
12737240000000,158.434371948
12737870000000,154.099960327
12738470000000,156.020858765
12739090000000,158.557907104
12739720000000,162.845855713
12740330000000,177.367340088
12740940000000,173.854019165
12741540000000,166.03352356
12742140000000,149.915328979
12742770000000,175.124084473
12743390000000,-137.831100464
12744020000000,-131.981582642
12744680000000,-136.84362793
12745280000000,-141.181549072
12745910000000,-143.588882446
12746550000000,-145.879211426
12747150000000,-165.848937988
12747770000000,-162.154434204
12748390000000,-149.114364624
12749020000000,-149.973251343
12749630000000,-150.753494263
12750290000000,-157.330123901
12750880000000,-163.953720093
12751490000000,-164.382354736
12752090000000,-164.671539307
12752710000000,-164.834503174
12753330000000,166.060882568
12753930000000,167.781036377
12754540000000,169.313842773
12755180000000,170.724273682
12755770000000,-171.950332642
12756340000000,-172.273269653
12756930000000,-172.572525024
12757570000000,-172.848434448
12758170000000,-173.123168945
12758780000000,-173.371109009
12759380000000,-173.602737427
12760000000000,-173.811920166
12760610000000,-174.013442993
12761190000000,-174.1953125
12761800000000,-174.360153198
12762420000000,-174.525772095
12763010000000,-174.682662964
12763610000000,-174.821380615
12764240000000,-174.956878662
12764830000000,-175.089889526
12765440000000,-175.208969116
12766080000000,175.314208984
12766680000000,175.550674438
12767290000000,176.210021973
12767930000000,176.856231689
12768500000000,177.543640137
12769120000000,178.145843506
12769740000000,178.769866943
12770350000000,179.367431641
12770940000000,179.922790527
12771530000000,179.53717041
12772150000000,179.115524292
12772780000000,178.420562744
12773410000000,177.694366455
12773970000000,176.970611572
12774580000000,176.35256958
12775230000000,175.524703979
12775820000000,174.583480835
12776430000000,173.620422363
12777010000000,172.664001465
12777600000000,171.756332397
12778220000000,171.141876221
12778840000000,171.136062622
12779450000000,171.135559082
