
20352890000000,125.02671051
20353410000000,134.1847229
20353920000000,145.030273438
20354450000000,145.205764771
20354950000000,148.362731934
20355470000000,151.094146729
20355960000000,155.828018188
20356430000000,156.69934082
20356920000000,157.420547485
20357400000000,158.107452393
20357870000000,158.846984863
20358370000000,159.647201538
20358870000000,160.324188232
20359310000000,161.163070679
20359790000000,163.149841309
20360270000000,175.094039917
20360740000000,168.011566162
20361180000000,133.466751099
20361610000000,120.367675781
20362070000000,115.956436157
20362530000000,88.3899154663
20362960000000,48.0272674561
20363390000000,8.96868038177
20363870000000,-24.5107421875
20364310000000,-24.3471183777
20364890000000,-24.635225296
20365400000000,-24.6074562073
20365930000000,-24.5286083221
20366370000000,-24.0998916626
20366810000000,-12.1688947678
20367230000000,-10.2367830276
20367650000000,-11.2447957993
20368080000000,-13.1986608505
20368520000000,-23.9227752686
20368970000000,-23.8205051422
20369420000000,-23.974647522
20369880000000,-24.3478736877
20370310000000,-24.6340904236
20370760000000,-24.9438228607
20371200000000,-25.2486419678
20371630000000,-25.5483531952
20372070000000,-25.8515148163
20372500000000,-26.1271438599
20372940000000,-26.2323894501
20373400000000,-26.2344360352
20373820000000,-26.3689517975
20374250000000,23.3586368561
20374720000000,73.3381195068
20375170000000,132.326705933
20375600000000,174.281921387
20376030000000,124.631477356
20376480000000,124.07648468
20376930000000,122.676559448
20377390000000,123.002677917
20377830000000,110.762123108
20378310000000,96.9154510498
20378740000000,99.1097869873
20379200000000,89.4006958008
20379630000000,73.2816619873
20380080000000,61.1884307861
20380530000000,52.1548233032
20380980000000,24.8373451233
20381420000000,22.0759239197
20381850000000,-21.9771595001
20382280000000,-22.398443222
20382700000000,-22.8315525055
20383150000000,-23.2735061646
20383570000000,-23.7438907623
20384000000000,-24.0472335815
20384450000000,24.0455188751
20384900000000,23.9774646759
20385360000000,23.9474887848
20385800000000,24.0308532715
20386230000000,49.2491455078
20386680000000,88.9903411865
20387100000000,107.193626404
20387560000000,98.0768432617
20388040000000,98.9230041504
20388480000000,99.5135192871
20388910000000,106.839416504
20389340000000,126.807609558
20389770000000,127.919128418
20390200000000,125.672798157
20390640000000,127.873245239
20391070000000,151.982727051
20391490000000,170.374847412
20391950000000,136.198623657
20392380000000,104.296279907
20392820000000,79.3342285156
20393250000000,69.4848709106
20393680000000,59.7238082886
20394110000000,50.2267303467
20394520000000,57.8616905212
20394930000000,63.4353370667
20395360000000,63.3384780884
20395790000000,62.8427848816
20396210000000,62.4180641174
20396650000000,62.0257911682
20397050000000,59.4070014954
20397480000000,57.2847938538
20397900000000,60.606464386
20398310000000,61.6702842712
20398720000000,56.7317581177
20399150000000,51.513458252
20399570000000,69.2392425537
20400010000000,83.2480773926
20400450000000,109.777931213
20400870000000,150.234008789
20401290000000,155.319229126
20401700000000,114.787994385
20402110000000,64.9716873169
20402530000000,11.6364459991
20402950000000,-11.5833864212
20403430000000,-11.6956682205
20403850000000,-11.9841861725
20404260000000,-12.2403354645
20404690000000,-12.4905776978
20405120000000,-12.820069313
20405530000000,-13.0644321442
20405940000000,-13.3397846222
20406380000000,-13.608080864
20406810000000,-13.9424524307
20407250000000,-14.3115682602
20407690000000,-14.6905632019
20408140000000,-15.0788965225
20408560000000,-15.4776735306
20408960000000,-15.8679819107
20409370000000,-16.2479381561
20409780000000,-16.6533718109
20410190000000,-17.0534362793
20410640000000,-17.4724941254
20411070000000,-17.9055194855
20411470000000,-18.3058185577
20411900000000,-18.6302280426
20412370000000,-18.9759120941
20412790000000,-19.4086761475
20413200000000,-19.790184021
20413620000000,-20.1628932953
20414060000000,-20.5502281189
20414470000000,-20.9195232391
20414900000000,21.1745071411
20415300000000,21.5034389496
20415740000000,21.7686920166
20416170000000,22.1150093079
20416570000000,22.4662685394
20416970000000,22.7981319427
20417390000000,23.1445350647
20417780000000,23.5164394379
20418170000000,23.8677310944
20418580000000,24.2500591278
20418980000000,24.642250061
20419370000000,25.058172226
20419780000000,25.4850692749
20420190000000,25.9263572693
20420620000000,26.4117450714
20421030000000,26.9113388062
20421490000000,27.4412956238
20421900000000,28.0651798248
20422350000000,28.628862381
20422760000000,29.3433055878
20423190000000,29.9742221832
20423620000000,30.7069835663
20424030000000,31.4396209717
20424480000000,32.2060661316
20424910000000,33.0499954224
20425320000000,33.9343795776
20425760000000,34.778301239
20426180000000,35.7557983398
20426610000000,36.7301101685
20427030000000,37.8075790405
20427480000000,38.8895950317
20427880000000,40.0837516785
20428300000000,41.2295036316
20428760000000,42.4926948547
20429170000000,43.9303131104
20429600000000,45.2591590881
20430030000000,46.0130729675
20430450000000,46.7278633118
20430850000000,47.6497344971
20431270000000,48.5738334656
20431670000000,49.3344497681
20432080000000,49.7974624634
20432520000000,50.4104919434
20432960000000,51.2580413818
20433380000000,51.6956329346
20433810000000,52.0789375305
20434210000000,52.6062889099
20434630000000,53.0687637329
20435050000000,53.4238395691
20435540000000,54.004573822
20436000000000,54.7842483521
20436420000000,55.6628417969
20436800000000,56.5940208435
20437230000000,57.4299964905
20437640000000,58.7017593384
20438050000000,58.5551071167
20438480000000,72.8339614868
20438920000000,76.401222229
20439340000000,77.9174194336
20439740000000,89.5358123779
20440150000000,93.0413284302
