
20352890000000,151.193878174
20353410000000,154.390487671
20353920000000,157.592437744
20354450000000,160.750564575
20354950000000,163.563491821
20355470000000,166.797271729
20355960000000,170.34463501
20356430000000,173.621490479
20356920000000,177.137802124
20357400000000,179.278762817
20357870000000,175.679275513
20358370000000,172.051940918
20358870000000,168.320663452
20359310000000,164.602432251
20359790000000,161.482757568
20360270000000,159.116271973
20360740000000,156.647369385
20361180000000,156.528793335
20361610000000,155.062042236
20362070000000,152.085250854
20362530000000,149.547180176
20362960000000,146.917129517
20363390000000,144.629425049
20363870000000,142.495864868
20364310000000,131.120162964
20364890000000,130.406082153
20365400000000,120.439689636
20365930000000,122.549201965
20366370000000,140.688354492
20366810000000,139.661682129
20367230000000,137.938842773
20367650000000,136.036346436
20368080000000,133.945526123
20368520000000,131.364349365
20368970000000,128.838424683
20369420000000,118.2525177
20369880000000,120.545448303
20370310000000,125.747390747
20370760000000,125.343818665
20371200000000,125.118759155
20371630000000,124.720497131
20372070000000,124.066497803
20372500000000,123.01700592
20372940000000,123.625061035
20373400000000,127.784446716
20373820000000,141.003189087
20374250000000,135.448104858
20374720000000,138.493850708
20375170000000,144.59197998
20375600000000,138.717285156
20376030000000,136.805618286
20376480000000,132.307510376
20376930000000,124.982566833
20377390000000,119.918281555
20377830000000,118.412826538
20378310000000,119.303634644
20378740000000,119.196746826
20379200000000,127.98815918
20379630000000,144.759902954
20380080000000,156.090087891
20380530000000,164.09312439
20380980000000,169.363311768
20381420000000,124.801696777
20381850000000,-90.3015441895
20382280000000,-94.3291397095
20382700000000,-97.9646224976
20383150000000,-101.452087402
20383570000000,-107.973373413
20384000000000,-124.631774902
20384450000000,147.23324585
20384900000000,169.025421143
20385360000000,176.767776489
20385800000000,178.791687012
20386230000000,144.776229858
20386680000000,140.622375488
20387100000000,139.230667114
20387560000000,138.663772583
20388040000000,138.020523071
20388480000000,137.135910034
20388910000000,136.471450806
20389340000000,135.548873901
20389770000000,134.740081787
20390200000000,133.828613281
20390640000000,132.910125732
20391070000000,132.009719849
20391490000000,130.956329346
20391950000000,130.030914307
20392380000000,128.63822937
20392820000000,127.219772339
20393250000000,125.358390808
20393670000000,123.372505188
20394110000000,121.583152771
20394520000000,119.638999939
20394930000000,117.841125488
20395360000000,115.801834106
20395790000000,113.70489502
20396210000000,111.525154114
20396650000000,109.455932617
20397050000000,107.814781189
20397480000000,107.191970825
20397900000000,105.775680542
20398310000000,104.021339417
20398720000000,102.588500977
20399150000000,102.494995117
20399570000000,101.791099548
20400010000000,100.754989624
20400450000000,101.00151062
20400870000000,101.349464417
20401290000000,102.091339111
20401700000000,131.831893921
20402110000000,178.586517334
20402530000000,124.576217651
20402950000000,-83.9851303101
20403430000000,-85.442779541
20403850000000,-87.2756576538
20404260000000,-89.2451553345
20404690000000,-91.169883728
20405120000000,-92.6612625122
20405530000000,-90.6237716675
20405940000000,-94.5670013428
20406380000000,-91.1587753296
20406810000000,-91.4281921387
20407250000000,-93.3415679932
20407690000000,-95.2411270142
20408140000000,-97.1136932373
20408560000000,-98.9247436523
20408960000000,-100.610519409
20409370000000,-102.227432251
20409780000000,-103.981269836
20410190000000,-106.17817688
20410640000000,-108.875083923
20411070000000,-115.808753967
20411470000000,-126.228134155
20411900000000,-129.374084473
20412370000000,-129.736373901
20412790000000,-131.507827759
20413200000000,-132.783447266
20413620000000,-133.759628296
20414060000000,-135.640106201
20414470000000,-138.842346191
20414890000000,147.337280273
20415300000000,151.418182373
20415740000000,153.219497681
20416170000000,153.666549683
20416570000000,154.627624512
20416970000000,155.022369385
20417390000000,155.693374634
20417780000000,156.484954834
20418170000000,156.594451904
20418580000000,157.426071167
20418980000000,158.049179077
20419370000000,158.237823486
20419780000000,158.68107605
20420190000000,159.144317627
20420620000000,159.559555054
20421030000000,160.030975342
20421490000000,160.38494873
20421900000000,160.880050659
20422350000000,160.787948608
20422760000000,158.266082764
20423190000000,158.551483154
20423620000000,158.992019653
20424030000000,159.365219116
20424480000000,159.717010498
20424910000000,160.100036621
20425320000000,160.445892334
20425760000000,160.727935791
20426180000000,161.078826904
20426610000000,161.357635498
20427030000000,161.687667847
20427480000000,161.975234985
20427880000000,162.267181396
20428300000000,162.531219482
20428760000000,162.798721313
20429170000000,164.075027466
20429600000000,165.968902588
20430030000000,177.287231445
20430450000000,160.41758728
20430850000000,160.380142212
20431270000000,160.343582153
20431670000000,160.280670166
20432080000000,160.07572937
20432520000000,159.941864014
20432960000000,159.804214478
20433380000000,159.496994019
20433810000000,159.172027588
20434210000000,158.867904663
20434630000000,158.585952759
20435050000000,158.339859009
20435540000000,158.068344116
20436000000000,157.765777588
20436420000000,157.484115601
20436800000000,157.235366821
20437230000000,157.035140991
20437640000000,156.850128174
20438050000000,156.510848999
20438480000000,156.298477173
20438920000000,155.921432495
20439340000000,155.473403931
20439740000000,155.081512451
20440150000000,154.669570923
