
20018450000000,106.595161438
20019010000000,107.199241638
20019550000000,107.987693787
20020080000000,108.788703918
20020590000000,109.634651184
20021120000000,110.457435608
20021600000000,111.476737976
20022140000000,112.318328857
20022680000000,112.954849243
20023180000000,113.983093262
20023680000000,114.968833923
20024170000000,116.013122559
20024650000000,117.073348999
20025100000000,118.188781738
20025600000000,119.325180054
20026090000000,120.548698425
20026550000000,121.593215942
20026990000000,122.245574951
20027430000000,123.1953125
20027870000000,123.958221436
20028300000000,124.554870605
20028750000000,124.630699158
20029210000000,151.661529541
20029630000000,166.875030518
20030080000000,167.85168457
20030550000000,176.365982056
20031010000000,166.06010437
20031430000000,158.736679077
20031900000000,146.872406006
20032360000000,116.135887146
20032810000000,92.1196670532
20033230000000,67.1811141968
20033670000000,29.4831600189
20034140000000,-7.92347955704
20034590000000,-8.15473079681
20035030000000,-1.48721182346
20035450000000,-3.06532764435
20035880000000,-1.29615485668
20036290000000,-1.65540623665
20036730000000,-2.19118571281
20037180000000,-3.98486089706
20037610000000,-5.62880468369
20038050000000,-7.09886169434
20038480000000,-4.38498973846
20038930000000,3.77030920982
20039360000000,28.8206443787
20039790000000,66.5407028198
20040250000000,115.275306702
20040690000000,155.339355469
20041110000000,151.186752319
20041570000000,91.6988067627
20042000000000,92.4106369019
20042430000000,92.7345809937
20042880000000,93.3625411987
20043320000000,94.0408859253
20043750000000,94.0275039673
20044180000000,94.3731155396
20044630000000,94.7710647583
20045070000000,95.1340255737
20045520000000,95.0905761719
20045970000000,95.5107116699
20046410000000,97.066734314
20046820000000,99.3629837036
20047250000000,101.89176178
20047700000000,103.547935486
20048140000000,106.205581665
20048560000000,109.063796997
20049020000000,111.682815552
20049450000000,114.835243225
20049890000000,117.364143372
20050310000000,119.969047546
20050740000000,121.751083374
20051150000000,123.538093567
20051590000000,125.422721863
20052020000000,127.641494751
20052450000000,130.021728516
20052870000000,132.287368774
20053310000000,134.59967041
20053740000000,137.108154297
20054150000000,139.788528442
20054560000000,141.666748047
20055000000000,143.669281006
20055420000000,145.599578857
20055880000000,154.640380859
20056280000000,155.008239746
20056700000000,155.312316895
20057110000000,155.603225708
20057540000000,156.057296753
20057990000000,154.481140137
20058420000000,154.097351074
20058880000000,151.242462158
20059300000000,151.731048584
20059720000000,151.588729858
20060150000000,152.228790283
20060560000000,152.581939697
20060970000000,156.051818848
20061390000000,144.224411011
20061830000000,141.049682617
20062250000000,135.675445557
20062660000000,139.618347168
20063090000000,136.330230713
20063490000000,133.901855469
20063900000000,-132.874038696
20064340000000,-133.773117065
20064770000000,141.160232544
20065190000000,146.504119873
20065600000000,-150.402557373
20066030000000,-152.747131348
20066490000000,-153.315124512
20066910000000,-153.816955566
20067320000000,-154.18812561
20067730000000,-154.559967041
20068130000000,-155.224151611
20068550000000,-155.586624146
20068960000000,-156.080078125
20069380000000,-156.953125
20069830000000,-157.406936646
20070240000000,-158.329910278
20070660000000,-159.124923706
20071070000000,-159.844924927
20071490000000,-160.450500488
20071960000000,-161.073577881
20072380000000,161.924743652
20072800000000,162.553390503
20073210000000,163.612136841
20073630000000,164.52645874
20074050000000,165.44291687
20074480000000,166.318206787
20074890000000,167.089569092
20075320000000,167.718048096
20075710000000,168.3802948
20076120000000,168.846939087
20076530000000,169.389892578
20076940000000,169.731521606
20077370000000,170.073410034
20077760000000,170.382507324
20078170000000,170.667205811
20078590000000,170.926010132
20078990000000,171.169067383
20079400000000,-171.407821655
20079810000000,-171.615844727
20080210000000,-171.787033081
20080640000000,-171.95501709
20081050000000,-172.108459473
20081450000000,-172.221328735
20081840000000,-172.326034546
20082240000000,-172.368179321
20082680000000,-172.429901123
20083070000000,-172.467147827
20083470000000,-172.464248657
20083860000000,-172.487747192
20084270000000,-172.506057739
20084670000000,-172.521286011
20085080000000,-172.547149658
20085520000000,-172.568908691
20085920000000,-172.595596313
20086340000000,-172.612365723
20086760000000,-172.644943237
20087180000000,-172.678863525
20087600000000,-172.712753296
20088020000000,-172.760375977
20088450000000,172.815353394
20088870000000,172.942520142
20089270000000,173.253570557
20089690000000,173.539459229
20090100000000,173.855514526
20090520000000,174.145233154
20090940000000,174.468719482
20091340000000,174.532302856
20091740000000,175.127960205
20092150000000,175.68901062
20092550000000,176.268508911
20092960000000,176.864181519
20093420000000,177.446594238
20093840000000,178.070343018
20094240000000,178.627151489
20094660000000,179.137649536
20095060000000,179.712036133
20095490000000,179.714828491
20095880000000,179.18258667
20096300000000,178.635162354
20096710000000,178.06288147
20097130000000,177.576400757
20097530000000,176.958190918
20097930000000,176.39491272
20098350000000,175.835739136
20098730000000,175.262893677
20099150000000,174.757919312
20099570000000,174.194564819
20099990000000,173.638763428
20100430000000,173.092681885
20100850000000,172.532730103
20101280000000,172.31678772
20101710000000,172.278488159
