13959960000000,138.114120483
13960690000000,138.937683105
13961410000000,143.326080322
13962150000000,145.391433716
13962850000000,146.501800537
13963530000000,147.483078003
13964240000000,148.544189453
13964910000000,149.570251465
13965600000000,152.645385742
13966260000000,162.265045166
13966930000000,169.839324951
13967580000000,150.479476929
13968230000000,116.232429504
13968850000000,72.8998794556
13969480000000,69.6959762573
13970140000000,50.443687439
13970800000000,5.09489107132
13971480000000,-23.3662891388
13972100000000,-23.6539974213
13972700000000,-24.2787322998
13973360000000,-24.6482543945
13974000000000,-25.0555114746
13974660000000,-25.4916820526
13975310000000,-25.9313030243
13975930000000,-26.3441696167
13976550000000,-26.5253944397
13977170000000,-4.85929536819
13977830000000,60.9329719543
13978430000000,136.582443237
13979060000000,170.914535522
13979700000000,134.122695923
13980370000000,110.373435974
13980980000000,61.646697998
13981630000000,57.862285614
13982260000000,43.4086875916
13982900000000,37.4541511536
13983530000000,23.5643520355
13984170000000,23.5674285889
13984800000000,23.5820884705
13985390000000,23.5983467102
13986040000000,35.1038284302
13986700000000,40.3586044312
13987320000000,57.4392166138
13987950000000,67.5327835083
13988580000000,88.9180831909
13989200000000,106.352088928
13989810000000,133.101226807
13990450000000,174.499298096
13991050000000,171.052047729
13991700000000,142.135345459
13992320000000,95.5467605591
13992970000000,78.8377685547
13993590000000,72.2147293091
13994230000000,57.0512657166
13994850000000,57.9505615234
13995460000000,57.2873191833
13996060000000,59.4265899658
13996680000000,58.5047950745
13997290000000,57.8598022461
13997910000000,57.4554634094
13998540000000,77.661529541
13999130000000,178.779998779
13999770000000,108.228683472
14000390000000,21.1177482605
14001000000000,11.6990785599
14001610000000,11.7943611145
14002230000000,11.9847841263
14002830000000,-12.2575702667
14003460000000,-12.8270483017
14004050000000,-13.3506155014
14004690000000,-13.8418092728
14005300000000,-14.4059314728
14005910000000,-14.973402977
14006520000000,-15.5458087921
14007160000000,-16.1545162201
14007750000000,-16.7558994293
14008360000000,-17.294090271
14008960000000,-17.8455486298
14009560000000,18.3639888763
14010140000000,18.8126430511
14010780000000,19.2290039062
14011450000000,19.7286472321
14012030000000,20.2892303467
14012620000000,20.7926616669
14013210000000,21.3233623505
14013790000000,21.9015655518
14014410000000,22.4920635223
14014980000000,23.1363658905
14015620000000,23.8189868927
14016190000000,24.5925769806
14016820000000,25.2854633331
14017460000000,26.1864490509
14018050000000,27.1220054626
14018640000000,28.0256996155
14019300000000,29.0262699127
14019900000000,30.1689357758
14020510000000,31.3676967621
14021120000000,32.5720939636
14021730000000,34.0041732788
14022310000000,35.4558143616
14022930000000,36.8882217407
14023640000000,38.4396476746
14024240000000,39.9209480286
14024830000000,41.1127891541
14025460000000,42.3064613342
14026060000000,43.4422607422
14026660000000,44.4191513062
14027240000000,44.9699058533
14027890000000,45.6828041077
14028490000000,51.3594322205
14029110000000,52.069606781
14029710000000,53.5070037842
14030350000000,54.7397079468
14030930000000,59.3381233215
14031490000000,64.9449768066
14032080000000,71.41771698
14032680000000,74.1467208862
14033310000000,77.86743927
14033940000000,83.6245574951
