11261340000000,134.597488403
11262080000000,136.952789307
11262780000000,136.177307129
11263490000000,137.085189819
11264160000000,138.081130981
11264830000000,139.047988892
11265530000000,140.296661377
11266180000000,166.872650146
11266840000000,152.724731445
11267510000000,151.511062622
11268160000000,148.702301025
11268810000000,111.137680054
11269450000000,65.2328262329
11270120000000,42.4830551147
11270740000000,14.6087093353
11271370000000,-3.26008749008
11272000000000,-20.362651825
11272630000000,-23.8548316956
11273260000000,-23.9913692474
11273880000000,-24.3490543365
11274530000000,-24.720199585
11275190000000,-25.0973701477
11275830000000,-25.4668674469
11276500000000,-25.9838218689
11277180000000,-26.4542045593
11277810000000,-6.89222145081
11278430000000,80.1085586548
11279080000000,157.116821289
11279730000000,117.863945007
11280360000000,101.781311035
11281010000000,115.882827759
11281650000000,115.675384521
11282260000000,75.1412353516
11282890000000,30.0535316467
11283510000000,30.1287212372
11284120000000,30.0229740143
11284770000000,29.7277393341
11285370000000,29.79986763
11286020000000,29.8074684143
11286650000000,29.910785675
11287290000000,43.2374534607
11287920000000,94.3638458252
11288570000000,140.220291138
11289230000000,143.748916626
11289830000000,167.259857178
11290450000000,126.841560364
11291090000000,116.823669434
11291710000000,79.5896377563
11292340000000,75.1988525391
11292940000000,74.2841567993
11293590000000,71.0128250122
11294200000000,70.4646148682
11294830000000,69.5720596313
11295420000000,72.957321167
11296060000000,109.104576111
11296660000000,142.772674561
11297290000000,147.911270142
11297910000000,59.2513275146
11298580000000,12.2718744278
11299200000000,-12.7136554718
11299800000000,-12.9825897217
11300430000000,-13.2441921234
11301070000000,-13.525932312
11301690000000,-13.8196716309
11302280000000,-14.1351194382
11302850000000,-14.4436292648
11303480000000,-14.6907615662
11304090000000,-15.1879768372
11304710000000,-15.6780548096
11305320000000,-16.2039985657
11305930000000,-16.7541255951
11306530000000,-17.3087425232
11307110000000,-17.8858585358
11307710000000,-18.4705715179
11308300000000,-19.098947525
11308880000000,-19.7591457367
11309470000000,-20.4011230469
11310100000000,-21.1453170776
11310690000000,-21.927816391
11311290000000,-22.6491527557
11311870000000,-23.3345012665
11312470000000,-24.0472145081
11313110000000,-24.7917480469
11313730000000,25.6406040192
11314320000000,26.4257049561
11314910000000,27.2190666199
11315490000000,28.0367507935
11316060000000,28.9021720886
11316670000000,29.8243656158
11317260000000,30.8383636475
11317850000000,31.9189491272
11318460000000,33.0359687805
11319090000000,34.3111877441
11319700000000,35.6827964783
11320310000000,37.1565971375
11320980000000,38.6058082581
11321560000000,39.8611030579
11322140000000,41.2040138245
11322740000000,42.3956680298
11323370000000,43.1392555237
11323980000000,44.0016441345
11324610000000,44.9424858093
11325190000000,46.0105285645
11325780000000,47.1430969238
11326370000000,48.49036026
11326990000000,49.893245697
11327610000000,51.1602859497
11328230000000,52.3637809753
11328830000000,55.2796669006
11329480000000,58.9436302185
11330080000000,76.8528442383
11330680000000,78.1949539185
11331280000000,81.0634536743
11331880000000,84.7984924316
11332470000000,88.5985870361
