
12519970000000,141.256820679
12520720000000,141.288711548
12521490000000,140.479995728
12522230000000,136.794403076
12522940000000,143.126907349
12523670000000,149.971939087
12524420000000,176.655670166
12525140000000,171.742218018
12525850000000,170.522338867
12526520000000,169.253555298
12527210000000,168.048858643
12527870000000,161.383651733
12528570000000,149.997955322
12529240000000,118.293930054
12529900000000,79.6595001221
12530590000000,50.5715713501
12531250000000,24.8800182343
12531880000000,1.48387014866
12532510000000,-9.05609512329
12533190000000,-21.3387298584
12533820000000,-23.9376544952
12534470000000,-24.4826526642
12535080000000,-25.1170864105
12535750000000,-25.7154693604
12536360000000,-26.2610759735
12537010000000,-26.5616607666
12537670000000,-11.4703216553
12538290000000,54.67552948
12538950000000,136.724578857
12539620000000,157.536254883
12540260000000,67.9772033691
12540900000000,60.4369659424
12541560000000,75.4720840454
12542220000000,76.5722808838
12542820000000,77.0512466431
12543410000000,65.5176620483
12544070000000,41.5383834839
12544710000000,25.261516571
12545410000000,25.2902336121
12546060000000,25.2955245972
12546770000000,36.0060920715
12547410000000,65.4999465942
12548060000000,99.7765731812
12548680000000,118.211235046
12549340000000,103.499092102
12549960000000,113.11378479
12550600000000,127.66583252
12551200000000,174.002410889
12551860000000,139.18057251
12552490000000,99.2249679565
12553120000000,84.1345291138
12553760000000,77.426399231
12554360000000,74.2982635498
12554980000000,73.6653442383
12555580000000,72.8331832886
12556240000000,72.1349563599
12556870000000,71.3140869141
12557520000000,70.605178833
12558120000000,147.117996216
12558750000000,134.464050293
12559370000000,46.6791801453
12559950000000,-9.64263153076
12560550000000,-10.062286377
12561180000000,-10.5615949631
12561780000000,-11.2601060867
12562400000000,-12.0583372116
12563020000000,-12.8864917755
12563620000000,-13.6556549072
12564220000000,-14.314696312
12564820000000,-15.0639152527
12565450000000,-15.8395414352
12566050000000,-16.6230888367
12566710000000,-17.360294342
12567310000000,17.813375473
12567920000000,18.1760654449
12568530000000,18.569272995
12569150000000,18.9679660797
12569770000000,19.3971424103
12570360000000,19.8640575409
12570960000000,20.3109340668
12571560000000,20.8213806152
12572150000000,21.3654556274
12572750000000,21.8980407715
12573350000000,22.4888153076
12573920000000,23.0992145538
12574530000000,23.7322902679
12575120000000,24.4338798523
12575770000000,25.1629238129
12576360000000,25.9887275696
12576940000000,26.8098678589
12577570000000,27.6519775391
12578190000000,28.607213974
12578780000000,29.6274337769
12579370000000,30.681344986
12579950000000,31.7662143707
12580540000000,32.9237480164
12581160000000,34.2016944885
12581810000000,35.575138092
12582400000000,37.198387146
12583010000000,38.7891845703
12583620000000,40.5012931824
12584260000000,42.1146316528
12584880000000,43.9972267151
12585460000000,45.0588340759
12586100000000,46.2499961853
12586690000000,47.0507164001
12587300000000,47.6838111877
12587940000000,48.4503135681
12588550000000,49.3376502991
12589190000000,49.9695014954
12589820000000,50.8192710876
12590410000000,51.0295219421
12591030000000,72.7394332886
12591670000000,80.2490234375
12592280000000,72.826210022
12592890000000,75.3546829224
12593500000000,77.8446960449
12594100000000,81.3946304321
12594720000000,86.8771514893
12595340000000,104.472839355
12595940000000,101.624855042
