13959960000000,108.649383545
13960690000000,109.608436584
13961410000000,110.643531799
13962150000000,111.381729126
13962850000000,112.43687439
13963530000000,113.532646179
13964240000000,114.69908905
13964910000000,116.062606812
13965600000000,117.43775177
13966260000000,118.82434845
13966930000000,119.408081055
13967580000000,120.071655273
13968230000000,150.444244385
13968850000000,164.325592041
13969480000000,159.075912476
13970140000000,137.073760986
13970800000000,87.3233108521
13971480000000,47.8333930969
13972100000000,8.16941261292
13972700000000,-6.3770813942
13973360000000,-3.65856838226
13974000000000,-9.43867588043
13974660000000,-13.8249521255
13975310000000,-15.9726457596
13975930000000,-17.8314743042
13976550000000,-19.1463279724
13977170000000,53.2637672424
13977830000000,119.027900696
13978430000000,164.947647095
13979060000000,111.678855896
13979700000000,86.4344863892
13980370000000,87.0996856689
13980980000000,88.372177124
13981630000000,90.8456573486
13982260000000,93.7424850464
13982900000000,97.5687637329
13983530000000,101.471870422
13984170000000,105.77192688
13984800000000,110.205574036
13985390000000,114.560974121
13986040000000,118.948005676
13986700000000,123.592285156
13987320000000,127.8385849
13987950000000,131.824432373
13988580000000,135.602020264
13989200000000,139.512802124
13989810000000,143.23324585
13990450000000,146.904449463
13991050000000,149.889678955
13991700000000,152.077102661
13992320000000,155.122146606
13992970000000,156.530609131
13993590000000,157.473526001
13994230000000,159.88482666
13994850000000,158.2837677
13995460000000,158.309234619
13996060000000,157.945419312
13996680000000,158.193710327
13997290000000,158.688446045
13997910000000,159.538528442
13998540000000,158.43711853
13999130000000,143.696517944
13999770000000,145.036941528
14000390000000,143.659759521
14001000000000,151.117797852
14001610000000,159.400497437
14002230000000,162.823287964
14002830000000,-165.867401123
14003460000000,-165.868011475
14004050000000,-166.158432007
14004690000000,-166.362579346
14005310000000,-166.543731689
14005910000000,-166.684143066
14006520000000,-166.799850464
14007160000000,-166.884567261
14007750000000,-167.162231445
14008360000000,-167.523223877
14008960000000,-167.900634766
14009560000000,168.299591064
14010140000000,169.005706787
14010780000000,169.596038818
14011450000000,170.208679199
14012030000000,170.793655396
14012620000000,171.244659424
14013210000000,171.660385132
14013790000000,172.056610107
14014410000000,172.409454346
14014980000000,172.747406006
14015620000000,173.06149292
14016190000000,173.371414185
14016820000000,173.615600586
14017460000000,173.894882202
14018050000000,174.147186279
14018640000000,174.361755371
14019300000000,174.570709229
14019900000000,174.778930664
14020510000000,174.96711731
14021120000000,175.132766724
14021730000000,175.307815552
14022310000000,175.462509155
14022930000000,175.562835693
14023640000000,175.788696289
14024240000000,176.237487793
14024830000000,176.716552734
14025460000000,177.131057739
14026060000000,177.754196167
14026660000000,178.30456543
14027240000000,179.086364746
14027890000000,179.818130493
14028490000000,179.409103394
14029110000000,178.486038208
14029710000000,177.590286255
14030350000000,176.714019775
14030930000000,175.857086182
14031490000000,175.076873779
14032080000000,174.355651855
14032680000000,173.459991455
14033310000000,172.616775513
14033940000000,171.767288208
