14107740000000,136.880371094
14108450000000,137.834777832
14109270000000,141.961395264
14109990000000,141.199951172
14110720000000,142.315856934
14111430000000,143.402267456
14112130000000,144.558563232
14112800000000,145.36668396
14113480000000,149.659988403
14114150000000,155.248001099
14114760000000,173.59034729
14115420000000,165.709259033
14116130000000,152.215026855
14116780000000,95.5145568848
14117390000000,92.1613311768
14118000000000,46.4405403137
14118660000000,-11.3161268234
14119300000000,-23.3231143951
14119920000000,-23.6468811035
14120550000000,-24.0355701447
14121200000000,-24.4234218597
14121830000000,-24.87383461
14122470000000,-25.2952957153
14123120000000,-25.6873016357
14123730000000,-26.0152549744
14124360000000,-26.3320446014
14125020000000,-26.6602993011
14125670000000,-26.9791297913
14126270000000,-27.0636863708
14126920000000,24.6221313477
14127570000000,119.106262207
14128250000000,172.893280029
14128870000000,109.087654114
14129570000000,84.1934890747
14130220000000,44.5348396301
14130840000000,52.5389785767
14131500000000,56.4555664062
14132130000000,61.7060470581
14132730000000,61.8653831482
14133390000000,62.1892433167
14134020000000,31.2056617737
14134690000000,33.2166290283
14135330000000,38.0374717712
14135990000000,46.0916976929
14136640000000,56.5119247437
14137270000000,84.4296646118
14137870000000,101.031578064
14138500000000,137.797485352
14139150000000,172.70791626
14139780000000,158.031555176
14140400000000,128.908966064
14141010000000,118.64806366
14141590000000,87.6407775879
14142180000000,61.0810279846
14142780000000,61.1121139526
14143370000000,66.8698959351
14144040000000,65.7762069702
14144660000000,65.0030288696
14145270000000,64.3260040283
14145890000000,63.6580657959
14146530000000,71.7968292236
14147160000000,173.241607666
14147750000000,111.625793457
14148370000000,27.5330600739
14148990000000,12.1942739487
14149600000000,12.3757648468
14150190000000,-12.8271942139
14150790000000,-13.180273056
14151440000000,-13.6261129379
14152080000000,-14.1640195847
14152740000000,-14.6481714249
14153350000000,-15.2170743942
14153990000000,-15.7406320572
14154580000000,-16.3030166626
14155170000000,-16.8546562195
14155810000000,-17.3611240387
14156400000000,-17.8738746643
14156960000000,-18.365852356
14157550000000,-18.8410968781
14158150000000,-19.3493003845
14158760000000,-19.8799991608
14159430000000,-20.4970207214
14160010000000,-21.1620349884
14160560000000,-21.7659416199
14161150000000,-22.3887634277
14161740000000,-23.0664749146
14162340000000,-23.8045368195
14162940000000,-24.5808963776
14163540000000,-25.3358020782
14164130000000,-26.1907863617
14164740000000,-27.0393886566
14165320000000,27.9831943512
14165960000000,28.8830947876
14166550000000,29.9092330933
14167160000000,30.9703445435
14167750000000,32.1445846558
14168350000000,33.2767333984
14168970000000,34.2911148071
14169560000000,35.4078636169
14170170000000,36.6197509766
14170800000000,37.7061271667
14171420000000,39.0420646667
14172050000000,40.2274208069
14172640000000,41.507270813
14173230000000,42.5949401855
14173790000000,43.2198600769
14174370000000,43.6067199707
14174960000000,44.1195411682
14175550000000,47.4938392639
14176150000000,47.6628227234
14176740000000,50.2784004211
14177350000000,53.0719566345
14178010000000,54.9854507446
14178630000000,55.143699646
14179220000000,56.0388221741
14179830000000,61.013923645
14180440000000,62.5162582397
14181030000000,75.0998458862
14181630000000,87.2653045654
