
12983490000000,110.926216125
12984260000000,110.92628479
12985030000000,110.926361084
12985750000000,111.023414612
12986520000000,112.001945496
12987300000000,112.93951416
12987970000000,114.172431946
12988660000000,115.378135681
12989340000000,116.654968262
12990010000000,117.517349243
12990670000000,117.629745483
12991300000000,117.986160278
12991980000000,118.365432739
12992640000000,118.802810669
12993280000000,139.219024658
12993970000000,179.798049927
12994610000000,139.752471924
12995270000000,104.236373901
12995900000000,81.8953781128
12996550000000,55.0080833435
12997190000000,26.2324714661
12997820000000,2.32257938385
12998460000000,-8.51368331909
12999100000000,-12.4294223785
12999710000000,-17.6522731781
13000350000000,-19.9004383087
13001030000000,-21.6947860718
13001670000000,-19.4048671722
13002290000000,30.3948173523
13002940000000,119.739013672
13003590000000,168.402175903
13004260000000,89.7594146729
13004870000000,85.4345397949
13005490000000,86.3904495239
13006110000000,87.8660964966
13006770000000,90.0559234619
13007440000000,93.315826416
13008080000000,97.4364776611
13008730000000,101.557693481
13009340000000,105.811759949
13010010000000,109.994812012
13010620000000,114.460716248
13011270000000,118.614151001
13011910000000,122.743011475
13012570000000,126.67565918
13013210000000,130.661132812
13013850000000,134.955780029
13014460000000,139.049667358
13015110000000,142.728439331
13015750000000,146.932067871
13016380000000,150.681030273
13017000000000,154.342391968
13017650000000,158.082550049
13018240000000,161.77494812
13018850000000,165.335494995
13019450000000,165.758651733
13020080000000,165.806167603
13020710000000,165.87437439
13021290000000,165.968490601
13021930000000,166.343139648
13022550000000,167.964614868
13023190000000,173.42805481
13023800000000,177.446395874
13024430000000,167.663284302
13025080000000,164.091064453
13025690000000,159.507293701
13026280000000,166.851135254
13026920000000,-162.880935669
13027550000000,-90.2220840454
13028200000000,-87.3019714355
13028800000000,-101.38243103
13029430000000,-138.015090942
13030050000000,-154.875350952
13030680000000,-155.839950562
13031310000000,-156.630996704
13031930000000,-157.4168396
13032540000000,-158.416397095
13033160000000,-159.322967529
13033750000000,-160.089385986
13034390000000,-160.700180054
13035000000000,-161.288162231
13035570000000,-161.771179199
13036180000000,-162.297668457
13036800000000,-162.862365723
13037410000000,-163.351882935
13038030000000,-163.837280273
13038610000000,164.384429932
13039220000000,165.228530884
13039830000000,166.136932373
13040430000000,167.001449585
13041030000000,167.770233154
13041650000000,168.48500061
13042250000000,169.165740967
13042840000000,169.781402588
13043430000000,170.35319519
13044060000000,170.871582031
13044650000000,171.389648438
13045260000000,171.84942627
13045910000000,172.313247681
13046500000000,172.753005981
13047110000000,173.142669678
13047740000000,173.510818481
13048320000000,173.879577637
13048940000000,174.197067261
13049540000000,174.518692017
13050160000000,174.851333618
13050750000000,175.183380127
13051350000000,175.667709351
13051940000000,176.160614014
13052560000000,176.542572021
13053150000000,177.268508911
13053770000000,178.006195068
13054340000000,178.778305054
13054930000000,179.465744019
13055550000000,179.686004639
13056160000000,178.822647095
13056780000000,177.974731445
13057370000000,177.151916504
13057960000000,176.396347046
13058550000000,175.642944336
13059120000000,174.989349365
13059700000000,174.265686035
13060340000000,173.498809814
13060940000000,172.632873535
13061550000000,171.99458313
13062200000000,172.007720947
13062820000000,172.008529663
