11789370000000,112.496315002
11790110000000,113.725151062
11790860000000,114.79434967
11791560000000,115.921157837
11792280000000,117.120765686
11792950000000,118.468513489
11793620000000,119.816894531
11794300000000,121.339439392
11794960000000,122.957260132
11795630000000,124.190376282
11796280000000,124.657524109
11796930000000,125.781822205
11797570000000,133.671203613
11798260000000,162.790435791
11798900000000,170.20640564
11799540000000,173.446899414
11800210000000,131.479644775
11800860000000,65.7332000732
11801470000000,-2.23666644096
11802120000000,7.66513347626
11802780000000,16.3796730042
11803420000000,5.50011587143
11804070000000,-9.98818206787
11804710000000,-27.2257728577
11805330000000,-29.1042232513
11805960000000,-8.64640712738
11806590000000,37.089969635
11807270000000,24.8390808105
11807940000000,83.2008514404
11808550000000,171.087203979
11809200000000,131.396728516
11809850000000,94.0090942383
11810510000000,86.5273513794
11811160000000,87.3800888062
11811880000000,88.1897201538
11812510000000,91.2212753296
11813150000000,94.2737045288
11813780000000,98.4187927246
11814430000000,102.397895813
11815070000000,106.683265686
11815710000000,111.263206482
11816370000000,115.959190369
11817030000000,119.573043823
11817670000000,123.38634491
11818290000000,127.447280884
11818930000000,131.10899353
11819530000000,135.213546753
11820170000000,138.671340942
11820770000000,140.453414917
11821430000000,141.094497681
11822070000000,143.948287964
11822680000000,144.416595459
11823280000000,145.257537842
11823910000000,145.392059326
11824510000000,175.614654541
11825120000000,175.1822052
11825730000000,165.066467285
11826400000000,157.779266357
11826990000000,159.727600098
11827600000000,162.484069824
11828210000000,147.666015625
11828850000000,125.081764221
11829470000000,130.812026978
11830080000000,142.741104126
11830710000000,157.949874878
11831330000000,-164.234146118
11831930000000,-166.213470459
11832550000000,-120.059921265
11833150000000,-156.097137451
11833750000000,-163.299758911
11834390000000,-163.326324463
11834990000000,-163.346099854
11835600000000,-163.353897095
11836220000000,-163.358078003
11836850000000,-163.893188477
11837480000000,-164.70854187
11838100000000,-165.383300781
11838720000000,-165.95111084
11839330000000,-166.446838379
11839950000000,-166.869598389
11840530000000,-167.259368896
11841150000000,-167.585708618
11841720000000,-168.189682007
11842320000000,-168.621734619
11842940000000,-169.031616211
11843540000000,-169.4193573
11844130000000,-169.760467529
11844740000000,-170.057250977
11845350000000,-170.367202759
11845930000000,-170.636199951
11846510000000,170.958053589
11847110000000,171.395812988
11847710000000,171.747817993
11848330000000,172.053894043
11848920000000,172.352218628
11849530000000,172.623458862
11850120000000,172.879394531
11850730000000,173.121292114
11851370000000,173.347854614
11851940000000,173.580337524
11852530000000,173.777023315
11853130000000,174.138748169
11853740000000,174.375305176
11854330000000,174.987869263
11854970000000,175.520629883
11855580000000,176.050094604
11856180000000,176.634002686
11856800000000,177.349182129
11857440000000,178.0206604
11858060000000,178.719390869
11858650000000,179.512435913
11859260000000,179.745697021
11859860000000,178.93421936
11860510000000,178.108428955
11861130000000,177.110153198
11861730000000,176.304260254
11862360000000,175.427032471
11862940000000,174.411636353
11863540000000,173.501876831
11864150000000,172.611557007
11864750000000,171.737472534
