13959950000000,147.291320801
13960690000000,152.253372192
13961410000000,157.331939697
13962150000000,161.813781738
13962850000000,167.552856445
13963530000000,173.236541748
13964240000000,178.894500732
13964910000000,175.082351685
13965600000000,169.678070068
13966260000000,164.424926758
13966930000000,160.754180908
13967580000000,155.543014526
13968230000000,149.720336914
13968850000000,146.027359009
13969480000000,141.447616577
13970140000000,136.354660034
13970800000000,131.663146973
13971480000000,128.64276123
13972100000000,128.370361328
13972700000000,126.332901001
13973360000000,129.410430908
13974000000000,128.968032837
13974660000000,128.394363403
13975310000000,128.265884399
13975930000000,127.94708252
13976550000000,127.075912476
13977170000000,148.197525024
13977820000000,177.040939331
13978430000000,164.873138428
13979060000000,152.627471924
13979700000000,127.852455139
13980370000000,119.202972412
13980980000000,156.194580078
13981630000000,157.105361938
13982260000000,169.090072632
13982900000000,171.674987793
13983530000000,171.322570801
13984170000000,178.636535645
13984800000000,179.177200317
13985390000000,177.123703003
13986040000000,162.790496826
13986700000000,157.049591064
13987320000000,139.869155884
13987950000000,139.972885132
13988580000000,139.78036499
13989200000000,138.718338013
13989810000000,137.876235962
13990450000000,136.516967773
13991050000000,134.428894043
13991700000000,132.438674927
13992320000000,129.972183228
13992970000000,127.018363953
13993590000000,124.361793518
13994230000000,121.174156189
13994850000000,118.010467529
13995460000000,114.917633057
13996060000000,111.722877502
13996680000000,108.842453003
13997290000000,105.668075562
13997910000000,102.856185913
13998540000000,101.531852722
13999130000000,101.287940979
13999770000000,138.973800659
14000390000000,135.119384766
14001000000000,115.958724976
14001610000000,116.125808716
14002230000000,114.640647888
14002830000000,-91.9511184692
14003460000000,-92.7643737793
14004050000000,-95.7804794312
14004690000000,-98.2855529785
14005300000000,-101.005371094
14005910000000,-103.562942505
14006520000000,-105.890457153
14007160000000,-113.629402161
14007750000000,-117.171287537
14008360000000,-121.304664612
14008960000000,-126.729019165
14009560000000,142.44291687
14010140000000,143.501037598
14010780000000,144.651916504
14011450000000,145.986328125
14012030000000,147.348693848
14012620000000,148.428665161
14013210000000,149.454498291
14013790000000,150.393692017
14014410000000,151.349380493
14014980000000,152.240249634
14015620000000,153.054382324
14016190000000,153.929367065
14016820000000,154.604354858
14017460000000,155.424209595
14018050000000,156.158309937
14018640000000,156.761810303
14019300000000,157.546478271
14019900000000,157.939163208
14020510000000,158.389602661
14021120000000,158.969802856
14021730000000,159.541717529
14022310000000,160.021194458
14022930000000,167.890258789
14023640000000,175.496047974
14024240000000,173.355453491
14024830000000,161.467544556
14025460000000,158.770355225
14026060000000,158.704681396
14026660000000,158.612915039
14027240000000,158.320907593
14027890000000,158.061935425
14028490000000,157.746002197
14029110000000,157.259475708
14029710000000,156.727539062
14030350000000,156.307098389
14030930000000,155.851531982
14031490000000,155.433319092
14032080000000,154.988555908
14032680000000,154.462905884
14033310000000,153.970275879
14033940000000,153.475921631
