11931370000000,111.177001953
11932130000000,111.80922699
11932870000000,112.843383789
11933600000000,113.924842834
11934310000000,114.789207458
11935080000000,115.945701599
11935780000000,117.359054565
11936430000000,118.779144287
11937120000000,120.230186462
11937780000000,121.970375061
11938440000000,123.509979248
11939080000000,124.873390198
11939800000000,125.481658936
11940450000000,132.223709106
11941070000000,143.07824707
11941700000000,146.527297974
11942380000000,144.630111694
11943010000000,62.256942749
11943650000000,48.1303482056
11944270000000,47.9380760193
11944990000000,52.1574440002
11945670000000,35.4572944641
11946340000000,-12.9973344803
11946960000000,-16.0515918732
11947610000000,-18.5419960022
11948240000000,-20.6487064362
11948830000000,-14.1132078171
11949510000000,11.9744567871
11950160000000,8.31058883667
11950770000000,6.62681722641
11951450000000,61.4752197266
11952080000000,159.586227417
11952740000000,141.942138672
11953400000000,106.055419922
11954040000000,82.6547012329
11954720000000,82.6882476807
11955340000000,84.0646286011
11956020000000,86.4944152832
11956670000000,89.7296066284
11957290000000,92.2716369629
11957900000000,96.1295623779
11958560000000,100.21496582
11959210000000,104.478507996
11959860000000,109.069488525
11960530000000,113.565963745
11961170000000,118.180358887
11961780000000,121.640090942
11962420000000,125.251899719
11963050000000,129.526779175
11963660000000,134.074157715
11964320000000,138.841705322
11964940000000,143.076416016
11965540000000,144.698944092
11966200000000,145.541091919
11966810000000,145.425796509
11967400000000,145.863632202
11968020000000,145.912078857
11968680000000,161.826583862
11969300000000,163.021072388
11969900000000,164.544876099
11970520000000,166.464141846
11971100000000,169.259552002
11971730000000,163.513214111
11972360000000,144.671356201
11972960000000,134.991012573
11973550000000,141.136581421
11974170000000,120.27973175
11974780000000,144.825149536
11975440000000,177.584136963
11976060000000,172.048904419
11976640000000,-148.829116821
11977280000000,-134.576248169
11977890000000,-134.860183716
11978530000000,-135.497970581
11979130000000,-136.543426514
11979770000000,-137.819015503
11980370000000,-136.285568237
11980970000000,-137.573928833
11981560000000,-153.295028687
11982180000000,-164.839492798
11982770000000,-165.188461304
11983370000000,-165.468338013
11984000000000,-165.717269897
11984630000000,-165.97102356
11985230000000,-166.379974365
11985820000000,-166.711257935
11986450000000,-167.007980347
11987040000000,-167.333557129
11987670000000,168.395050049
11988260000000,168.948867798
11988860000000,169.436691284
11989470000000,169.874282837
11990040000000,170.298965454
11990630000000,170.671310425
11991240000000,171.014602661
11991850000000,171.346466064
11992460000000,171.655761719
11993080000000,171.962936401
11993690000000,172.241073608
11994310000000,172.483612061
11994880000000,172.735488892
11995510000000,172.941421509
11996090000000,173.165588379
11996680000000,173.351165771
11997290000000,173.543533325
11997910000000,173.723114014
11998520000000,173.895233154
11999160000000,174.053466797
11999810000000,174.50352478
12000380000000,174.884246826
12001000000000,175.305374146
12001610000000,175.736495972
12002210000000,176.136062622
12002840000000,176.617340088
12003450000000,177.522033691
12004040000000,178.430801392
12004670000000,179.388931274
12005280000000,179.747329712
12005890000000,178.794998169
12006540000000,178.044631958
12007130000000,177.141098022
12007730000000,176.203353882
12008370000000,175.281158447
12008970000000,174.322311401
12009560000000,173.521224976
12010150000000,172.56741333
12010760000000,171.783081055
