14380170000000,107.266288757
14380940000000,108.030525208
14381690000000,109.199440002
14382420000000,110.22064209
14383130000000,111.113311768
14383840000000,112.229827881
14384520000000,113.49055481
14385230000000,114.806007385
14385910000000,116.153465271
14386610000000,117.310714722
14387290000000,118.533836365
14387940000000,119.027153015
14388620000000,158.739807129
14389250000000,165.278198242
14389890000000,174.03326416
14390540000000,143.604476929
14391280000000,82.2199630737
14391920000000,67.190574646
14392560000000,7.98734426498
14393180000000,-21.0329666138
14393810000000,-24.2223300934
14394450000000,-26.4554729462
14395040000000,-28.5470180511
14395690000000,-30.1389408112
14396320000000,-31.7702865601
14396980000000,-33.7040290833
14397670000000,37.0475158691
14398340000000,130.179367065
14398960000000,133.688995361
14399570000000,88.2410430908
14400170000000,91.2609329224
14400820000000,92.8569030762
14401440000000,94.6340484619
14402060000000,97.6121139526
14402700000000,100.355613708
14403350000000,104.488365173
14403980000000,108.515052795
14404650000000,112.856506348
14405280000000,117.165374756
14405930000000,121.708854675
14406590000000,125.20148468
14407240000000,129.922988892
14407880000000,134.026870728
14408480000000,137.714523315
14409100000000,141.124038696
14409770000000,144.588439941
14410410000000,145.492797852
14411030000000,146.78729248
14411670000000,148.609848022
14412310000000,150.872573853
14412930000000,155.756790161
14413540000000,156.117645264
14414180000000,156.689788818
14414900000000,157.297134399
14415500000000,158.556884766
14416100000000,160.381637573
14416710000000,162.522720337
14417370000000,134.824920654
14417970000000,129.021453857
14418580000000,125.458831787
14419230000000,138.37991333
14419820000000,154.043395996
14420440000000,-163.778182983
14421040000000,-164.617111206
14421660000000,-165.442352295
14422270000000,-165.688369751
14422890000000,-159.740036011
14423520000000,-160.721450806
14424150000000,-164.89553833
14424730000000,-165.369125366
14425340000000,-165.609924316
14425980000000,-165.827758789
14426610000000,-166.37562561
14427200000000,-166.8802948
14427820000000,-167.447402954
14428420000000,-168.037185669
14429030000000,-168.543609619
14429630000000,-169.066833496
14430240000000,-169.551971436
14430820000000,-170.004470825
14431470000000,-170.393554688
14432080000000,-170.771026611
14432670000000,-171.133392334
14433270000000,-171.432739258
14433900000000,-171.710250854
14434500000000,-172.005111694
14435090000000,172.242553711
14435730000000,172.529022217
14436290000000,172.843200684
14436930000000,173.20501709
14437530000000,173.544052124
14438130000000,173.841903687
14438750000000,174.133834839
14439390000000,174.385665894
14440030000000,174.634811401
14440590000000,174.868865967
14441170000000,175.056091309
14441790000000,175.306381226
14442360000000,175.792236328
14443060000000,176.298751831
14443660000000,176.959396362
14444260000000,177.622741699
14444870000000,178.303909302
14445460000000,178.951339722
14446090000000,179.672439575
14446660000000,179.611465454
14447260000000,178.93397522
14447860000000,178.128036499
14448470000000,177.027282715
14449110000000,176.172088623
14449720000000,175.245300293
14450380000000,174.402420044
14450950000000,173.566543579
14451540000000,172.863342285
14452160000000,172.136245728
14452750000000,171.430480957
