
20018450000000,137.781478882
20019010000000,140.154525757
20019550000000,143.279815674
20020080000000,146.465194702
20020590000000,149.820343018
20021120000000,153.060440063
20021600000000,156.664138794
20022140000000,159.931091309
20022680000000,162.744567871
20023180000000,166.716384888
20023680000000,170.358596802
20024170000000,174.02230835
20024650000000,177.533432007
20025100000000,179.005508423
20025600000000,175.725769043
20026090000000,172.493728638
20026550000000,169.79838562
20026990000000,167.192153931
20027430000000,165.043762207
20027870000000,162.455001831
20028300000000,160.016769409
20028750000000,157.928512573
20029210000000,156.326553345
20029630000000,153.889938354
20030080000000,151.086303711
20030550000000,148.516159058
20031010000000,147.467193604
20031430000000,146.330505371
20031900000000,144.866165161
20032360000000,142.973327637
20032810000000,141.311325073
20033230000000,139.562133789
20033670000000,137.571517944
20034140000000,110.056365967
20034590000000,111.114959717
20035030000000,118.110176086
20035450000000,117.463920593
20035880000000,120.029655457
20036290000000,119.858947754
20036730000000,119.58997345
20037180000000,117.635131836
20037610000000,114.988975525
20038050000000,111.443283081
20038480000000,109.549102783
20038930000000,115.123687744
20039360000000,138.627410889
20039790000000,164.538711548
20040250000000,167.73765564
20040690000000,165.0262146
20041110000000,162.73928833
20041570000000,163.37600708
20042000000000,161.714782715
20042430000000,162.992874146
20042880000000,161.138046265
20043320000000,165.522903442
20043750000000,156.41859436
20044180000000,148.118286133
20044630000000,141.058303833
20045070000000,135.785430908
20045520000000,131.242965698
20045970000000,165.165527344
20046410000000,160.280136108
20046820000000,152.408859253
20047250000000,160.878112793
20047700000000,179.903503418
20048140000000,177.308105469
20048560000000,175.716201782
20049020000000,174.480819702
20049450000000,173.205657959
20049890000000,170.356048584
20050310000000,165.405975342
20050740000000,144.572372437
20051150000000,142.702545166
20051590000000,142.932403564
20052020000000,141.785736084
20052450000000,139.967178345
20052870000000,138.417755127
20053310000000,136.954315186
20053740000000,135.589660645
20054150000000,134.323364258
20054560000000,133.833404541
20055000000000,133.062683105
20055420000000,131.972335815
20055880000000,130.132369995
20056280000000,127.742370605
20056700000000,125.66355896
20057110000000,123.469673157
20057540000000,121.370666504
20057990000000,119.081092834
20058420000000,116.857315063
20058880000000,114.768531799
20059300000000,112.440010071
20059720000000,110.398193359
20060150000000,108.469818115
20060560000000,106.348274231
20060970000000,105.179244995
20061390000000,105.130630493
20061830000000,104.859016418
20062250000000,104.833137512
20062660000000,111.39743042
20063090000000,153.826049805
20063490000000,149.783126831
20063900000000,-96.8434524536
20064340000000,-100.955734253
20064770000000,113.853820801
20065190000000,114.614700317
20065600000000,-82.472694397
20066030000000,-68.810798645
20066490000000,-70.7687835693
20066910000000,-73.0057678223
20067320000000,-75.5174636841
20067730000000,-81.9582290649
20068130000000,-86.8605270386
20068550000000,-91.2276916504
20068960000000,-96.7130432129
20069380000000,-106.43409729
20069830000000,-117.56427002
20070240000000,-118.323509216
20070660000000,-120.426864624
20071070000000,-122.114082336
20071490000000,-124.97442627
20071960000000,-128.162185669
20072380000000,140.392929077
20072800000000,153.920135498
20073210000000,157.715698242
20073630000000,158.374298096
20074050000000,159.122039795
20074480000000,159.003143311
20074890000000,156.959640503
20075320000000,156.849868774
20075710000000,157.647354126
20076120000000,154.258178711
20076530000000,149.860336304
20076940000000,148.809387207
20077370000000,148.471801758
20077760000000,148.697814941
20078170000000,149.634460449
20078590000000,150.158752441
20078990000000,149.12336731
20079400000000,-148.769454956
20079810000000,-149.304580688
20080210000000,-148.49307251
20080640000000,-147.935058594
20081050000000,-147.126602173
20081450000000,-146.207519531
20081840000000,-145.977218628
20082240000000,-143.6328125
20082680000000,-142.47177124
20083070000000,-140.943054199
20083470000000,-140.922195435
20083860000000,-142.386947632
20084270000000,-142.825576782
20084670000000,-143.199020386
20085080000000,-144.550689697
20085520000000,-144.67829895
20085920000000,-145.693115234
20086340000000,-146.634613037
20086760000000,-147.297531128
20087180000000,-148.503982544
20087600000000,-149.201904297
20088020000000,-154.72026062
20088450000000,173.920013428
20088870000000,174.710296631
20089270000000,175.461746216
20089690000000,173.869155884
20090100000000,166.305053711
20090520000000,162.556671143
20090940000000,160.373535156
20091340000000,160.530883789
20091740000000,160.293106079
20092150000000,160.044021606
20092550000000,159.788604736
20092960000000,159.526992798
20093420000000,159.272079468
20093840000000,158.999984741
20094240000000,158.757751465
20094660000000,158.536010742
20095060000000,158.245285034
20095490000000,157.963470459
20095880000000,157.7059021
20096300000000,157.444610596
20096710000000,157.092758179
20097130000000,156.807830811
20097530000000,156.479888916
20097930000000,156.158752441
20098350000000,155.84034729
20098730000000,155.516403198
20099150000000,155.229858398
20099570000000,154.911193848
20099990000000,154.59777832
20100430000000,154.290588379
20100850000000,153.976364136
20101280000000,153.855789185
20101710000000,153.833404541
