14107740000000,108.887245178
14108450000000,109.838409424
14109270000000,110.856132507
14109990000000,111.786506653
14110720000000,112.887420654
14111430000000,114.109954834
14112130000000,115.448677063
14112800000000,116.870986938
14113470000000,118.395210266
14114150000000,119.890640259
14114760000000,121.152397156
14115420000000,121.781440735
14116130000000,122.14302063
14116780000000,169.096252441
14117390000000,173.098312378
14118000000000,140.948822021
14118660000000,82.7196273804
14119300000000,24.9619274139
14119920000000,14.4104862213
14120550000000,14.2347574234
14121200000000,10.7104454041
14121830000000,1.66945648193
14122470000000,-1.15108859539
14123120000000,-3.00387120247
14123730000000,-0.0969154089689
14124360000000,-3.21815633774
14125020000000,-5.36816740036
14125670000000,-6.90839195251
14126270000000,21.9267082214
14126920000000,81.2939987183
14127570000000,176.082595825
14128250000000,115.439582825
14128870000000,86.5993347168
14129560000000,87.4230194092
14130210000000,88.9318771362
14130840000000,91.7138824463
14131500000000,94.570350647
14132130000000,97.7526702881
14132730000000,101.07509613
14133390000000,104.425811768
14134020000000,107.88507843
14134690000000,112.005561829
14135330000000,116.68221283
14135990000000,121.242607117
14136640000000,125.957420349
14137270000000,130.238449097
14137870000000,134.312255859
14138500000000,138.248657227
14139150000000,141.54598999
14139780000000,144.747573853
14140400000000,147.368011475
14141010000000,149.183578491
14141590000000,150.563323975
14142180000000,163.641769409
14142780000000,163.750747681
14143370000000,158.333862305
14144040000000,159.569610596
14144660000000,160.962997437
14145270000000,163.016403198
14145890000000,166.629623413
14146530000000,162.413909912
14147160000000,123.83405304
14147750000000,133.440216064
14148370000000,139.155288696
14148990000000,150.058624268
14149600000000,155.669525146
14150190000000,-158.992950439
14150790000000,-161.041473389
14151440000000,-162.131439209
14152080000000,-163.127349854
14152740000000,-163.947341919
14153350000000,-164.636535645
14153990000000,-165.133789062
14154580000000,-165.648956299
14155170000000,-166.035766602
14155810000000,-166.494827271
14156410000000,-167.181838989
14156960000000,-167.773681641
14157550000000,-168.284515381
14158150000000,-168.757995605
14158760000000,-169.18661499
14159430000000,-169.614517212
14160010000000,-170.026153564
14160560000000,-170.360824585
14161150000000,-170.659851074
14161740000000,-170.94519043
14162340000000,-171.216445923
14162940000000,-171.431671143
14163540000000,-171.711883545
14164130000000,-171.989974976
14164740000000,-172.232833862
14165320000000,172.474456787
14165960000000,172.743881226
14166550000000,173.014465332
14167160000000,173.260482788
14167750000000,173.500366211
14168350000000,173.70475769
14168970000000,174.033508301
14169560000000,174.374816895
14170170000000,174.771194458
14170800000000,175.171081543
14171420000000,175.606323242
14172050000000,176.129470825
14172640000000,176.612762451
14173230000000,177.092147827
14173790000000,177.820968628
14174370000000,178.490646362
14174960000000,179.20274353
14175550000000,179.923599243
14176150000000,179.185791016
14176740000000,178.350402832
14177350000000,177.393447876
14178010000000,176.560516357
14178630000000,175.697219849
14179220000000,174.842651367
14179830000000,174.059143066
14180440000000,173.296676636
14181030000000,172.452148438
14181630000000,171.601699829
