11406630000000,110.650917053
11407390000000,111.400901794
11408130000000,112.549980164
11408860000000,113.493782043
11409570000000,114.776435852
11410300000000,116.102836609
11410970000000,117.64289093
11411650000000,119.133850098
11412300000000,120.81842804
11412990000000,122.151100159
11413640000000,123.038375854
11414270000000,123.215560913
11414910000000,157.90222168
11415550000000,179.161254883
11416210000000,139.188339233
11416800000000,108.357322693
11417460000000,92.9664993286
11418150000000,73.6094818115
11418760000000,36.4392089844
11419370000000,-3.58214378357
11420040000000,-17.384595871
11420670000000,-17.9499130249
11421290000000,-8.76488685608
11421970000000,-11.2600450516
11422590000000,-7.00704574585
11423230000000,-9.02039051056
11423890000000,-2.99927663803
11424550000000,50.5697364807
11425180000000,124.158172607
11425790000000,167.632019043
11426440000000,102.360191345
11427070000000,86.5422897339
11427740000000,87.7677841187
11428410000000,91.0901031494
11429040000000,94.7324295044
11429680000000,98.4228820801
11430310000000,102.459724426
11430950000000,106.475387573
11431620000000,110.460205078
11432270000000,115.085327148
11432910000000,119.182121277
11433550000000,123.261764526
11434160000000,127.580474854
11434790000000,132.084716797
11435400000000,134.821716309
11436010000000,138.127548218
11436620000000,141.758590698
11437240000000,145.257781982
11437840000000,148.175811768
11438550000000,150.519317627
11439150000000,158.388397217
11439740000000,154.355133057
11440350000000,162.499313354
11441000000000,166.558547974
11441610000000,172.887649536
11442200000000,156.930130005
11442810000000,159.775939941
11443510000000,165.565414429
11444120000000,136.450546265
11444750000000,126.082511902
11445410000000,128.437438965
11446040000000,141.378494263
11446670000000,153.77104187
11447280000000,-159.581039429
11447890000000,-148.082885742
11448550000000,-149.529129028
11449170000000,-153.15234375
11449780000000,-160.769607544
11450370000000,-161.185150146
11451020000000,-161.987686157
11451690000000,-162.970657349
11452300000000,-163.867645264
11452900000000,-164.708282471
11453500000000,-165.662261963
11454080000000,-166.44442749
11454690000000,167.637329102
11455300000000,-168.583343506
11455880000000,-169.119842529
11456440000000,-169.552841187
11457120000000,-169.960464478
11457730000000,-170.391281128
11458300000000,-170.723220825
11458910000000,-171.02911377
11459510000000,-171.357650757
11460170000000,-171.633926392
11460790000000,-171.907577515
11461370000000,-172.144943237
11461940000000,-172.351043701
11462560000000,-172.542724609
11463220000000,-172.728607178
11463810000000,-172.925537109
11464440000000,-173.082168579
11465020000000,-173.244979858
11465610000000,-173.384170532
11466170000000,-173.515762329
11466800000000,-173.636474609
11467400000000,173.753570557
11468010000000,174.011032104
11468650000000,174.324234009
11469270000000,174.668746948
11469940000000,175.172821045
11470570000000,175.993850708
11471150000000,176.807876587
11471760000000,177.515808105
11472420000000,178.294128418
11472990000000,179.064941406
11473620000000,179.69480896
11474210000000,179.611526489
11474810000000,179.071853638
11475370000000,178.462722778
11475990000000,177.99772644
11476590000000,176.951263428
11477230000000,175.9478302
11477820000000,175.095413208
11478420000000,174.106185913
11479000000000,173.296188354
11479590000000,172.531967163
11480190000000,171.790878296
