
20502880000000,153.417419434
20503430000000,153.147186279
20503970000000,153.756515503
20504530000000,152.687988281
20505080000000,142.680160522
20505630000000,134.581817627
20506130000000,133.028625488
20506640000000,125.335632324
20507140000000,126.12613678
20507620000000,125.734855652
20508090000000,125.421020508
20508600000000,124.84942627
20509080000000,124.514930725
20509530000000,123.902633667
20510010000000,124.751701355
20510470000000,125.433784485
20510950000000,125.991020203
20511390000000,133.338607788
20511840000000,146.680725098
20512280000000,177.067352295
20512720000000,170.818603516
20513150000000,170.325119019
20513580000000,165.837432861
20514010000000,153.000183105
20514440000000,128.177902222
20514870000000,102.765640259
20515310000000,83.6705245972
20515760000000,75.1668319702
20516210000000,74.4312286377
20516640000000,62.8230285645
20517110000000,13.8883705139
20517540000000,-22.2993144989
20517960000000,-22.7977046967
20518400000000,-23.1415996552
20518840000000,-23.388759613
20519270000000,-23.5041885376
20519690000000,-23.5709781647
20520100000000,-23.6436691284
20520560000000,-23.6972084045
20520990000000,-23.7889556885
20521440000000,-23.8993721008
20521870000000,-23.4340724945
20522350000000,-24.2961769104
20522800000000,-24.6318874359
20523230000000,-24.9444313049
20523680000000,-25.2111701965
20524130000000,-25.4945278168
20524580000000,-25.7596149445
20525050000000,-26.0139694214
20525550000000,-26.2713909149
20526010000000,-26.5568752289
20526440000000,-26.8153915405
20526890000000,-26.9404125214
20527320000000,-17.1965484619
20527790000000,33.1882972717
20528210000000,97.7121963501
20528670000000,145.276550293
20529140000000,148.704620361
20529580000000,85.3603134155
20530030000000,54.4080848694
20530470000000,53.396697998
20530900000000,57.9604454041
20531350000000,63.6686859131
20531790000000,90.1378631592
20532200000000,113.488861084
20532660000000,112.548118591
20533110000000,103.937057495
20533530000000,100.385391235
20533970000000,98.5593795776
20534420000000,83.9424438477
20534870000000,58.0145530701
20535300000000,35.6045761108
20535750000000,35.9542579651
20536200000000,36.0303497314
20536620000000,36.2152748108
20537050000000,36.2337265015
20537490000000,36.2948188782
20537930000000,36.4039916992
20538360000000,36.4785346985
20538790000000,36.6048355103
20539240000000,36.6640701294
20539690000000,40.5465736389
20540100000000,44.9783859253
20540550000000,50.6403427124
20540980000000,61.1549682617
20541400000000,72.9653930664
20541820000000,76.4284133911
20542280000000,99.9471511841
20542750000000,160.231521606
20543190000000,166.383148193
20543620000000,130.768920898
20544050000000,91.1674118042
20544460000000,59.8192596436
20544920000000,66.5463943481
20545350000000,102.08354187
20545770000000,132.105484009
20546180000000,137.053070068
20546620000000,136.162185669
20547060000000,135.171463013
20547470000000,115.771736145
20547870000000,86.5209579468
20548290000000,65.566696167
20548710000000,46.393737793
20549130000000,44.7369880676
20549550000000,45.7494506836
20549970000000,45.9711341858
20550390000000,47.0649719238
20550800000000,52.5899925232
20551230000000,68.2890777588
20551670000000,89.2456741333
20552070000000,93.4631271362
20552460000000,92.846496582
20552890000000,97.1471633911
20553320000000,120.039474487
20553720000000,158.184066772
20554160000000,163.286651611
20554570000000,99.5357513428
20555030000000,53.3093147278
20555420000000,11.2273187637
20555840000000,-11.2229881287
20556270000000,-11.6903047562
20556690000000,-12.1534662247
20557120000000,-12.6070804596
20557540000000,-12.9350452423
20557970000000,-13.2564592361
20558410000000,-13.5773525238
20558830000000,-13.8495540619
20559290000000,-14.0740022659
20559710000000,-14.3239870071
20560140000000,-14.5582714081
20560550000000,-14.7987976074
20560990000000,-15.045832634
20561420000000,-15.311753273
20561850000000,-15.5856208801
20562260000000,-15.8554620743
20562680000000,-16.1320056915
20563100000000,-16.416759491
20563520000000,-16.695318222
20563960000000,-16.9959812164
20564380000000,-17.3060626984
20564800000000,-17.6560115814
20565210000000,-17.9858570099
20565630000000,-18.3093471527
20566050000000,-18.6595420837
20566480000000,-19.0207424164
20566890000000,-19.4116325378
20567290000000,-19.7784862518
20567700000000,-20.1568202972
20568150000000,-20.5670375824
20568530000000,-21.0116500854
20568960000000,-21.4084835052
20569340000000,-21.8605155945
20569760000000,-22.3078784943
20570170000000,-22.7926940918
20570570000000,-23.2707157135
20570950000000,-23.7655296326
20571360000000,-24.2517929077
20571770000000,-24.8084754944
20572160000000,-25.3584251404
20572550000000,-25.9286289215
20572950000000,-26.4898357391
20573330000000,-27.1021251678
20573740000000,-27.7060985565
20574170000000,-28.3988113403
20574590000000,-29.0852470398
20575010000000,-29.8735275269
20575410000000,-30.6568031311
20575850000000,-31.4340629578
20576240000000,-32.326171875
20576660000000,-33.1300964355
20577110000000,-34.1017494202
20577510000000,-35.117565155
20577930000000,-36.0825462341
20578370000000,-37.1419410706
20578770000000,-38.3022499084
20579180000000,-39.4063339233
20579630000000,-40.5946350098
20580020000000,-41.8509674072
20580420000000,42.5536994934
20580800000000,43.6318016052
20581240000000,44.5465774536
20581650000000,44.7780952454
20582060000000,45.5002708435
20582470000000,46.3415794373
20582860000000,47.0003204346
20583270000000,47.4562530518
20583720000000,48.1525154114
20584130000000,48.8407478333
20584540000000,49.4831809998
20584960000000,50.2116546631
20585350000000,51.0153961182
20585790000000,51.7779121399
20586240000000,52.6301612854
20586640000000,53.5284996033
20587050000000,54.5058364868
20587490000000,55.1876754761
20587890000000,56.9930458069
20588290000000,57.0322799683
20588690000000,57.1834068298
20589080000000,57.1913642883
20589540000000,57.6305732727
20589940000000,62.5565414429
20590330000000,67.2292022705
20590770000000,74.6126861572
20591200000000,85.2411956787
20591610000000,85.9911727905
20592020000000,84.5828552246
20592400000000,85.8466339111
20592820000000,89.2766799927
20593260000000,94.8321075439
