11789370000000,143.791000366
11790110000000,137.245178223
11790860000000,145.871917725
11791570000000,145.726150513
11792280000000,146.741333008
11792950000000,147.821624756
11793620000000,148.791732788
11794300000000,149.874420166
11794960000000,150.903945923
11795630000000,168.404846191
11796280000000,173.864395142
11796930000000,169.559539795
11797570000000,127.680381775
11798260000000,99.641456604
11798900000000,92.806137085
11799540000000,77.4836807251
11800210000000,38.0368690491
11800860000000,-23.3141689301
11801470000000,-23.1659317017
11802120000000,-23.7723178864
11802780000000,-24.2314376831
11803430000000,-24.6474075317
11804070000000,-25.1916465759
11804710000000,-25.6359767914
11805330000000,-26.2393951416
11805960000000,-26.7813491821
11806600000000,-26.102891922
11807270000000,-27.3837184906
11807940000000,23.8693561554
11808550000000,112.080513
11809200000000,170.098510742
11809850000000,153.46144104
11810510000000,140.260818481
11811160000000,112.31918335
11811880000000,59.074546814
11812510000000,59.8454742432
11813150000000,47.5008506775
11813780000000,32.708442688
11814430000000,32.7257843018
11815070000000,32.5806083679
11815710000000,25.8098087311
11816370000000,23.5002059937
11817030000000,30.156665802
11817670000000,35.3929443359
11818290000000,44.8356246948
11818930000000,89.3006744385
11819530000000,108.184997559
11820170000000,122.954582214
11820770000000,142.432128906
11821430000000,172.543136597
11822070000000,149.566223145
11822680000000,119.427818298
11823280000000,134.812850952
11823910000000,93.2448577881
11824520000000,46.4375419617
11825120000000,47.2893028259
11825730000000,67.5101089478
11826400000000,76.1636734009
11826990000000,75.3320236206
11827600000000,74.5596313477
11828210000000,93.0225143433
11828850000000,137.615966797
11829470000000,142.363174438
11830080000000,57.961063385
11830710000000,11.316906929
11831330000000,-11.4627847672
11831930000000,-11.693646431
11832550000000,-12.0258569717
11833150000000,-12.7418327332
11833750000000,-13.3640222549
11834390000000,-13.966044426
11834990000000,-14.6142902374
11835600000000,-15.243894577
11836220000000,-15.918387413
11836850000000,-16.3706989288
11837480000000,-16.8409614563
11838100000000,-17.3865013123
11838720000000,-17.9415416718
11839330000000,-18.5228309631
11839950000000,-19.1105918884
11840530000000,-19.7475585938
11841150000000,-20.351234436
11841720000000,-20.9091892242
11842320000000,-21.4948234558
11842940000000,-22.1304264069
11843540000000,-22.8239021301
11844130000000,-23.5277385712
11844740000000,-24.2235279083
11845350000000,-25.0591754913
11845930000000,-25.8906269073
11846510000000,26.6738834381
11847110000000,27.3955345154
11847710000000,28.2555179596
11848330000000,29.1810150146
11848920000000,30.1970863342
11849530000000,31.2454223633
11850120000000,32.3640785217
11850730000000,33.5637779236
11851370000000,34.8427200317
11851940000000,36.320892334
11852530000000,37.748134613
11853130000000,39.1491889954
11853740000000,40.5107421875
11854330000000,41.5601577759
11854970000000,42.6210861206
11855580000000,44.0852775574
11856180000000,45.0665740967
11856800000000,45.8715896606
11857440000000,46.916721344
11858060000000,48.3171539307
11858650000000,49.0969238281
11859260000000,49.7868385315
11859860000000,50.7093315125
11860510000000,54.4692344666
11861130000000,55.1876907349
11861730000000,71.3093566895
11862360000000,78.4600219727
11862940000000,80.924079895
11863540000000,80.1394882202
11864150000000,84.6722183228
11864750000000,91.5873184204
