
12519970000000,113.689781189
12520720000000,113.688957214
12521490000000,113.736297607
12522230000000,115.079437256
12522940000000,116.186378479
12523670000000,116.922485352
12524420000000,117.775657654
12525140000000,118.311347961
12525850000000,118.688621521
12526520000000,119.120414734
12527210000000,119.575492859
12527870000000,119.938117981
12528570000000,120.034698486
12529240000000,148.304397583
12529890000000,171.760986328
12530590000000,140.991119385
12531250000000,112.152107239
12531880000000,84.9325637817
12532510000000,70.5741729736
12533190000000,54.4538574219
12533820000000,15.5309286118
12534470000000,-18.7707843781
12535080000000,-35.3563423157
12535750000000,-38.84765625
12536360000000,-20.6070537567
12537010000000,-0.954233825207
12537670000000,48.6141815186
12538290000000,114.166000366
12538950000000,164.30770874
12539620000000,98.3934783936
12540260000000,85.8715133667
12540900000000,88.4394226074
12541560000000,90.7649765015
12542220000000,93.0648040771
12542820000000,95.7246398926
12543410000000,98.7007675171
12544070000000,101.630859375
12544710000000,105.439346313
12545410000000,109.727622986
12546060000000,114.337409973
12546770000000,118.52734375
12547410000000,122.819320679
12548060000000,126.077293396
12548680000000,129.444503784
12549340000000,133.429351807
12549960000000,137.9506073
12550600000000,141.390274048
12551200000000,145.051376343
12551860000000,148.246627808
12552490000000,151.512420654
12553120000000,152.176071167
12553760000000,152.859268188
12554360000000,153.174972534
12554980000000,153.627914429
12555580000000,154.310455322
12556240000000,155.26008606
12556870000000,157.029022217
12557520000000,160.219345093
12558120000000,150.700271606
12558750000000,156.857452393
12559370000000,174.39630127
12559950000000,-162.200637817
12560550000000,-147.617996216
12561180000000,-134.220199585
12561780000000,-125.843528748
12562400000000,-128.73664856
12563020000000,-131.650466919
12563620000000,-145.60899353
12564220000000,-149.51121521
12564820000000,-149.979858398
12565450000000,-150.470672607
12566050000000,-159.225616455
12566710000000,-158.616256714
12567310000000,160.383956909
12567920000000,161.836257935
12568530000000,163.156402588
12569150000000,164.278793335
12569770000000,165.304718018
12570350000000,166.191848755
12570960000000,166.925765991
12571560000000,167.594284058
12572150000000,168.192398071
12572750000000,168.717773438
12573350000000,169.222015381
12573920000000,169.676376343
12574530000000,170.08934021
12575120000000,170.489318848
12575770000000,170.855560303
12576360000000,171.21647644
12576940000000,171.530731201
12577570000000,171.815643311
12578190000000,172.099700928
12578780000000,172.365829468
12579370000000,172.607772827
12579950000000,172.827529907
12580540000000,173.034317017
12581160000000,173.236129761
12581810000000,173.426727295
12582400000000,173.624389648
12583010000000,173.794372559
12583610000000,173.955886841
12584260000000,174.189956665
12584880000000,174.44442749
12585460000000,174.525634766
12586100000000,175.548965454
12586690000000,176.382537842
12587300000000,177.181106567
12587940000000,178.005737305
12588550000000,178.80078125
12589190000000,179.611160278
12589820000000,179.58164978
12590410000000,178.736755371
12591030000000,177.840957642
12591670000000,176.830200195
12592280000000,175.836715698
12592890000000,174.858551025
12593500000000,173.957946777
12594090000000,173.04838562
12594720000000,172.144760132
12595340000000,171.972732544
12595940000000,171.996994019
