14247690000000,146.919998169
14248410000000,151.686798096
14249180000000,156.336517334
14249940000000,161.379180908
14250620000000,166.546432495
14251360000000,171.875076294
14252030000000,178.016326904
14252690000000,176.673049927
14253360000000,171.350204468
14254070000000,166.588882446
14254700000000,161.203353882
14255350000000,157.335830688
14256060000000,151.255249023
14256710000000,145.630599976
14257350000000,145.767547607
14257960000000,142.152618408
14258610000000,140.583282471
14259280000000,138.416748047
14259900000000,135.906570435
14260500000000,132.999832153
14261170000000,132.184524536
14261800000000,132.139434814
14262420000000,132.003677368
14263060000000,131.100860596
14263720000000,130.854263306
14264310000000,130.62387085
14264950000000,130.116668701
14265620000000,128.080825806
14266270000000,139.429138184
14266870000000,127.056190491
14267510000000,131.937332153
14268130000000,126.616989136
14268800000000,125.740478516
14269460000000,153.506759644
14270110000000,146.090454102
14270730000000,145.001968384
14271360000000,144.094589233
14272020000000,151.571365356
14272630000000,169.564102173
14273290000000,170.864974976
14273900000000,159.748046875
14274530000000,156.20098877
14275170000000,152.271865845
14275810000000,140.370681763
14276450000000,139.765686035
14277110000000,139.033279419
14277760000000,137.444564819
14278380000000,135.387573242
14278980000000,134.19519043
14279580000000,132.229248047
14280180000000,130.407150269
14280770000000,127.628601074
14281370000000,125.970932007
14281970000000,123.427650452
14282590000000,120.347747803
14283270000000,117.459472656
14283880000000,114.090782166
14284550000000,111.0054245
14285130000000,107.747344971
14285740000000,104.900619507
14286370000000,102.168586731
14287000000000,101.245384216
14287650000000,102.090957642
14288240000000,142.50793457
14288850000000,131.018676758
14289450000000,-102.469718933
14290070000000,-104.345153809
14290680000000,-95.9925765991
14291260000000,-85.3281707764
14291910000000,-87.9785232544
14292520000000,-91.3118209839
14293140000000,-99.7976913452
14293780000000,-102.518554688
14294400000000,-105.385368347
14294990000000,-108.269325256
14295610000000,-110.393501282
14296190000000,-116.93396759
14296830000000,-119.368927002
14297400000000,-135.231948853
14298010000000,-136.74041748
14298600000000,-138.362716675
14299200000000,-139.592208862
14299910000000,-143.286804199
14300470000000,-144.495300293
14301070000000,-146.48059082
14301660000000,-147.50617981
14302250000000,150.087463379
14302820000000,152.787200928
14303390000000,158.039672852
14303980000000,159.143798828
14304610000000,159.779464722
14305190000000,160.527160645
14305770000000,161.144058228
14306500000000,161.730987549
14307120000000,162.39680481
14307680000000,162.933425903
14308270000000,163.524124146
14308880000000,163.955810547
14309470000000,164.413757324
14310060000000,165.907745361
14310680000000,178.401489258
14311270000000,176.311843872
14311860000000,165.543441772
14312470000000,158.468460083
14313100000000,158.326095581
14313720000000,158.176376343
14314370000000,158.040206909
14314990000000,157.826721191
14315650000000,157.649017334
14316250000000,157.252822876
14316880000000,156.867401123
14317450000000,156.45249939
14318020000000,156.12928772
14318640000000,155.870788574
14319230000000,155.4637146
14319830000000,155.017944336
14320460000000,154.581085205
14321030000000,154.191390991
14321630000000,153.682373047
