11406630000000,141.317672729
11407390000000,140.327133179
11408130000000,141.141952515
11408860000000,138.148971558
11409570000000,139.376235962
11410300000000,140.290298462
11410970000000,141.184173584
11411650000000,142.321228027
11412310000000,143.308944702
11413000000000,172.823257446
11413640000000,149.052658081
11414270000000,143.372329712
11414910000000,105.585548401
11415550000000,85.0070266724
11416210000000,44.262336731
11416800000000,16.2715053558
11417460000000,4.57426261902
11418150000000,-10.8767967224
11418760000000,-23.6098918915
11419370000000,-23.7431945801
11420040000000,-24.1893539429
11420670000000,-24.7690296173
11421290000000,-25.2531394958
11421970000000,-25.6526565552
11422590000000,-25.9925708771
11423230000000,-26.311548233
11423890000000,-26.3437099457
11424550000000,-8.46373653412
11425190000000,65.4347763062
11425790000000,133.102554321
11426440000000,161.627532959
11427070000000,122.842071533
11427740000000,107.401908875
11428410000000,78.8051452637
11429040000000,55.9464530945
11429680000000,23.6324996948
11430310000000,23.6191120148
11430950000000,23.842458725
11431620000000,36.5390548706
11432270000000,29.3981189728
11432910000000,23.6675319672
11433550000000,31.5505962372
11434160000000,40.0143356323
11434790000000,63.7661781311
11435400000000,131.692016602
11436010000000,143.336013794
11436620000000,151.342193604
11437240000000,174.411651611
11437840000000,165.220809937
11438550000000,132.269424438
11439150000000,66.5073471069
11439740000000,18.8332366943
11440350000000,28.4790172577
11441000000000,34.5005912781
11441610000000,42.8982505798
11442200000000,74.5865097046
11442810000000,73.0038299561
11443510000000,69.4571228027
11444120000000,103.079063416
11444750000000,175.064285278
11445410000000,91.4890289307
11446040000000,15.5168571472
11446670000000,11.830696106
11447280000000,-12.0264816284
11447890000000,-12.313498497
11448550000000,-12.9816980362
11449160000000,-13.7517995834
11449780000000,-14.4262247086
11450370000000,-14.9825382233
11451020000000,-15.479180336
11451690000000,-16.0098495483
11452300000000,-16.5176944733
11452900000000,-16.9846401215
11453500000000,-17.3996257782
11454080000000,-17.821023941
11454690000000,18.1288394928
11455300000000,-18.489616394
11455880000000,-19.0099029541
11456440000000,-19.5036220551
11457120000000,-20.037776947
11457730000000,-20.6987533569
11458300000000,-21.2932548523
11458910000000,-21.9179153442
11459510000000,-22.6110248566
11460170000000,-23.313457489
11460790000000,-24.1477985382
11461370000000,-24.979593277
11461940000000,-25.8038635254
11462550000000,-26.6763877869
11463220000000,-27.6339206696
11463810000000,-28.7923240662
11464440000000,-29.8469257355
11465020000000,-31.0891895294
11465610000000,-32.2916183472
11466170000000,-33.5736808777
11466800000000,-34.8927268982
11467400000000,36.3394050598
11468010000000,37.5982170105
11468650000000,38.6396217346
11469270000000,39.6152687073
11469940000000,40.6266746521
11470570000000,41.3735427856
11471150000000,41.9409751892
11471770000000,42.5151557922
11472420000000,43.2515335083
11473000000000,44.121837616
11473620000000,44.9689292908
11474210000000,46.0864295959
11474810000000,47.4747962952
11475370000000,48.8241157532
11475990000000,49.7973823547
11476590000000,85.587928772
11477230000000,75.5928497314
11477820000000,76.7795791626
11478420000000,56.5241889954
11479000000000,51.7418212891
11479590000000,73.0465698242
11480190000000,80.7157897949
