11548040000000,110.44468689
11548770000000,111.5027771
11549470000000,112.328796387
11550160000000,113.454223633
11550850000000,114.682479858
11551510000000,115.987815857
11552240000000,117.375953674
11552910000000,118.841674805
11553560000000,120.016983032
11554200000000,120.72567749
11554820000000,133.7084198
11555460000000,170.15687561
11556110000000,159.335296631
11556750000000,122.500442505
11557350000000,88.3648910522
11557980000000,76.91355896
11558630000000,29.3531303406
11559230000000,-30.2257423401
11559860000000,-41.2951011658
11560480000000,-31.8547668457
11561150000000,-26.1442909241
11561760000000,-14.3730630875
11562390000000,-15.8032512665
11563020000000,-10.7230587006
11563670000000,65.2682037354
11564310000000,138.804351807
11564950000000,142.748092651
11565590000000,86.87550354
11566260000000,88.1215820312
11566880000000,89.4238052368
11567520000000,90.7962341309
11568120000000,92.3514556885
11568720000000,94.7867660522
11569340000000,98.0097732544
11569980000000,101.344581604
11570600000000,105.538246155
11571250000000,109.784744263
11571850000000,113.972564697
11572530000000,117.44480896
11573130000000,121.79145813
11573760000000,125.336555481
11574370000000,129.424301147
11575040000000,133.242523193
11575630000000,137.104171753
11576240000000,140.550857544
11576880000000,143.481964111
11577500000000,144.371520996
11578100000000,145.237258911
11578690000000,171.82421875
11579290000000,178.646591187
11579930000000,179.0521698
11580550000000,175.887084961
11581160000000,173.524032593
11581750000000,177.639297485
11582440000000,176.412918091
11583030000000,130.263977051
11583610000000,114.293708801
11584260000000,111.805198669
11584870000000,131.698120117
11585490000000,-160.441589355
11586120000000,-164.341308594
11586760000000,-165.815383911
11587400000000,-157.017166138
11588020000000,-159.291503906
11588630000000,-159.673461914
11589290000000,-159.939697266
11589890000000,-160.111816406
11590510000000,-160.276306152
11591130000000,-161.850585938
11591790000000,-162.899093628
11592400000000,-163.050064087
11593000000000,-163.418319702
11593600000000,-164.501586914
11594250000000,-165.338470459
11594900000000,-166.091033936
11595510000000,-166.774887085
11596120000000,-167.323440552
11596720000000,-167.836212158
11597390000000,-168.28364563
11598010000000,-168.726211548
11598630000000,-169.092758179
11599200000000,-169.447875977
11599800000000,-169.743209839
11600380000000,-170.040267944
11600980000000,-170.345977783
11601580000000,170.754318237
11602190000000,171.112609863
11602780000000,171.468765259
11603400000000,171.79145813
11604010000000,172.092788696
11604580000000,172.385482788
11605210000000,172.642959595
11605800000000,172.902755737
11606380000000,173.140090942
11607000000000,173.358718872
11607610000000,173.586547852
11608220000000,173.879119873
11608810000000,174.179412842
11609400000000,174.631347656
11610010000000,175.08505249
11610660000000,175.764938354
11611260000000,176.521987915
11611840000000,177.274154663
11612440000000,177.94430542
11613070000000,178.615386963
11613670000000,179.282577515
11614290000000,179.875442505
11614880000000,179.50730896
11615460000000,178.824707031
11616110000000,178.061843872
11616710000000,177.043792725
11617310000000,176.132629395
11617920000000,175.1902771
11618510000000,174.237930298
11619130000000,173.368438721
11619760000000,172.454910278
