
20352890000000,110.563613892
20353410000000,111.390060425
20353920000000,112.178924561
20354450000000,112.826889038
20354950000000,113.283164978
20355470000000,113.937545776
20355960000000,114.554992676
20356430000000,115.177558899
20356920000000,115.835777283
20357400000000,116.53591156
20357870000000,117.279632568
20358370000000,118.078536987
20358870000000,118.967399597
20359310000000,119.934524536
20359790000000,120.817062378
20360270000000,121.26486969
20360740000000,121.602088928
20361180000000,133.23374939
20361610000000,146.863433838
20362070000000,151.208602905
20362530000000,178.366500854
20362960000000,141.497085571
20363390000000,102.161407471
20363870000000,61.2118225098
20364310000000,26.3257637024
20364890000000,23.7041511536
20365400000000,11.4635381699
20365930000000,13.3857517242
20366370000000,63.3871192932
20366810000000,74.755317688
20367230000000,74.0273742676
20367650000000,70.380821228
20368080000000,65.8742904663
20368520000000,37.2552719116
20368970000000,0.718398928642
20369420000000,-17.3570346832
20369880000000,-16.1977405548
20370310000000,-12.9040136337
20370760000000,-14.7000160217
20371200000000,-16.117521286
20371630000000,-17.5078620911
20372070000000,-18.8314743042
20372500000000,-19.9689235687
20372940000000,-18.6079616547
20373400000000,-14.192700386
20373820000000,30.9206199646
20374250000000,83.9497146606
20374720000000,133.775680542
20375170000000,167.147079468
20375600000000,113.672492981
20376030000000,86.0422286987
20376480000000,86.0579071045
20376930000000,86.5696182251
20377390000000,87.0784072876
20377830000000,87.8566665649
20378310000000,89.2647171021
20378740000000,90.4301986694
20379200000000,91.4805603027
20379630000000,93.0280151367
20380080000000,95.328453064
20380530000000,97.8218917847
20380980000000,100.33946991
20381420000000,102.255630493
20381850000000,-104.255088806
20382280000000,-106.982322693
20382700000000,-109.445571899
20383150000000,-111.772773743
20383570000000,-114.020225525
20384000000000,-115.793945312
20384450000000,117.383010864
20384900000000,118.934341431
20385360000000,121.751335144
20385800000000,124.519821167
20386230000000,126.515380859
20386680000000,127.837226868
20387100000000,128.795318604
20387560000000,130.921783447
20388040000000,133.728775024
20388480000000,137.020828247
20388910000000,139.947235107
20389340000000,141.088882446
20389770000000,142.708847046
20390200000000,145.593002319
20390640000000,148.594482422
20391070000000,150.539596558
20391490000000,152.039886475
20391950000000,153.317596436
20392380000000,154.330688477
20392820000000,154.630874634
20393250000000,154.702194214
20393670000000,160.893249512
20394110000000,169.813720703
20394520000000,162.292129517
20394930000000,157.02684021
20395360000000,157.023391724
20395790000000,157.255554199
20396210000000,157.465927124
20396650000000,157.742477417
20397050000000,160.339706421
20397480000000,162.050292969
20397900000000,159.247024536
20398310000000,158.790924072
20398720000000,164.396377563
20399150000000,167.806549072
20399570000000,153.173660278
20400010000000,144.081222534
20400450000000,144.215942383
20400870000000,136.501556396
20401290000000,143.65776062
20401700000000,139.05267334
20402110000000,134.992202759
20402530000000,133.932723999
20402950000000,-130.602935791
20403430000000,-134.879669189
20403850000000,-143.023803711
20404260000000,-147.92300415
20404690000000,-151.297851562
20405120000000,-154.07699585
20405530000000,-155.735794067
20405940000000,-157.177001953
20406380000000,-158.350341797
20406810000000,-159.312149048
20407250000000,-159.909393311
20407690000000,-160.412033081
20408140000000,-160.843704224
20408560000000,-161.214157104
20408960000000,-161.525802612
20409370000000,-161.790328979
20409780000000,-162.022644043
20410190000000,-162.237258911
20410640000000,-162.481155396
20411070000000,-162.618041992
20411470000000,-162.95362854
20411900000000,-163.356872559
20412370000000,-163.850997925
20412790000000,-164.38835144
20413200000000,-164.824783325
20413620000000,-165.207992554
20414060000000,-165.552947998
20414470000000,-165.92364502
20414890000000,166.496109009
20415300000000,166.949798584
20415740000000,167.424743652
20416170000000,167.929580688
20416570000000,168.399291992
20416970000000,168.8072052
20417390000000,169.192733765
20417780000000,169.574890137
20418170000000,169.907516479
20418580000000,170.236801147
20418980000000,170.553085327
20419370000000,170.858200073
20419780000000,171.144226074
20420190000000,171.416564941
20420620000000,171.691940308
20421030000000,171.952484131
20421490000000,172.206085205
20421900000000,172.476196289
20422350000000,172.699783325
20422760000000,172.920120239
20423190000000,173.081741333
20423620000000,173.257034302
20424030000000,173.418411255
20424480000000,173.573684692
20424910000000,173.729766846
20425320000000,173.880157471
20425760000000,174.01222229
20426180000000,174.153076172
20426610000000,174.280975342
20427030000000,174.410552979
20427480000000,174.530166626
20427880000000,174.651275635
20428300000000,174.757995605
20428760000000,174.866394043
20429170000000,174.977157593
20429600000000,175.076675415
20430030000000,175.277297974
20430450000000,175.534606934
20430850000000,175.921844482
20431270000000,176.279586792
20431670000000,176.613632202
20432080000000,177.104980469
20432520000000,177.496749878
20432960000000,177.935241699
20433380000000,178.561218262
20433810000000,179.141815186
20434210000000,179.713943481
20434630000000,179.718826294
20435050000000,179.152191162
20435540000000,178.610565186
20436000000000,178.003448486
20436420000000,177.436218262
20436800000000,176.934280396
20437230000000,176.533859253
20437640000000,176.135238647
20438050000000,175.604141235
20438480000000,175.214660645
20438920000000,174.643066406
20439340000000,173.986663818
20439740000000,173.399734497
20440150000000,172.816146851
