
20502880000000,109.737289429
20503430000000,109.946502686
20503970000000,110.374824524
20504530000000,110.809074402
20505080000000,111.068748474
20505630000000,111.748748779
20506130000000,112.347610474
20506640000000,113.220901489
20507140000000,114.1459198
20507620000000,115.21030426
20508090000000,116.254577637
20508600000000,117.3123703
20509080000000,118.595619202
20509530000000,119.854301453
20510010000000,121.097625732
20510470000000,122.498100281
20510950000000,123.881484985
20511390000000,125.472145081
20511840000000,126.467880249
20512280000000,127.284065247
20512720000000,128.311172485
20513150000000,129.084777832
20513580000000,129.723464966
20514010000000,130.281051636
20514440000000,130.835403442
20514870000000,150.783508301
20515310000000,169.724700928
20515760000000,178.558441162
20516210000000,179.843704224
20516640000000,167.253890991
20517110000000,117.941543579
20517540000000,61.2756462097
20517960000000,30.5144367218
20518400000000,26.206205368
20518840000000,61.1966896057
20519270000000,59.1263465881
20519690000000,56.2848129272
20520100000000,52.3136444092
20520560000000,47.934425354
20520990000000,41.9806365967
20521440000000,27.4998836517
20521870000000,1.88137614727
20522350000000,-4.03166866302
20522800000000,-7.01553440094
20523230000000,-6.87252950668
20523680000000,-6.9857172966
20524130000000,-8.01249027252
20524580000000,-8.0765542984
20525050000000,-8.99210929871
20525550000000,-10.1984519958
20526010000000,-11.7951526642
20526440000000,-13.1229085922
20526890000000,-10.7094717026
20527320000000,40.5573577881
20527790000000,91.5312347412
20528210000000,155.961669922
20528670000000,156.934844971
20529140000000,91.054145813
20529580000000,84.4934082031
20530030000000,84.3314056396
20530470000000,85.3531417847
20530900000000,86.6237182617
20531350000000,88.0504760742
20531790000000,89.2065582275
20532200000000,90.3961257935
20532650000000,91.1039123535
20533110000000,91.7842025757
20533530000000,92.8320770264
20533970000000,93.7617797852
20534420000000,94.8707199097
20534870000000,95.8197174072
20535300000000,97.7414093018
20535750000000,100.224372864
20536200000000,102.783828735
20536620000000,105.538879395
20537050000000,108.102226257
20537490000000,110.737998962
20537930000000,113.530395508
20538360000000,116.347885132
20538790000000,119.194534302
20539240000000,121.902458191
20539690000000,124.740348816
20540100000000,127.722473145
20540550000000,130.18951416
20540980000000,132.709594727
20541400000000,135.469512939
20541820000000,138.835830688
20542280000000,141.422439575
20542750000000,142.887756348
20543190000000,144.628219604
20543620000000,146.384979248
20544050000000,148.044525146
20544460000000,170.824783325
20544920000000,164.184555054
20545350000000,147.477172852
20545770000000,146.692276001
20546180000000,148.297302246
20546620000000,150.127609253
20547060000000,152.317077637
20547470000000,154.505554199
20547870000000,156.630828857
20548290000000,158.198989868
20548710000000,168.782714844
20549130000000,171.04284668
20549550000000,170.251647949
20549970000000,170.557250977
20550390000000,170.05682373
20550800000000,164.790908813
20551230000000,153.967895508
20551670000000,152.584075928
20552070000000,154.230773926
20552460000000,157.998626709
20552890000000,160.041564941
20553320000000,162.374481201
20553720000000,168.795135498
20554160000000,159.03477478
20554570000000,155.032730103
20555030000000,150.897232056
20555420000000,144.216110229
20555840000000,-143.828903198
20556270000000,-140.43977356
20556690000000,-141.655212402
20557120000000,-141.541213989
20557540000000,-145.328079224
20557970000000,-147.532806396
20558410000000,-149.50239563
20558830000000,-151.941650391
20559290000000,-154.364318848
20559710000000,-156.530212402
20560140000000,-158.18548584
20560550000000,-159.600631714
20560990000000,-160.822494507
20561420000000,-161.934890747
20561850000000,-162.904632568
20562260000000,-163.721389771
20562680000000,-164.450515747
20563100000000,-165.103683472
20563520000000,-165.666412354
20563950000000,-166.202865601
20564380000000,-166.690368652
20564800000000,-167.177200317
20565210000000,-167.581970215
20565630000000,-167.938156128
20566050000000,-168.284240723
20566480000000,-168.604858398
20566890000000,-168.916320801
20567290000000,-169.180007935
20567700000000,-169.426971436
20568150000000,-169.669952393
20568530000000,-169.908279419
20568960000000,-170.101867676
20569340000000,-170.302642822
20569760000000,-170.485321045
20570170000000,-170.665557861
20570570000000,-170.828201294
20570950000000,-170.98248291
20571360000000,-171.122039795
20571770000000,-171.268829346
20572160000000,-171.401870728
20572550000000,-171.528823853
20572950000000,-171.644134521
20573330000000,-171.760253906
20573740000000,-171.865966797
20574170000000,-171.977996826
20574590000000,-172.079040527
20575010000000,-172.185806274
20575410000000,-172.284072876
20575850000000,-172.372146606
20576240000000,-172.466201782
20576660000000,-172.543914795
20577110000000,-172.630447388
20577510000000,-172.7137146
20577930000000,-172.786407471
20578370000000,-172.860076904
20578770000000,-172.934539795
20579180000000,-172.999328613
20579630000000,-173.064224243
20580020000000,-173.127853394
20580420000000,173.299362183
20580800000000,173.512252808
20581240000000,173.64680481
20581650000000,173.855438232
20582060000000,173.995513916
20582470000000,174.411422729
20582860000000,174.920806885
20583270000000,175.44972229
20583720000000,175.834060669
20584130000000,176.380859375
20584540000000,176.841552734
20584960000000,177.314117432
20585350000000,177.780471802
20585790000000,178.1590271
20586240000000,178.563400269
20586640000000,179.064743042
20587050000000,179.496810913
20587490000000,179.950119019
20587890000000,179.535858154
20588290000000,178.937149048
20588690000000,178.325759888
20589080000000,177.734680176
20589540000000,177.162765503
20589940000000,176.576004028
20590330000000,176.075286865
20590770000000,175.480911255
20591200000000,174.918457031
20591610000000,174.23651123
20592020000000,173.642272949
20592400000000,173.040176392
20592820000000,172.462310791
20593260000000,171.853866577
