
20502880000000,146.187667847
20503430000000,147.563919067
20503970000000,150.329818726
20504530000000,153.150894165
20505080000000,155.457473755
20505630000000,158.440841675
20506130000000,161.226455688
20506640000000,164.080825806
20507140000000,167.409942627
20507620000000,171.05178833
20508090000000,174.407623291
20508600000000,177.532821655
20509080000000,178.878692627
20509530000000,175.739883423
20510010000000,172.867645264
20510470000000,169.898483276
20510950000000,167.228469849
20511390000000,164.294006348
20511840000000,162.358932495
20512280000000,160.294723511
20512720000000,158.025604248
20513150000000,155.214141846
20513580000000,152.968399048
20514010000000,150.701721191
20514440000000,148.861862183
20514870000000,146.778396606
20515310000000,144.555633545
20515760000000,141.926239014
20516210000000,138.806472778
20516640000000,137.400390625
20517110000000,137.079055786
20517540000000,136.404129028
20517960000000,128.779556274
20518400000000,126.350540161
20518840000000,138.466369629
20519270000000,138.049911499
20519690000000,137.298751831
20520100000000,136.372802734
20520560000000,135.397354126
20520990000000,134.320495605
20521440000000,133.440734863
20521870000000,128.546447754
20522350000000,122.950485229
20522800000000,121.368354797
20523230000000,122.580726624
20523680000000,123.588920593
20524130000000,123.4323349
20524580000000,123.84777832
20525050000000,123.174972534
20525550000000,121.039405823
20526010000000,115.097457886
20526440000000,97.1696777344
20526890000000,70.9159011841
20527320000000,99.3021316528
20527790000000,152.826812744
20528210000000,144.9115448
20528670000000,125.31754303
20529140000000,121.345596313
20529580000000,106.033126831
20530030000000,100.900215149
20530470000000,128.305908203
20530900000000,162.960739136
20531350000000,174.783325195
20531790000000,165.697052002
20532200000000,159.618896484
20532650000000,149.981506348
20533110000000,143.305023193
20533530000000,138.600708008
20533970000000,136.158081055
20534420000000,133.671966553
20534870000000,145.620361328
20535300000000,168.036941528
20535750000000,166.027618408
20536200000000,164.598800659
20536620000000,163.240875244
20537050000000,162.326858521
20537490000000,161.488479614
20537930000000,160.688110352
20538360000000,160.018157959
20538790000000,159.37701416
20539240000000,158.889358521
20539690000000,154.58190918
20540100000000,149.859634399
20540550000000,144.002746582
20540980000000,142.070495605
20541400000000,141.577850342
20541820000000,140.972396851
20542280000000,140.799194336
20542750000000,141.360015869
20543190000000,139.553344727
20543620000000,138.366760254
20544050000000,136.932144165
20544460000000,135.267425537
20544920000000,133.680938721
20545350000000,132.041397095
20545770000000,131.078338623
20546180000000,129.056793213
20546620000000,127.030075073
20547060000000,124.944824219
20547470000000,123.418182373
20547870000000,122.190040588
20548290000000,120.636413574
20548710000000,119.053123474
20549130000000,117.049720764
20549550000000,115.158592224
20549970000000,113.118980408
20550390000000,111.173088074
20550800000000,109.54094696
20551230000000,108.17150116
20551670000000,106.980659485
20552070000000,105.140861511
20552460000000,103.540023804
20552890000000,102.812995911
20553320000000,102.839645386
20553720000000,103.0182724
20554160000000,102.726974487
20554570000000,146.756759644
20555030000000,167.039169312
20555420000000,114.388824463
20555840000000,-55.4216384888
20556270000000,-38.2723121643
20556690000000,-45.98021698
20557120000000,-68.0751724243
20557540000000,-78.6228408813
20557970000000,-90.521270752
20558410000000,-103.551109314
20558830000000,-108.755722046
20559290000000,-110.781036377
20559710000000,-112.831604004
20560140000000,-114.642906189
20560550000000,-116.392929077
20560990000000,-118.082992554
20561420000000,-119.795707703
20561850000000,-121.408050537
20562260000000,-122.916542053
20562680000000,-124.374404907
20563100000000,-125.758750916
20563520000000,-127.064857483
20563950000000,-128.349060059
20564380000000,-129.600479126
20564800000000,-130.915222168
20565210000000,-131.982849121
20565630000000,-133.093078613
20566050000000,-134.160339355
20566480000000,-135.184341431
20566890000000,-136.215942383
20567290000000,-137.117828369
20567700000000,-137.988632202
20568150000000,-138.866760254
20568530000000,-139.75227356
20568960000000,-140.490020752
20569340000000,-141.272018433
20569760000000,-141.994873047
20570170000000,-142.722824097
20570570000000,-143.391998291
20570950000000,-144.038391113
20571360000000,-144.630462646
20571770000000,-145.265838623
20572160000000,-145.852767944
20572550000000,-146.417404175
20572950000000,-146.938751221
20573330000000,-147.475753784
20573740000000,-147.967376709
20574170000000,-148.492050171
20574590000000,-148.972869873
20575010000000,-149.449188232
20575410000000,-149.922821045
20575850000000,-150.290649414
20576240000000,-150.758529663
20576660000000,-151.185348511
20577110000000,-151.563766479
20577510000000,-151.990951538
20577930000000,-152.370315552
20578370000000,-152.727462769
20578770000000,-153.11869812
20579180000000,-153.431442261
20579630000000,-153.812362671
20580020000000,-155.525344849
20580420000000,168.74067688
20580800000000,168.160842896
20581240000000,173.451202393
20581650000000,176.888717651
20582060000000,178.232849121
20582470000000,162.481124878
20582860000000,160.794876099
20583270000000,160.599029541
20583720000000,160.515792847
20584130000000,160.331436157
20584540000000,160.176361084
20584960000000,160.017532349
20585350000000,159.861602783
20585790000000,159.739898682
20586240000000,159.594085693
20586640000000,159.332763672
20587050000000,159.189956665
20587490000000,159.036224365
20587890000000,158.743118286
20588290000000,158.371551514
20588690000000,157.996368408
20589080000000,157.635040283
20589540000000,157.286560059
20589940000000,156.936294556
20590330000000,156.613586426
20590770000000,156.206787109
20591200000000,155.848510742
20591610000000,155.381134033
20592020000000,154.982971191
20592400000000,154.591110229
20592820000000,154.20930481
20593260000000,153.808731079
