11548040000000,142.048843384
11548770000000,139.879852295
11549470000000,141.630844116
11550160000000,142.603042603
11550850000000,143.6040802
11551510000000,144.585784912
11552240000000,145.501434326
11552910000000,164.304367065
11553560000000,173.369598389
11554200000000,171.198562622
11554820000000,132.412979126
11555460000000,95.2108840942
11556110000000,65.9414215088
11556750000000,31.8865795135
11557360000000,0.677015304565
11557980000000,-7.5148191452
11558630000000,-23.82447052
11559230000000,-23.9312477112
11559860000000,-24.4487419128
11560480000000,-25.0828990936
11561150000000,-25.6970157623
11561770000000,-26.2481765747
11562390000000,-26.6821269989
11563020000000,-27.0748996735
11563670000000,4.111307621
11564310000000,78.5579833984
11564950000000,157.503936768
11565590000000,132.337051392
11566260000000,107.617210388
11566880000000,108.241523743
11567520000000,107.064369202
11568120000000,96.9507827759
11568720000000,72.3991851807
11569340000000,54.3136329651
11569980000000,23.7469501495
11570600000000,23.7546081543
11571250000000,23.8846664429
11571850000000,24.0356559753
11572530000000,28.569311142
11573130000000,43.444355011
11573760000000,56.2631607056
11574370000000,75.9195022583
11575040000000,111.241020203
11575630000000,145.92477417
11576240000000,161.454986572
11576880000000,166.223709106
11577500000000,106.432151794
11578100000000,94.6604003906
11578690000000,59.6889915466
11579290000000,53.1679458618
11579930000000,52.5281715393
11580560000000,51.8395462036
11581160000000,66.275642395
11581750000000,65.7241592407
11582440000000,72.1187057495
11583030000000,124.62663269
11583610000000,178.830749512
11584260000000,104.648590088
11584870000000,20.2682685852
11585490000000,-10.2229099274
11586120000000,-10.6152849197
11586760000000,-11.0520133972
11587400000000,-11.6362276077
11588020000000,-12.2594308853
11588630000000,-12.8583669662
11589290000000,-13.4365024567
11589890000000,-14.1385231018
11590510000000,-14.7607183456
11591130000000,-15.4675579071
11591790000000,-16.1329212189
11592400000000,-16.7759723663
11592990000000,-17.3721446991
11593600000000,-17.754825592
11594250000000,-18.2441215515
11594900000000,-18.7724456787
11595510000000,-19.3453998566
11596120000000,-19.8924274445
11596720000000,-20.4852809906
11597390000000,-21.0879192352
11598010000000,-21.7848777771
11598630000000,-22.4516048431
11599200000000,-23.2020626068
11599800000000,-23.9176864624
11600380000000,-24.690322876
11600980000000,-25.3976345062
11601570000000,26.1260471344
11602190000000,26.8823757172
11602780000000,27.7434692383
11603400000000,28.6308727264
11604010000000,29.5767459869
11604580000000,30.6181125641
11605210000000,31.6578941345
11605800000000,32.8448104858
11606380000000,34.0758171082
11607000000000,35.3301315308
11607610000000,36.7456436157
11608220000000,37.9866485596
11608810000000,39.4124717712
11609400000000,40.5753440857
11610010000000,41.7080459595
11610660000000,42.5633773804
11611260000000,43.3078613281
11611840000000,44.1178092957
11612440000000,44.9881362915
11613070000000,46.0054168701
11613670000000,47.2057533264
11614290000000,48.5247383118
11614880000000,49.7186203003
11615460000000,50.8585548401
11616110000000,51.5749053955
11616710000000,71.2499465942
11617310000000,72.0253067017
11617920000000,73.7465057373
11618510000000,76.0269241333
11619130000000,78.9236984253
11619760000000,83.8285369873
