14247690000000,109.172492981
14248410000000,110.111831665
14249180000000,111.073036194
14249940000000,111.967514038
14250620000000,112.960792542
14251360000000,114.013832092
14252030000000,115.313972473
14252690000000,116.537979126
14253360000000,117.901519775
14254070000000,119.201774597
14254700000000,120.259742737
14255350000000,120.946029663
14256060000000,121.829483032
14256710000000,122.759643555
14257350000000,159.367630005
14257960000000,148.042984009
14258610000000,89.1938247681
14259280000000,80.2614135742
14259900000000,66.0906829834
14260500000000,19.1754360199
14261170000000,8.61162948608
14261800000000,5.10413503647
14262420000000,2.13847017288
14263060000000,-2.89142823219
14263720000000,-5.52968788147
14264310000000,-7.95573329926
14264950000000,-9.99726772308
14265620000000,-12.2860441208
14266270000000,9.15857410431
14266870000000,85.8636779785
14267510000000,143.495223999
14268130000000,129.32913208
14268800000000,87.6574935913
14269460000000,89.8201217651
14270110000000,92.9609069824
14270730000000,96.0902786255
14271360000000,99.2183303833
14272020000000,102.840644836
14272630000000,106.802825928
14273290000000,110.634780884
14273900000000,115.600631714
14274530000000,119.907241821
14275170000000,124.169868469
14275810000000,128.148757935
14276450000000,132.516265869
14277110000000,135.353561401
14277760000000,138.890411377
14278380000000,143.139602661
14278980000000,145.452667236
14279580000000,149.278518677
14280180000000,153.30909729
14280770000000,156.049530029
14281370000000,156.807235718
14281970000000,158.066207886
14282590000000,158.449050903
14283270000000,158.88508606
14283880000000,159.208221436
14284550000000,159.63609314
14285130000000,160.338470459
14285740000000,161.409439087
14286370000000,163.500457764
14287000000000,161.966796875
14287650000000,145.559356689
14288240000000,149.620635986
14288850000000,153.306396484
14289450000000,-155.883560181
14290070000000,-160.683792114
14290680000000,-163.026992798
14291260000000,-162.900527954
14291910000000,-163.120422363
14292520000000,-163.313735962
14293140000000,-163.427490234
14293780000000,-163.783676147
14294400000000,-164.125961304
14294990000000,-164.414306641
14295610000000,-164.676452637
14296190000000,-164.934951782
14296830000000,-165.252807617
14297400000000,-166.040969849
14298010000000,-166.740875244
14298600000000,-167.330108643
14299200000000,-167.867767334
14299910000000,-168.336746216
14300470000000,-168.912902832
14301070000000,-169.308685303
14301660000000,-169.748016357
14302250000000,170.163467407
14302820000000,170.53553772
14303390000000,171.022567749
14303980000000,171.448516846
14304610000000,171.872467041
14305190000000,172.282409668
14305770000000,172.64050293
14306500000000,172.976974487
14307120000000,173.367630005
14307680000000,173.691162109
14308270000000,173.957901001
14308880000000,174.219406128
14309470000000,174.4765625
14310060000000,174.720687866
14310680000000,174.870635986
14311270000000,175.288894653
14311860000000,175.659942627
14312470000000,176.35446167
14313100000000,177.051086426
14313720000000,177.788070679
14314370000000,178.451187134
14314990000000,179.242492676
14315650000000,179.880966187
14316250000000,179.229782104
14316880000000,178.383468628
14317450000000,177.545455933
14318020000000,176.849655151
14318640000000,176.138137817
14319230000000,175.335296631
14319830000000,174.529190063
14320460000000,173.73538208
14321030000000,172.994812012
14321630000000,172.127822876
