
10332480000000,111.342269897
10333280000000,111.342140198
10334070000000,111.614929199
10334820000000,112.586860657
10335540000000,113.668708801
10336320000000,114.501373291
10337050000000,115.784332275
10337730000000,117.050857544
10338430000000,118.316345215
10339120000000,119.82901001
10339790000000,121.373649597
10340460000000,122.403877258
10341130000000,136.288955688
10341770000000,164.511871338
10342400000000,164.766677856
10343070000000,131.682250977
10343710000000,92.3687896729
10344320000000,24.6900691986
10344940000000,6.77161216736
10345600000000,-2.57985305786
10346220000000,23.2173099518
10346850000000,30.9363174438
10347500000000,13.8299446106
10348140000000,-26.0546340942
10348740000000,-48.8379631042
10349390000000,-39.2101249695
10350010000000,3.24952244759
10350670000000,1.36312758923
10351300000000,6.20639801025
10351960000000,49.7605018616
10352590000000,131.968383789
10353230000000,162.065826416
10353840000000,85.9519042969
10354500000000,86.799156189
10355140000000,88.2259597778
10355750000000,89.6525497437
10356410000000,92.0656738281
10357060000000,95.2244567871
10357690000000,98.6596908569
10358310000000,102.150428772
10358960000000,105.85005188
10359570000000,110.131988525
10360190000000,114.201461792
10360810000000,118.636100769
10361440000000,122.628967285
10362090000000,126.597961426
10362700000000,130.928985596
10363310000000,134.483413696
10363960000000,137.826828003
10364650000000,141.801025391
10365270000000,145.896530151
10365890000000,148.914077759
10366530000000,152.935302734
10367150000000,158.162994385
10367740000000,158.330856323
10368360000000,158.015609741
10368990000000,158.258331299
10369590000000,155.444976807
10370220000000,155.121337891
10370830000000,155.424118042
10371440000000,155.884628296
10372050000000,156.705078125
10372670000000,145.341400146
10373250000000,151.781997681
10373840000000,146.715316772
10374480000000,162.677047729
10375070000000,168.19519043
10375710000000,-162.133789062
10376310000000,-138.594985962
10376910000000,-140.35017395
10377520000000,-142.360519409
10378140000000,-143.904586792
10378760000000,-145.118682861
10379350000000,-156.996307373
10379930000000,-162.485733032
10380560000000,-163.536193848
10381190000000,-164.678131104
10381790000000,-165.693435669
10382410000000,-166.515792847
10383050000000,-167.259979248
10383620000000,-167.935501099
10384240000000,-168.479537964
10384890000000,-168.966201782
10385540000000,-169.479293823
10386150000000,-169.926879883
10386730000000,-170.297866821
10387340000000,-170.624435425
10387960000000,-170.946899414
10388560000000,-171.158905029
10389150000000,-171.427108765
10389750000000,-171.687026978
10390370000000,-171.937286377
10390970000000,-172.17791748
10391590000000,-172.394927979
10392230000000,-172.603927612
10392860000000,-172.805221558
10393460000000,-172.994140625
10394090000000,-173.161071777
10394670000000,-173.322433472
10395300000000,-173.467071533
10395910000000,-173.618179321
10396530000000,173.994735718
10397110000000,174.217666626
10397700000000,174.863464355
10398330000000,175.516571045
10398920000000,176.164138794
10399510000000,176.760772705
10400140000000,177.31930542
10400760000000,177.901992798
10401340000000,178.424057007
10401960000000,178.935928345
10402550000000,179.418960571
10403160000000,179.867019653
10403800000000,179.714141846
10404440000000,178.972045898
10405050000000,177.923736572
10405710000000,176.853713989
10406340000000,175.755233765
10406980000000,174.758865356
10407590000000,173.763977051
10408180000000,172.745056152
10408760000000,171.762786865
10409350000000,171.335372925
10409950000000,171.332687378
10410570000000,171.332458496
10411180000000,171.333084106
10411810000000,171.332855225
10412410000000,171.332901001
