14380170000000,144.168579102
14380940000000,148.596359253
14381680000000,154.045318604
14382420000000,159.501235962
14383130000000,164.652603149
14383840000000,170.451202393
14384520000000,176.588684082
14385230000000,177.57043457
14385910000000,171.940856934
14386610000000,166.243621826
14387290000000,161.884490967
14387940000000,156.900421143
14388620000000,153.458465576
14389250000000,148.69078064
14389890000000,143.586029053
14390540000000,138.358856201
14391280000000,134.205535889
14391920000000,129.789993286
14392560000000,125.315994263
14393180000000,119.611816406
14393810000000,118.481651306
14394450000000,117.774276733
14395040000000,116.721809387
14395690000000,115.183456421
14396320000000,111.275939941
14396980000000,101.08014679
14397670000000,151.181900024
14398340000000,135.297088623
14398960000000,130.738723755
14399570000000,130.909667969
14400170000000,134.378753662
14400820000000,155.69493103
14401440000000,131.991363525
14402060000000,132.836654663
14402700000000,157.386306763
14403350000000,165.592224121
14403980000000,170.729248047
14404650000000,167.662261963
14405280000000,165.345626831
14405920000000,155.814102173
14406590000000,140.715545654
14407240000000,140.480621338
14407880000000,139.756240845
14408480000000,139.100723267
14409090000000,137.836959839
14409770000000,135.578430176
14410410000000,133.102539062
14411030000000,129.846069336
14411670000000,126.878143311
14412310000000,124.703575134
14412930000000,121.59487915
14413540000000,118.245140076
14414180000000,114.991836548
14414900000000,111.748291016
14415500000000,107.920646667
14416100000000,104.870735168
14416710000000,101.997177124
14417370000000,101.195968628
14417970000000,101.139640808
14418580000000,159.519088745
14419230000000,139.970199585
14419820000000,128.017059326
14420440000000,-82.9154510498
14421040000000,-89.6837081909
14421660000000,-90.0277404785
14422270000000,-90.8734970093
14422890000000,-85.0548706055
14423520000000,-88.5428619385
14424150000000,-96.3295288086
14424730000000,-104.486083984
14425340000000,-106.806396484
14425980000000,-111.678916931
14426610000000,-121.029594421
14427200000000,-127.202857971
14427820000000,-132.626647949
14428420000000,-135.853912354
14429030000000,-138.216796875
14429630000000,-139.627426147
14430240000000,-141.657867432
14430820000000,-142.980361938
14431470000000,-144.065917969
14432080000000,-145.225830078
14432670000000,-146.989578247
14433270000000,-147.412094116
14433900000000,-148.333618164
14434500000000,-149.276809692
14435090000000,153.927352905
14435730000000,154.640533447
14436290000000,160.123031616
14436930000000,160.957183838
14437530000000,161.572097778
14438130000000,162.133407593
14438750000000,160.9296875
14439390000000,162.023147583
14440030000000,162.572174072
14440590000000,163.054229736
14441170000000,163.514938354
14441790000000,170.28314209
14442360000000,166.018112183
14443060000000,158.710968018
14443660000000,158.348434448
14444260000000,158.26612854
14444870000000,158.111480713
14445460000000,157.944900513
14446090000000,157.68901062
14446660000000,157.432830811
14447260000000,157.157730103
14447860000000,156.784988403
14448470000000,156.105285645
14449110000000,155.663833618
14449720000000,155.196136475
14450380000000,154.759719849
14450950000000,154.343978882
14451540000000,153.985473633
14452160000000,153.619888306
14452750000000,153.265701294
