11789370000000,154.007522583
11790110000000,158.869033813
11790860000000,163.259887695
11791560000000,168.197525024
11792280000000,173.142913818
11792950000000,178.344390869
11793620000000,176.862091064
11794300000000,171.94732666
11794960000000,167.290924072
11795630000000,163.210876465
11796280000000,158.75390625
11796930000000,154.334320068
11797570000000,152.627914429
11798260000000,151.326889038
11798900000000,147.259338379
11799540000000,142.935638428
11800210000000,139.425933838
11800860000000,135.862411499
11801470000000,113.663352966
11802120000000,124.219650269
11802780000000,135.66267395
11803420000000,127.511398315
11804070000000,113.629333496
11804710000000,96.7556152344
11805330000000,91.0734481812
11805960000000,104.590820312
11806590000000,138.554733276
11807270000000,115.601737976
11807940000000,154.683532715
11808550000000,149.233764648
11809200000000,140.022399902
11809850000000,163.598602295
11810510000000,132.324432373
11811160000000,120.503295898
11811880000000,159.589935303
11812510000000,154.755615234
11813150000000,164.80770874
11813780000000,174.998962402
11814430000000,172.123275757
11815070000000,169.981826782
11815710000000,174.871704102
11816370000000,173.637435913
11817030000000,167.482788086
11817670000000,162.041854858
11818290000000,151.841278076
11818930000000,139.178619385
11819530000000,137.789703369
11820170000000,136.593429565
11820770000000,135.723190308
11821430000000,134.469726562
11822070000000,131.569885254
11822680000000,129.769805908
11823280000000,127.567008972
11823910000000,125.911621094
11824510000000,122.8699646
11825120000000,119.854804993
11825730000000,116.476097107
11826400000000,113.276473999
11826990000000,109.703712463
11827600000000,106.512886047
11828210000000,103.777671814
11828850000000,102.646339417
11829470000000,102.980323792
11830080000000,173.762329102
11830710000000,107.616760254
11831330000000,-106.249969482
11831930000000,-83.6797943115
11832550000000,-39.8624725342
11833150000000,-75.7239990234
11833750000000,-84.8802947998
11834390000000,-87.864364624
11834990000000,-90.6799621582
11835600000000,-93.3044967651
11836220000000,-96.368927002
11836850000000,-114.023132324
11837480000000,-121.344764709
11838100000000,-122.966827393
11838720000000,-124.970832825
11839330000000,-126.777420044
11839950000000,-128.471160889
11840530000000,-130.408203125
11841150000000,-135.705474854
11841720000000,-140.755233765
11842320000000,-141.954544067
11842940000000,-143.17338562
11843540000000,-144.253570557
11844130000000,-145.288696289
11844740000000,-146.163787842
11845350000000,-147.158172607
11845930000000,-147.989089966
11846510000000,156.137619019
11847110000000,157.282318115
11847710000000,157.20223999
11848330000000,158.003250122
11848920000000,158.631408691
11849530000000,159.207077026
11850120000000,159.802459717
11850730000000,160.198852539
11851370000000,160.831390381
11851940000000,161.390075684
11852530000000,161.79977417
11853130000000,179.046813965
11853740000000,159.543701172
11854330000000,160.907562256
11854970000000,165.370529175
11855580000000,163.571166992
11856180000000,159.543457031
11856800000000,159.327728271
11857440000000,159.150863647
11858060000000,158.98197937
11858650000000,158.652709961
11859260000000,158.253860474
11859860000000,157.897644043
11860510000000,157.533538818
11861130000000,156.941497803
11861730000000,156.495498657
11862360000000,155.942016602
11862940000000,155.281890869
11863540000000,154.703521729
11864150000000,154.143341064
11864750000000,153.595169067
