
12519970000000,154.764068604
12520720000000,154.758865356
12521490000000,154.93321228
12522230000000,159.146194458
12522940000000,163.570343018
12523670000000,167.126953125
12524420000000,171.231307983
12525140000000,176.156661987
12525850000000,179.141769409
12526520000000,173.990020752
12527210000000,168.879501343
12527870000000,163.668640137
12528570000000,159.009597778
12529240000000,153.902496338
12529890000000,149.681945801
12530590000000,145.830383301
12531250000000,141.203445435
12531880000000,137.98626709
12532510000000,134.510986328
12533190000000,130.875427246
12533820000000,126.204269409
12534470000000,121.053222656
12535080000000,102.751495361
12535750000000,96.2312316895
12536360000000,111.304229736
12537010000000,126.652336121
12537670000000,159.093643188
12538290000000,148.029190063
12538950000000,160.521850586
12539620000000,141.355484009
12540260000000,137.126754761
12540900000000,140.745697021
12541560000000,139.026260376
12542220000000,136.385742188
12542820000000,134.894332886
12543410000000,135.028381348
12544070000000,157.637878418
12544710000000,171.991546631
12545410000000,170.006134033
12546060000000,168.364257812
12546770000000,156.863037109
12547410000000,143.406204224
12548060000000,141.366134644
12548680000000,138.804397583
12549340000000,136.762313843
12549960000000,135.325027466
12550600000000,134.00213623
12551200000000,132.905471802
12551860000000,130.425231934
12552490000000,127.430938721
12553120000000,124.917411804
12553760000000,121.66280365
12554360000000,118.481628418
12554980000000,115.427360535
12555580000000,112.270828247
12556240000000,109.307922363
12556870000000,106.013778687
12557520000000,103.046325684
12558120000000,101.304634094
12558750000000,113.883926392
12559370000000,157.116027832
12559950000000,-91.6904144287
12560550000000,-70.5851745605
12561180000000,-55.5156974792
12561780000000,-44.9499015808
12562400000000,-46.2068519592
12563020000000,-49.1508026123
12563620000000,-64.7822341919
12564220000000,-70.9908981323
12564820000000,-73.733795166
12565450000000,-76.5779037476
12566050000000,-89.4069976807
12566710000000,-120.912445068
12567310000000,136.95753479
12567920000000,138.827957153
12568530000000,140.614944458
12569150000000,142.237182617
12569770000000,143.753738403
12570350000000,144.267318726
12570960000000,144.70010376
12571560000000,146.21182251
12572150000000,146.408493042
12572750000000,147.698150635
12573350000000,148.756134033
12573920000000,149.73765564
12574530000000,150.642105103
12575120000000,151.568557739
12575770000000,152.40032959
12576360000000,153.276062012
12576940000000,154.046737671
12577570000000,154.727630615
12578190000000,155.419815063
12578780000000,156.075088501
12579370000000,156.680297852
12579950000000,157.23236084
12580540000000,157.748123169
12581160000000,158.274459839
12581810000000,158.759841919
12582400000000,159.230056763
12583010000000,159.721954346
12583610000000,160.221710205
12584260000000,169.228652954
12584880000000,173.577011108
12585460000000,160.347702026
12586100000000,160.318572998
12586690000000,160.029785156
12587300000000,159.711746216
12587940000000,159.384506226
12588550000000,159.071151733
12589190000000,158.699905396
12589820000000,158.276657104
12590410000000,157.856735229
12591030000000,157.356231689
12591670000000,156.706069946
12592280000000,156.076843262
12592890000000,155.45614624
12593500000000,154.895370483
12594090000000,154.332122803
12594720000000,153.793014526
12595340000000,153.71925354
12595940000000,153.72807312
