13813060000000,145.716842651
13813810000000,150.677658081
13814550000000,155.710235596
13815310000000,160.693817139
13816020000000,166.488555908
13816760000000,172.382949829
13817460000000,178.568588257
13818130000000,175.573745728
13818820000000,170.156005859
13819510000000,164.813156128
13820150000000,159.990005493
13820800000000,155.06729126
13821480000000,149.183822632
13822120000000,144.228713989
13822770000000,141.828277588
13823460000000,137.725036621
13824080000000,133.063766479
13824730000000,130.382369995
13825360000000,130.377624512
13825990000000,130.365722656
13826660000000,130.353561401
13827280000000,130.332046509
13827920000000,130.296707153
13828570000000,130.240127563
13829210000000,130.125839233
13829850000000,129.675308228
13830500000000,147.601348877
13831150000000,176.677368164
13831800000000,154.076370239
13832440000000,120.452606201
13833080000000,122.600852966
13833700000000,146.63230896
13834340000000,137.095901489
13834980000000,135.822631836
13835650000000,138.786209106
13836250000000,159.591018677
13836860000000,176.444244385
13837510000000,173.394042969
13838130000000,171.07711792
13838760000000,167.821029663
13839390000000,159.512832642
13840040000000,156.245544434
13840670000000,141.248214722
13841310000000,141.085479736
13841920000000,139.58883667
13842560000000,138.213516235
13843220000000,135.671875
13843840000000,132.736419678
13844490000000,130.237075806
13845090000000,127.388908386
13845720000000,124.27066803
13846330000000,120.510551453
13846940000000,117.215736389
13847560000000,113.85559082
13848160000000,110.545379639
13848750000000,107.407119751
13849350000000,104.445404053
13850000000000,102.587165833
13850610000000,102.432090759
13851250000000,102.293037415
13851870000000,145.051239014
13852480000000,146.800292969
13853080000000,123.42375946
13853660000000,-94.5989837646
13854280000000,-81.4834899902
13854880000000,-84.4044647217
13855460000000,-87.0634765625
13856050000000,-89.7533187866
13856700000000,-92.5522842407
13857310000000,-109.556152344
13857900000000,-98.8803405762
13858520000000,-105.280189514
13859140000000,-117.120529175
13859750000000,-119.15763092
13860370000000,-123.90713501
13860950000000,-126.394371033
13861550000000,-130.371459961
13862140000000,-136.360351562
13862710000000,-138.624832153
13863320000000,-139.844299316
13863950000000,-141.141494751
13864570000000,-142.315048218
13865160000000,-143.465454102
13865780000000,-144.509063721
13866410000000,-145.518737793
13866980000000,-146.458770752
13867560000000,152.854858398
13868180000000,153.33164978
13868760000000,154.368301392
13869350000000,156.399902344
13869970000000,156.855514526
13870560000000,157.447463989
13871170000000,159.331512451
13871830000000,172.332336426
13872410000000,172.682144165
13873020000000,173.055221558
13873610000000,173.683059692
13874200000000,174.572372437
13874800000000,175.093063354
13875400000000,167.45123291
13875980000000,167.341903687
13876610000000,167.170196533
13877190000000,158.950515747
13877820000000,158.985641479
13878420000000,158.619369507
13878990000000,158.112411499
13879590000000,157.655075073
13880200000000,157.183700562
13880790000000,156.713500977
13881410000000,156.293151855
13881970000000,155.826660156
13882550000000,155.477890015
13883180000000,155.07711792
13883800000000,154.644073486
13884380000000,154.236816406
13885000000000,153.729980469
13885600000000,153.199386597
13886190000000,152.702209473
