
10332480000000,140.911514282
10333280000000,140.911361694
10334070000000,137.891403198
10334820000000,141.130737305
10335540000000,142.570053101
10336320000000,144.707290649
10337050000000,145.77281189
10337730000000,146.816619873
10338430000000,147.82749939
10339120000000,150.830718994
10339790000000,170.12449646
10340450000000,167.995300293
10341130000000,129.528152466
10341770000000,101.02154541
10342400000000,70.6861572266
10343080000000,38.732925415
10343710000000,3.38839817047
10344320000000,-24.6416091919
10344940000000,-24.4021263123
10345600000000,-24.4737033844
10346220000000,-24.7924404144
10346850000000,-24.70454216
10347500000000,-24.8925514221
10348140000000,-25.1337356567
10348740000000,-25.6697273254
10349390000000,-26.3039093018
10350020000000,-26.7168960571
10350670000000,-26.9921569824
10351300000000,-27.189081192
10351960000000,-9.34901237488
10352590000000,73.3705596924
10353230000000,139.445831299
10353840000000,132.944091797
10354500000000,100.538101196
10355140000000,94.8414001465
10355750000000,68.7787475586
10356410000000,57.5969657898
10357060000000,57.8908538818
10357690000000,57.8221664429
10358310000000,58.314781189
10358960000000,29.8614387512
10359570000000,23.5947570801
10360190000000,23.6946372986
10360810000000,31.8066902161
10361450000000,44.2465744019
10362090000000,49.0594100952
10362700000000,77.6793441772
10363310000000,103.117866516
10363970000000,116.299583435
10364650000000,145.39730835
10365270000000,174.464431763
10365890000000,172.657333374
10366530000000,117.624183655
10367150000000,62.4893112183
10367740000000,61.5223236084
10368360000000,61.2697029114
10368990000000,60.4736442566
10369590000000,62.8022956848
10370220000000,65.1525039673
10370830000000,64.4377441406
10371440000000,63.7598304749
10372050000000,66.3684463501
10372670000000,144.41003418
10373250000000,156.078079224
10373840000000,87.4323348999
10374480000000,36.6007003784
10375070000000,10.8205795288
10375710000000,-10.8549795151
10376300000000,-11.3272705078
10376910000000,-12.0392465591
10377520000000,-12.7387533188
10378140000000,-13.4851922989
10378760000000,-14.256770134
10379350000000,-15.0464267731
10379930000000,-15.7505884171
10380560000000,-16.1671409607
10381190000000,-16.5778198242
10381790000000,-17.0218467712
10382410000000,-17.4572906494
10383050000000,-17.9260425568
10383620000000,-18.4334621429
10384240000000,-18.9141216278
10384890000000,-19.4194335938
10385540000000,-20.04180336
10386150000000,-20.6785144806
10386730000000,-21.2880001068
10387340000000,-21.905506134
10387960000000,-22.602804184
10388560000000,-23.1304168701
10389150000000,-23.7973022461
10389750000000,-24.535943985
10390370000000,-25.3449459076
10390970000000,-26.2301921844
10391590000000,-27.13920784
10392240000000,-28.1390914917
10392860000000,-29.2401123047
10393460000000,-30.4237098694
10394090000000,-31.6042289734
10394670000000,-32.9046401978
10395300000000,-34.2119216919
10395910000000,-35.7505645752
10396530000000,37.1600379944
10397110000000,38.6552314758
10397700000000,39.4224967957
10398330000000,40.2741317749
10398920000000,41.2493362427
10399510000000,42.2924194336
10400140000000,43.4132575989
10400760000000,44.7919502258
10401340000000,46.2360229492
10401960000000,47.8934707642
10402550000000,49.7735939026
10403160000000,51.6192970276
10403800000000,53.9938240051
10404440000000,77.047454834
10405050000000,86.7155380249
10405710000000,74.5342788696
10406340000000,75.4858703613
10406980000000,84.3079605103
10407590000000,100.285667419
10408180000000,100.176338196
10408760000000,93.5032196045
10409350000000,99.1771011353
10409950000000,98.564414978
10410580000000,98.5647964478
10411180000000,98.5567779541
10411810000000,98.5528869629
10412410000000,98.5495605469
