11931370000000,138.901062012
11932130000000,141.443496704
11932870000000,142.642349243
11933600000000,144.104431152
11934310000000,144.405075073
11935080000000,144.740829468
11935780000000,144.971603394
11936430000000,145.017837524
11937120000000,145.947265625
11937780000000,146.972259521
11938440000000,155.391784668
11939080000000,178.066268921
11939800000000,150.691131592
11940450000000,128.132995605
11941070000000,116.461410522
11941700000000,43.7868995667
11942380000000,43.2242584229
11943010000000,-23.0502300262
11943650000000,-23.3325996399
11944270000000,-23.5611686707
11944990000000,-23.6343212128
11945670000000,-23.7248363495
11946340000000,-24.0855197906
11946960000000,-24.7190418243
11947610000000,-25.3018474579
11948240000000,-25.8643455505
11948830000000,-26.3785705566
11949510000000,-26.8271961212
11950160000000,-27.0972194672
11950770000000,-27.3277111053
11951450000000,2.07878851891
11952080000000,100.947570801
11952740000000,160.441375732
11953400000000,163.09274292
11954040000000,125.310684204
11954720000000,98.0014419556
11955340000000,58.6336364746
11956020000000,54.1738891602
11956670000000,52.2760505676
11957290000000,31.2235946655
11957900000000,25.7755146027
11958560000000,23.2563667297
11959210000000,23.3426856995
11959860000000,23.4771232605
11960530000000,23.6159858704
11961170000000,23.7444171906
11961780000000,36.0287475586
11962420000000,41.3289642334
11963050000000,55.817276001
11963660000000,82.9296417236
11964320000000,106.563148499
11964940000000,117.515846252
11965540000000,171.277236938
11966200000000,129.202316284
11966810000000,98.4136505127
11967400000000,100.712966919
11968020000000,87.0306396484
11968680000000,70.0490112305
11969300000000,69.2118453979
11969900000000,68.4181671143
11970520000000,67.7198638916
11971100000000,67.0773468018
11971730000000,75.9001998901
11972360000000,97.3475189209
11972960000000,131.410064697
11973550000000,165.75831604
11974170000000,116.094657898
11974780000000,57.5879745483
11975440000000,48.2655601501
11976060000000,15.9727191925
11976640000000,-9.56502532959
11977290000000,-9.92034626007
11977890000000,-10.5387945175
11978530000000,-11.1697092056
11979130000000,-11.917142868
11979770000000,-12.647644043
11980370000000,-13.4537601471
11980970000000,-14.2644023895
11981560000000,-15.0466499329
11982180000000,-15.8286867142
11982770000000,-16.4213829041
11983370000000,-16.9977016449
11984000000000,-17.6189022064
11984630000000,-18.312046051
11985230000000,-18.9347743988
11985820000000,-19.5710811615
11986450000000,-20.2364597321
11987040000000,-20.925453186
11987670000000,21.3791732788
11988260000000,21.9613933563
11988860000000,22.5517539978
11989470000000,23.1576786041
11990040000000,23.8342056274
11990630000000,24.5091323853
11991240000000,25.2165393829
11991850000000,25.9927997589
11992460000000,26.8176364899
11993080000000,27.7511234283
11993690000000,28.7180786133
11994310000000,29.6731567383
11994880000000,30.799697876
11995510000000,31.8570690155
11996090000000,33.1462020874
11996680000000,34.3580513
11997290000000,35.7849960327
11997910000000,37.2774124146
11998520000000,38.9236488342
11999160000000,40.636390686
11999810000000,42.3737449646
12000380000000,44.0641670227
12001000000000,45.6068344116
12001610000000,47.4168586731
12002210000000,49.3430290222
12002840000000,51.0268859863
12003450000000,51.4924354553
12004040000000,51.726524353
12004670000000,51.8283538818
12005280000000,52.6334953308
12005890000000,52.8871879578
12006540000000,53.3362808228
12007130000000,66.7063903809
12007730000000,67.5226516724
12008370000000,68.7415771484
12008970000000,70.5479431152
12009560000000,80.9879302979
12010150000000,91.0759658813
12010760000000,94.1435165405
