
20199370000000,144.626922607
20199910000000,146.921905518
20200450000000,150.399703979
20200970000000,153.926483154
20201480000000,157.707046509
20202040000000,161.154876709
20202540000000,164.774795532
20203030000000,168.435699463
20203560000000,171.956176758
20204070000000,175.884017944
20204550000000,179.463104248
20205010000000,177.189865112
20205490000000,174.075637817
20205960000000,171.315185547
20206420000000,169.214706421
20206910000000,166.146286011
20207380000000,163.049499512
20207830000000,160.34916687
20208280000000,158.564544678
20208720000000,156.103134155
20209170000000,153.901870728
20209590000000,151.994338989
20210030000000,150.117706299
20210490000000,148.037414551
20210940000000,145.710632324
20211350000000,143.22567749
20211820000000,141.543136597
20212270000000,139.646865845
20212690000000,137.36958313
20213150000000,135.04989624
20213600000000,134.259490967
20214070000000,133.536300659
20214510000000,132.372879028
20214990000000,131.423583984
20215430000000,130.767562866
20215890000000,116.001304626
20216350000000,91.8479690552
20216800000000,87.0944290161
20217240000000,91.8237686157
20217670000000,98.885055542
20218110000000,115.32497406
20218590000000,128.284484863
20219020000000,161.266616821
20219460000000,152.863830566
20219880000000,156.879959106
20220320000000,157.158416748
20220750000000,153.332580566
20221200000000,156.025634766
20221650000000,157.653488159
20222100000000,155.737594604
20222580000000,152.121261597
20223000000000,146.276657104
20223430000000,145.316696167
20223870000000,143.268737793
20224290000000,139.663009644
20224760000000,136.426376343
20225230000000,133.348373413
20225690000000,132.024002075
20226160000000,132.526519775
20226620000000,163.196273804
20227040000000,152.265197754
20227490000000,154.209823608
20227940000000,155.344955444
20228380000000,157.323135376
20228800000000,159.245223999
20229250000000,162.102737427
20229720000000,166.608963013
20230160000000,179.10774231
20230600000000,159.609283447
20231030000000,148.539031982
20231490000000,147.172088623
20231920000000,145.914352417
20232350000000,145.949401855
20232810000000,144.647369385
20233250000000,143.254226685
20233700000000,142.113006592
20234110000000,141.108627319
20234540000000,140.540847778
20234950000000,138.662521362
20235390000000,137.121536255
20235800000000,135.575271606
20236220000000,134.436401367
20236650000000,133.112182617
20237080000000,131.271148682
20237540000000,129.223739624
20237960000000,127.047401428
20238370000000,125.034744263
20238780000000,123.097038269
20239180000000,121.035713196
20239580000000,119.049514771
20240010000000,117.069847107
20240460000000,115.006813049
20240870000000,112.748336792
20241370000000,110.794616699
20241800000000,108.37286377
20242240000000,106.382637024
20242650000000,104.929733276
20243070000000,104.799530029
20243530000000,104.843811035
20243990000000,104.727165222
20244410000000,104.469841003
20244830000000,118.130493164
20245240000000,166.837539673
20245670000000,149.843963623
20246090000000,-95.3523101807
20246480000000,-95.4543228149
20246930000000,-97.436668396
20247360000000,-97.0915603638
20247790000000,-93.1871490479
20248250000000,-95.4588851929
20248670000000,-97.5406723022
20249100000000,-99.4102935791
20249500000000,-83.7647018433
20249910000000,-81.5994491577
20250360000000,-84.4233474731
20250810000000,-85.7938156128
20251220000000,-90.8847122192
20251620000000,-105.04750061
20252050000000,-115.737731934
20252470000000,-116.556777954
20252880000000,-118.247398376
20253300000000,-119.637672424
20253740000000,-121.020294189
20254160000000,-122.479309082
20254570000000,-124.166694641
20254980000000,-125.491149902
20255410000000,-128.22694397
20255840000000,-132.98260498
20256240000000,145.349349976
20256650000000,148.284957886
20257080000000,149.103866577
20257520000000,149.890869141
20257970000000,150.690658569
20258370000000,151.378219604
20258780000000,151.972747803
20259180000000,152.637527466
20259620000000,153.250869751
20260050000000,153.857208252
20260490000000,154.469284058
20260880000000,155.07019043
20261280000000,155.596755981
20261710000000,156.077774048
20262110000000,156.607177734
20262540000000,157.078964233
20262940000000,157.579025269
20263360000000,157.994476318
20263840000000,158.418151855
20264260000000,158.906082153
20264690000000,159.333999634
20265110000000,159.477920532
20265500000000,160.015045166
20265900000000,160.363845825
20266350000000,160.699966431
20266750000000,161.063323975
20267180000000,161.387893677
20267570000000,161.730438232
20267970000000,162.022628784
20268370000000,162.320495605
20268810000000,162.609298706
20269200000000,162.878982544
20269630000000,163.149124146
20270130000000,168.489639282
20270580000000,175.670623779
20270990000000,176.266281128
20271420000000,160.055267334
20271830000000,160.193893433
20272250000000,160.046218872
20272680000000,159.816207886
20273070000000,159.578536987
20273450000000,159.368881226
20273850000000,159.162155151
20274270000000,158.949157715
20274660000000,158.732849121
20275090000000,158.532852173
20275500000000,158.281906128
20275910000000,158.086486816
20276360000000,157.928131104
20276770000000,157.749847412
20277240000000,157.550994873
20277660000000,157.381088257
20278080000000,157.150634766
20278510000000,156.866744995
20278920000000,156.560836792
20279350000000,156.265869141
20279800000000,155.940765381
20280220000000,155.536605835
20280640000000,155.184906006
20281080000000,154.80140686
20281510000000,154.411193848
20281910000000,154.044616699
20282350000000,153.693328857
