
20672890000000,149.266952515
20673430000000,153.007537842
20673940000000,156.782714844
20674440000000,160.27671814
20674940000000,163.744598389
20675450000000,167.752960205
20675950000000,171.831436157
20676450000000,175.949691772
20676930000000,179.939315796
20677410000000,176.03868103
20677870000000,172.220397949
20678340000000,168.663330078
20678790000000,165.140075684
20679270000000,162.73298645
20679710000000,159.093261719
20680170000000,155.813476562
20680660000000,152.705307007
20681100000000,150.653259277
20681570000000,150.002197266
20682010000000,150.146286011
20682440000000,148.22605896
20682900000000,145.851379395
20683340000000,143.657073975
20683800000000,141.435272217
20684240000000,139.731628418
20684680000000,137.771286011
20685100000000,135.754135132
20685540000000,133.710586548
20686070000000,131.346405029
20686490000000,128.419921875
20686950000000,126.395530701
20687400000000,125.242370605
20687870000000,123.550308228
20688300000000,120.982299805
20688750000000,120.834152222
20689190000000,115.609664917
20689610000000,115.667503357
20690030000000,114.831871033
20690480000000,113.771057129
20690920000000,111.63482666
20691370000000,107.258789062
20691810000000,106.375389099
20692260000000,140.731964111
20692690000000,175.50491333
20693120000000,177.118041992
20693560000000,179.247924805
20694000000000,173.467300415
20694440000000,173.875274658
20694890000000,154.848648071
20695320000000,170.995101929
20695760000000,148.260742188
20696190000000,136.763000488
20696620000000,131.182769775
20697080000000,127.988319397
20697530000000,126.32926178
20698000000000,133.171875
20698430000000,134.83744812
20698880000000,158.704025269
20699300000000,153.381881714
20699750000000,146.911178589
20700220000000,154.906066895
20700650000000,163.587234497
20701100000000,168.65171814
20701550000000,172.881408691
20702000000000,177.858047485
20702440000000,168.768722534
20702860000000,153.613342285
20703310000000,145.790344238
20703730000000,141.971710205
20704150000000,141.821609497
20704580000000,141.657653809
20705030000000,141.051437378
20705480000000,140.504348755
20705930000000,139.892807007
20706360000000,139.243499756
20706800000000,138.103317261
20707230000000,136.942611694
20707660000000,136.111251831
20708080000000,134.505935669
20708520000000,133.096252441
20708960000000,132.211608887
20709370000000,131.650985718
20709830000000,130.328567505
20710310000000,128.467102051
20710750000000,126.542205811
20711150000000,124.817062378
20711590000000,123.023597717
20712010000000,121.121803284
20712420000000,119.183525085
20712840000000,116.905471802
20713260000000,114.897438049
20713690000000,112.78049469
20714150000000,110.721405029
20714560000000,108.4789505
20714960000000,106.403884888
20715400000000,105.789321899
20715860000000,105.789825439
20716290000000,104.416954041
20716690000000,103.226974487
20717150000000,102.573875427
20717560000000,102.241584778
20717980000000,102.19783783
20718420000000,107.62651062
20718850000000,156.369491577
20719260000000,162.627609253
20719670000000,117.018356323
20720110000000,-99.8990020752
20720540000000,-103.423919678
20720950000000,-103.380104065
20721370000000,-102.006065369
20721780000000,-100.105911255
20722190000000,-88.2320480347
20722610000000,-90.8004760742
20723030000000,-91.8310241699
20723440000000,-82.8555603027
20723840000000,-84.9554138184
20724270000000,-86.7173156738
20724690000000,-88.482421875
20725120000000,-90.4020385742
20725560000000,-92.1920089722
20725980000000,-94.0967102051
20726400000000,-100.119384766
20726840000000,-109.226028442
20727260000000,-110.291900635
20727660000000,-112.119087219
20728070000000,-114.797767639
20728510000000,-117.694572449
20728920000000,-126.810096741
20729340000000,-135.003051758
20729790000000,-136.888427734
20730210000000,-137.935882568
20730620000000,-138.909973145
20731020000000,-139.881851196
20731410000000,-140.750289917
20731830000000,-141.535934448
20732220000000,-142.383712769
20732650000000,-143.132141113
20733060000000,-143.959121704
20733480000000,-144.702819824
20733880000000,-145.43359375
20734280000000,-146.097244263
20734700000000,-146.753189087
20735130000000,-147.379547119
20735510000000,-148.020767212
20735940000000,-148.564453125
20736370000000,-149.175842285
20736780000000,-149.734146118
20737180000000,-150.274765015
20737590000000,-150.772842407
20738020000000,-151.252380371
20738510000000,-151.756576538
20738910000000,-152.273086548
20739300000000,-152.707077026
20739730000000,-153.125183105
20740140000000,-153.443359375
20740560000000,-153.910186768
20741000000000,-154.375671387
20741390000000,-154.755172729
20741790000000,-155.108230591
20742190000000,-155.417266846
20742590000000,-155.760025024
20742990000000,-156.112487793
20743430000000,-156.371688843
20743850000000,-156.771286011
20744260000000,-157.782363892
20744700000000,173.97618103
20745190000000,162.362426758
20745610000000,160.904266357
20746030000000,160.837387085
20746450000000,160.750457764
20746840000000,160.662246704
20747280000000,160.584152222
20747730000000,160.504196167
20748150000000,160.422409058
20748570000000,160.343200684
20748980000000,160.257659912
20749400000000,160.210662842
20749850000000,160.127105713
20750280000000,159.77684021
20750690000000,159.517349243
20751100000000,159.225128174
20751500000000,158.930999756
20752030000000,158.633422852
20752440000000,158.232788086
20752860000000,157.922393799
20753250000000,157.614822388
20753690000000,157.308685303
20754140000000,156.883605957
20754570000000,156.469177246
20754980000000,156.070495605
20755410000000,155.679473877
20755870000000,155.29196167
20756300000000,154.857467651
20756710000000,154.46031189
20757160000000,154.191650391
