13813060000000,140.369430542
13813810000000,141.100753784
13814550000000,142.876754761
13815310000000,141.44078064
13816020000000,142.664794922
13816760000000,143.703338623
13817460000000,144.754501343
13818130000000,145.746856689
13818820000000,146.731292725
13819510000000,163.344268799
13820150000000,173.391342163
13820800000000,174.205825806
13821480000000,139.336257935
13822120000000,94.566192627
13822770000000,42.2295455933
13823460000000,40.7857818604
13824080000000,-23.2010536194
13824730000000,-23.0781822205
13825360000000,-23.5549697876
13825990000000,-23.9992790222
13826660000000,-24.4440517426
13827280000000,-24.8889598846
13827920000000,-25.2925376892
13828570000000,-25.7100334167
13829210000000,-26.0899810791
13829850000000,-26.4632015228
13830500000000,-26.7068805695
13831150000000,44.3748703003
13831810000000,118.024421692
13832440000000,173.592422485
13833080000000,111.010345459
13833700000000,68.5484390259
13834340000000,72.5466918945
13834980000000,72.3221130371
13835650000000,67.8188476562
13836250000000,45.6531219482
13836860000000,27.4356575012
13837510000000,27.6212234497
13838130000000,27.6492271423
13838760000000,29.1630001068
13839390000000,36.1221694946
13840040000000,38.6974067688
13840670000000,57.7277336121
13841310000000,81.5852966309
13841920000000,106.035919189
13842560000000,135.235794067
13843220000000,155.635147095
13843840000000,172.524902344
13844490000000,161.336715698
13845090000000,126.21787262
13845730000000,92.6408081055
13846330000000,76.5955657959
13846940000000,76.5177612305
13847560000000,75.7589416504
13848160000000,74.8980484009
13848750000000,74.1896286011
13849350000000,73.4858398438
13850000000000,73.4254302979
13850610000000,119.030990601
13851250000000,166.705963135
13851870000000,99.7685470581
13852480000000,29.8902282715
13853080000000,11.629442215
13853660000000,-11.7288274765
13854280000000,-12.1261453629
13854880000000,-12.6762113571
13855460000000,-13.2282323837
13856050000000,-13.7816648483
13856700000000,-14.3537769318
13857310000000,-14.858839035
13857900000000,-15.4500303268
13858520000000,-16.0851840973
13859150000000,-16.690694809
13859750000000,-17.2692584991
13860370000000,-17.834728241
13860950000000,-18.4125423431
13861540000000,-18.9656982422
13862140000000,-19.4910850525
13862710000000,-20.040096283
13863320000000,-20.5837745667
13863950000000,-21.2152080536
13864570000000,-21.880777359
13865160000000,-22.5584640503
13865780000000,-23.2971019745
13866410000000,-24.0773258209
13866980000000,-24.8745155334
13867560000000,25.7051792145
13868180000000,26.4651947021
13868760000000,27.3824615479
13869350000000,28.2461986542
13869970000000,29.1743373871
13870560000000,30.2126293182
13871170000000,31.2844352722
13871830000000,32.3569107056
13872410000000,33.4416313171
13873020000000,34.4707565308
13873610000000,35.6452064514
13874200000000,36.8286819458
13874800000000,38.0109863281
13875400000000,39.1693725586
13875980000000,40.3073768616
13876610000000,41.4703865051
13877190000000,42.7141571045
13877820000000,43.9372825623
13878420000000,52.1426734924
13878990000000,52.4073753357
13879590000000,52.7019195557
13880200000000,52.4599838257
13880790000000,52.5214271545
13881410000000,52.9823036194
13881970000000,54.47133255
13882550000000,54.9265213013
13883180000000,55.9082145691
13883800000000,63.5849342346
13884380000000,82.3547973633
13885000000000,86.2704162598
13885600000000,93.4720306396
13886190000000,104.233985901
