11548040000000,153.809082031
11548770000000,158.770904541
11549470000000,163.223495483
11550160000000,168.57850647
11550850000000,174.112411499
11551510000000,179.570892334
11552240000000,175.145874023
11552910000000,168.80607605
11553560000000,163.36869812
11554200000000,158.996612549
11554820000000,154.798217773
11555460000000,150.249389648
11556110000000,145.954025269
11556750000000,141.890563965
11557350000000,137.967651367
11557980000000,135.575485229
11558630000000,133.570846558
11559230000000,97.0313720703
11559860000000,86.5095062256
11560480000000,94.9941864014
11561150000000,98.7403488159
11561760000000,107.328140259
11562390000000,100.812469482
11563020000000,94.7325744629
11563670000000,152.353088379
11564310000000,169.606018066
11564950000000,169.173614502
11565590000000,175.565048218
11566260000000,154.709518433
11566880000000,138.871780396
11567520000000,131.850753784
11568120000000,127.761581421
11568720000000,136.097106934
11569340000000,153.054672241
11569980000000,174.609680176
11570600000000,167.147994995
11571250000000,170.148986816
11571850000000,177.29737854
11572530000000,166.96925354
11573130000000,151.58454895
11573760000000,141.462371826
11574370000000,141.470977783
11575040000000,140.949645996
11575630000000,138.214202881
11576240000000,135.996444702
11576880000000,134.116500854
11577500000000,130.62802124
11578100000000,127.615234375
11578690000000,124.645355225
11579290000000,121.852180481
11579930000000,118.492469788
11580560000000,114.943908691
11581160000000,111.666137695
11581750000000,108.217384338
11582440000000,105.07118988
11583030000000,101.880874634
11583610000000,99.8275527954
11584260000000,146.139038086
11584870000000,128.753952026
11585490000000,-76.4316711426
11586120000000,-79.8403167725
11586760000000,-78.0170059204
11587400000000,-71.3041152954
11588020000000,-76.0631561279
11588630000000,-79.0579833984
11589290000000,-81.8265457153
11589890000000,-84.9420394897
11590510000000,-87.5986862183
11591130000000,-91.8773803711
11591790000000,-97.6727294922
11592400000000,-108.081672668
11592990000000,-126.812522888
11593600000000,-130.303665161
11594250000000,-132.175033569
11594900000000,-133.921417236
11595510000000,-135.513885498
11596120000000,-137.028106689
11596720000000,-138.420196533
11597390000000,-139.757736206
11598010000000,-141.077224731
11598630000000,-142.234893799
11599200000000,-143.388809204
11599800000000,-144.377609253
11600380000000,-147.7578125
11600980000000,-148.899505615
11601570000000,155.39781189
11602190000000,156.236083984
11602780000000,156.920593262
11603400000000,157.645828247
11604010000000,158.179977417
11604580000000,158.796051025
11605210000000,159.360855103
11605800000000,159.908874512
11606380000000,160.442306519
11607000000000,161.778640747
11607610000000,168.791107178
11608220000000,174.093566895
11608810000000,176.446182251
11609400000000,173.696258545
11610010000000,163.131134033
11610660000000,159.445205688
11611260000000,159.254364014
11611840000000,159.055160522
11612440000000,158.882598877
11613070000000,158.709182739
11613670000000,158.536743164
11614290000000,158.388580322
11614880000000,158.105194092
11615460000000,157.850418091
11616110000000,157.554870605
11616710000000,156.905014038
11617310000000,156.339126587
11617920000000,155.744644165
11618510000000,155.147109985
11619130000000,154.604507446
11619760000000,154.036712646
