11931370000000,149.199142456
11932130000000,152.219284058
11932870000000,156.760482788
11933600000000,161.677108765
11934310000000,165.935256958
11935080000000,170.921951294
11935780000000,176.552185059
11936430000000,178.348175049
11937120000000,173.628601074
11937780000000,168.578445435
11938440000000,164.221588135
11939080000000,159.355392456
11939800000000,154.201293945
11940450000000,148.230270386
11941070000000,143.694839478
11941700000000,143.75038147
11942380000000,141.181808472
11943010000000,138.516296387
11943650000000,138.150131226
11944270000000,137.470733643
11944990000000,135.939056396
11945670000000,133.84324646
11946340000000,108.145584106
11946960000000,105.577934265
11947610000000,102.987426758
11948240000000,99.4780807495
11948830000000,103.099914551
11949510000000,123.868484497
11950160000000,114.475120544
11950770000000,96.9062957764
11951450000000,128.475509644
11952080000000,151.286514282
11952740000000,126.381065369
11953400000000,108.77571106
11954040000000,122.637016296
11954720000000,146.049331665
11955340000000,177.629150391
11956020000000,174.36076355
11956670000000,169.786407471
11957290000000,172.504943848
11957900000000,171.996139526
11958560000000,163.638748169
11959210000000,163.653213501
11959860000000,167.008850098
11960530000000,169.832122803
11961170000000,174.697189331
11961780000000,158.693832397
11962420000000,153.20741272
11963050000000,141.886154175
11963660000000,140.684951782
11964320000000,138.838943481
11964940000000,137.20892334
11965540000000,138.120742798
11966200000000,136.628341675
11966810000000,133.329467773
11967400000000,129.992767334
11968020000000,126.727264404
11968680000000,122.912246704
11969300000000,119.297203064
11969900000000,115.865859985
11970520000000,112.587051392
11971100000000,109.161888123
11971730000000,105.99974823
11972360000000,102.764472961
11972960000000,101.420608521
11973550000000,99.8915634155
11974170000000,134.836471558
11974780000000,166.695205688
11975440000000,159.183929443
11976060000000,128.689605713
11976640000000,-84.0135040283
11977280000000,-67.809135437
11977890000000,-65.3799819946
11978530000000,-64.8251266479
11979130000000,-65.6543884277
11979770000000,-67.4321136475
11980370000000,-66.7688064575
11980970000000,-69.0718917847
11981560000000,-86.2805557251
11982180000000,-108.048881531
11982770000000,-110.340385437
11983370000000,-112.460227966
11984000000000,-114.486579895
11984630000000,-120.532295227
11985230000000,-124.876800537
11985820000000,-126.459968567
11986450000000,-128.058181763
11987040000000,-137.729919434
11987670000000,146.743972778
11988260000000,147.922973633
11988860000000,148.933822632
11989470000000,149.900222778
11990040000000,150.857345581
11990630000000,151.716110229
11991240000000,152.522109985
11991850000000,153.299224854
11992460000000,154.067276001
11993080000000,154.803146362
11993690000000,155.510284424
11994310000000,156.103424072
11994880000000,156.761932373
11995510000000,157.30632019
11996090000000,157.874313354
11996680000000,158.396469116
11997290000000,158.752120972
11997910000000,159.32208252
11998520000000,159.811523438
11999160000000,160.249694824
11999810000000,177.596588135
12000380000000,171.877700806
12001000000000,171.789352417
12001610000000,171.646255493
12002210000000,168.045730591
12002840000000,160.533752441
12003450000000,160.073867798
12004040000000,159.576248169
12004670000000,159.070373535
12005280000000,158.571731567
12005890000000,158.084396362
12006540000000,157.683197021
12007130000000,157.060562134
12007730000000,156.474777222
12008370000000,155.901443481
12008970000000,155.308410645
12009560000000,154.822128296
12010150000000,154.208816528
12010760000000,153.706954956
