11261340000000,157.13104248
11262080000000,162.2293396
11262780000000,167.180114746
11263490000000,172.265731812
11264160000000,177.70916748
11264830000000,177.1822052
11265530000000,172.329803467
11266180000000,168.42906189
11266840000000,164.218963623
11267510000000,159.495178223
11268160000000,154.635238647
11268810000000,150.506820679
11269450000000,146.903747559
11270120000000,143.114898682
11270740000000,139.357727051
11271370000000,138.284759521
11272000000000,136.375411987
11272630000000,134.658370972
11273260000000,132.900039673
11273880000000,132.408843994
11274530000000,132.2006073
11275190000000,131.891906738
11275830000000,131.332977295
11276500000000,115.33190155
11277180000000,108.903793335
11277810000000,158.613052368
11278430000000,160.359710693
11279080000000,160.674026489
11279730000000,160.145080566
11280360000000,150.367507935
11281010000000,141.403076172
11281650000000,134.77507019
11282260000000,130.62651062
11282890000000,177.463867188
11283510000000,174.480819702
11284120000000,172.097183228
11284770000000,170.417739868
11285370000000,168.721069336
11286020000000,167.456832886
11286650000000,166.216217041
11287290000000,151.908706665
11287920000000,141.858581543
11288570000000,141.057220459
11289230000000,138.664352417
11289830000000,137.038589478
11290450000000,134.238296509
11291090000000,130.908889771
11291710000000,127.990989685
11292340000000,124.720916748
11292940000000,121.238853455
11293590000000,117.909156799
11294200000000,114.574623108
11294830000000,111.092445374
11295420000000,107.697265625
11296060000000,105.213912964
11296660000000,103.229705811
11297290000000,101.896987915
11297910000000,173.374893188
11298580000000,112.002593994
11299200000000,-103.566925049
11299800000000,-107.014228821
11300430000000,-109.961242676
11301070000000,-112.926963806
11301690000000,-115.71698761
11302280000000,-118.491462708
11302850000000,-120.948020935
11303480000000,-109.131782532
11304090000000,-112.063827515
11304710000000,-114.319572449
11305320000000,-116.588821411
11305930000000,-118.715362549
11306530000000,-120.681053162
11307110000000,-122.587165833
11307710000000,-124.107208252
11308300000000,-125.908164978
11308880000000,-127.481086731
11309470000000,-128.878967285
11310100000000,-131.421646118
11310690000000,-137.779510498
11311290000000,-144.381652832
11311870000000,-144.39692688
11312460000000,-145.387527466
11313110000000,-146.826431274
11313730000000,153.215988159
11314320000000,156.270751953
11314910000000,156.738220215
11315490000000,157.401153564
11316060000000,158.060562134
11316670000000,158.636367798
11317260000000,159.223373413
11317850000000,159.813018799
11318460000000,160.307357788
11319090000000,160.859542847
11319700000000,161.364318848
11320310000000,162.13760376
11320980000000,171.997650146
11321560000000,172.901748657
11322140000000,159.774002075
11322740000000,159.667663574
11323370000000,159.509155273
11323980000000,159.31867981
11324610000000,159.142944336
11325190000000,158.9740448
11325780000000,158.822387695
11326370000000,158.669311523
11326990000000,158.46635437
11327610000000,158.218399048
11328230000000,157.981201172
11328830000000,157.503646851
11329480000000,157.010665894
11330080000000,156.311157227
11330680000000,155.665344238
11331280000000,155.055969238
11331880000000,154.4637146
11332470000000,153.914459229
