
12983490000000,142.894561768
12984260000000,142.89440918
12985030000000,142.894317627
12985750000000,145.813796997
12986520000000,142.461761475
12987300000000,141.651947021
12987970000000,142.716293335
12988660000000,143.699142456
12989340000000,151.585128784
12990010000000,177.835388184
12990670000000,167.595352173
12991300000000,166.904846191
12991980000000,165.596603394
12992640000000,161.820800781
12993280000000,127.630256653
12993980000000,86.0063018799
12994610000000,48.6436004639
12995270000000,16.0476646423
12995900000000,-2.30814981461
12996550000000,-23.1482467651
12997190000000,-23.211019516
12997820000000,-23.550239563
12998460000000,-23.9517993927
12999100000000,-24.3769359589
12999710000000,-24.8080635071
13000350000000,-25.2272605896
13001030000000,-25.6755828857
13001670000000,-26.0816669464
13002290000000,-25.9431476593
13002940000000,62.9789390564
13003590000000,134.73626709
13004260000000,147.679397583
13004870000000,112.959838867
13005490000000,99.7079086304
13006110000000,79.6626968384
13006770000000,60.2773513794
13007440000000,27.5304431915
13008080000000,23.9457988739
13008730000000,23.9931697845
13009340000000,24.0455303192
13010010000000,24.0982913971
13010620000000,24.1568107605
13011270000000,28.9400177002
13011910000000,41.1444358826
13012570000000,60.0381164551
13013210000000,76.3376235962
13013850000000,90.5186386108
13014460000000,103.526786804
13015110000000,127.039482117
13015750000000,168.029342651
13016380000000,168.503814697
13017000000000,155.86869812
13017650000000,144.880126953
13018240000000,105.767272949
13018850000000,56.2328414917
13019450000000,42.9380073547
13020080000000,42.4139213562
13020710000000,41.8475761414
13021290000000,41.3331604004
13021930000000,44.9559402466
13022550000000,65.0746307373
13023190000000,76.6148529053
13023800000000,86.299407959
13024430000000,124.567893982
13025080000000,165.997909546
13025690000000,120.805511475
13026280000000,51.3019981384
13026920000000,-9.72936248779
13027550000000,-10.5828838348
13028200000000,-11.466925621
13028800000000,-12.4226226807
13029430000000,-13.3003368378
13030050000000,-14.1170101166
13030680000000,-14.7042655945
13031310000000,-15.3819274902
13031940000000,-16.0208702087
13032540000000,-16.5929069519
13033160000000,-17.1849193573
13033750000000,-17.8013191223
13034390000000,-18.3991546631
13035000000000,-19.0877285004
13035570000000,-19.7430820465
13036190000000,-20.3524150848
13036800000000,-21.0361347198
13037410000000,-21.7483940125
13038030000000,-22.464389801
13038610000000,23.1026229858
13039220000000,23.5864124298
13039830000000,24.0483913422
13040430000000,24.553024292
13041030000000,25.068239212
13041650000000,25.6136608124
13042250000000,26.2092037201
13042840000000,26.8218154907
13043430000000,27.4723262787
13044060000000,28.1399116516
13044640000000,28.900346756
13045260000000,29.6697731018
13045910000000,30.5550022125
13046500000000,31.5172710419
13047110000000,32.4886360168
13047740000000,33.5319900513
13048320000000,34.7294120789
13048940000000,35.9060096741
13049540000000,37.2644577026
13050160000000,38.6112480164
13050750000000,40.0227737427
13051350000000,41.1960372925
13051940000000,42.5158157349
13052560000000,43.82289505
13053150000000,44.7644042969
13053770000000,45.4519386292
13054340000000,46.2942314148
13054930000000,47.3792076111
13055550000000,47.6051292419
13056160000000,47.8597259521
13056790000000,48.1954879761
13057370000000,48.3114585876
13057960000000,48.5910110474
13058550000000,48.9061965942
13059120000000,49.1990127563
13059700000000,56.8410186768
13060340000000,72.3100509644
13060940000000,95.7704620361
13061550000000,91.9461898804
13062200000000,91.6335067749
13062820000000,91.6469497681
