
12364620000000,144.105499268
12365380000000,144.105514526
12366190000000,144.105545044
12366910000000,135.933135986
12367670000000,146.731765747
12368430000000,168.304656982
12369140000000,178.317169189
12369860000000,146.833053589
12370570000000,148.238494873
12371250000000,149.403091431
12371940000000,150.447097778
12372620000000,170.594329834
12373260000000,145.519851685
12373900000000,121.778076172
12374570000000,98.8722381592
12375270000000,62.3599586487
12375960000000,5.66847658157
12376580000000,-24.0123214722
12377240000000,-24.1445884705
12377900000000,-24.4509353638
12378540000000,-24.8751354218
12379240000000,-25.3569107056
12379890000000,-25.8542766571
12380540000000,-26.3211860657
12381180000000,-26.7671928406
12381820000000,-27.1384983063
12382490000000,-27.4185123444
12383100000000,-22.6992912292
12383730000000,48.6787872314
12384400000000,118.837417603
12385020000000,164.936187744
12385680000000,96.2184143066
12386310000000,72.4224472046
12386970000000,84.3519058228
12387590000000,87.9877853394
12388270000000,86.2990112305
12388940000000,72.1708068848
12389560000000,40.5116500854
12390190000000,34.0325469971
12390840000000,34.4175109863
12391490000000,34.5138092041
12392120000000,35.0168571472
12392770000000,34.9593048096
12393370000000,43.1335372925
12394050000000,63.8570480347
12394730000000,79.3831558228
12395350000000,104.095329285
12396000000000,125.69078064
12396660000000,173.688217163
12397280000000,152.599411011
12397910000000,117.794754028
12398510000000,108.131767273
12399160000000,95.6652145386
12399760000000,86.4778366089
12400360000000,74.6668777466
12400950000000,76.4560623169
12401660000000,75.7989196777
12402280000000,72.8062591553
12402900000000,74.3500366211
12403510000000,73.7827377319
12404120000000,102.184425354
12404720000000,165.182052612
12405340000000,122.89414978
12405980000000,48.5776786804
12406610000000,-9.3646774292
12407240000000,-10.9038114548
12407850000000,-11.4537687302
12408470000000,-12.0357847214
12409060000000,-12.6895275116
12409670000000,-13.3502731323
12410300000000,-14.1213960648
12410910000000,-15.0011062622
12411500000000,-15.8536329269
12412120000000,-16.7323246002
12412760000000,-17.6323451996
12413380000000,-18.5780849457
12414020000000,-19.519952774
12414630000000,-20.3995018005
12415220000000,-21.1295528412
12415820000000,-21.83111763
12416480000000,-22.3733005524
12417070000000,-23.036403656
12417660000000,-23.6482925415
12418300000000,24.1412086487
12418890000000,24.4715747833
12419510000000,24.8731498718
12420100000000,25.3222026825
12420780000000,25.7798061371
12421360000000,26.3340320587
12421940000000,26.8269309998
12422530000000,27.40417099
12423140000000,28.0432338715
12423730000000,28.7565841675
12424330000000,29.4608669281
12424950000000,30.262178421
12425530000000,31.1198654175
12426120000000,31.9916343689
12426740000000,32.9566307068
12427340000000,34.0277671814
12427920000000,35.1650810242
12428530000000,36.2910079956
12429120000000,37.6346549988
12429750000000,39.0459594727
12430350000000,40.6187858582
12430960000000,42.2487869263
12431570000000,43.8657264709
12432190000000,45.3848419189
12432780000000,47.1299934387
12433410000000,48.5887374878
12434020000000,50.2086296082
12434670000000,51.7412109375
12435280000000,53.6071929932
12435880000000,53.8390541077
12436490000000,62.2840919495
12437080000000,69.1822662354
12437660000000,70.1605148315
12438280000000,71.2689361572
12438900000000,72.7286300659
12439540000000,74.7025222778
12440180000000,77.7890625
12440780000000,82.4593582153
12441440000000,89.7003479004
12442050000000,97.9191360474
12442680000000,97.9312744141
