11179930000000,3.0474114418
11181110000000,2.83115267754
11182210000000,2.70340180397
11183280000000,2.65600442886
11184380000000,2.68858647346
11185440000000,2.80560541153
11186500000000,2.96910715103
11187540000000,3.19613742828
11188600000000,3.48988175392
11189600000000,3.83787107468
11190660000000,4.18502616882
11191650000000,4.59361934662
11192640000000,4.98053789139
11193660000000,5.37623596191
11194590000000,5.80007696152
11195580000000,6.19198131561
11196550000000,6.61567211151
11197510000000,7.03071212769
11198430000000,7.40503549576
11199370000000,7.82098531723
11200330000000,8.2360496521
11201270000000,8.59822845459
11202250000000,8.79048633575
11203200000000,9.01372528076
11204170000000,9.26731967926
11205070000000,9.63129997253
11206010000000,10.0129137039
11206950000000,10.4211149216
11207880000000,10.7743196487
11208800000000,11.0546312332
11209730000000,11.3774938583
11210630000000,11.7852363586
11211570000000,12.1583452225
11212510000000,12.5535087585
11213490000000,12.9535074234
11214390000000,13.3532009125
11215350000000,13.731420517
11216290000000,14.1690101624
