
10626010000000,2.82012629509
10627130000000,2.82011365891
10628210000000,2.81740379333
10629330000000,2.80479669571
10630420000000,2.89472103119
10631510000000,3.08123779297
10632570000000,3.34842514992
10633660000000,3.66631007195
10634700000000,4.04322814941
10635770000000,4.42548084259
10636830000000,4.8558139801
10637820000000,5.29770326614
10638820000000,5.71934890747
10639880000000,6.16062450409
10640860000000,6.63657331467
10641850000000,7.09283542633
10642820000000,7.53542995453
10643740000000,7.98085784912
10644700000000,8.41274738312
10645700000000,8.85725879669
10646640000000,9.32106399536
10647600000000,9.77571868896
10648560000000,10.2316484451
10649490000000,10.6986608505
10650400000000,11.1569929123
10651330000000,11.5969429016
10652260000000,12.0570888519
10653190000000,12.517873764
10654110000000,12.969578743
10655020000000,13.4212903976
10655920000000,13.8638458252
10656830000000,14.3072423935
10657750000000,14.6611595154
10658660000000,14.721323967
10659570000000,14.6326980591
10660460000000,14.4566307068
10661350000000,14.0820875168
10662270000000,13.7226343155
10663200000000,13.3421621323
10664090000000,12.8711690903
10664950000000,12.41218853
10665820000000,12.0110826492
10666720000000,11.5772600174
10667630000000,11.1483869553
10668500000000,10.7047948837
10669400000000,10.2688531876
10670330000000,9.82191848755
10671290000000,9.3613910675
10672140000000,8.88554191589
10673070000000,8.46818637848
10674020000000,8.00020885468
10674950000000,7.53148508072
10675880000000,7.06364154816
10676800000000,6.60596227646
10677700000000,6.13868427277
10678640000000,5.69127416611
10679580000000,5.23398065567
10680510000000,4.76800441742
10681470000000,4.30232620239
10682420000000,3.83736228943
10683380000000,3.410115242
10684360000000,2.9243042469
10685390000000,2.43870544434
10686330000000,1.93107676506
10687320000000,1.47837519646
10688320000000,1.00741875172
10689320000000,0.856814920902
