
21159370000000,2.95197153091
21160160000000,2.90067195892
21160890000000,2.73366236687
21161620000000,2.64802742004
21162390000000,2.78224110603
21163170000000,2.95974230766
21163890000000,3.17700910568
21164650000000,3.40488052368
21165360000000,3.67417764664
21166120000000,3.90552020073
21166840000000,4.21125650406
21167540000000,4.52524995804
21168260000000,4.8196310997
21169000000000,5.13621377945
21169720000000,5.47492599487
21170400000000,5.79008054733
21171120000000,6.1082983017
21171820000000,6.42888975143
21172530000000,6.74223661423
21173260000000,7.09441137314
21173980000000,7.42969036102
21174670000000,7.71734905243
21175400000000,7.8921380043
21176070000000,8.09276390076
21176750000000,8.31671142578
21177430000000,8.54964542389
21178110000000,8.78362083435
21178760000000,9.02378368378
21179390000000,9.2549238205
21180060000000,9.49085235596
21180690000000,9.73102092743
21181360000000,9.97512722015
21182030000000,10.23853302
21182660000000,10.4978704453
21183330000000,10.7526159286
21183970000000,11.0103158951
21184600000000,11.2870721817
21185240000000,11.5410089493
21185840000000,11.8062229156
21186480000000,12.0531921387
21187120000000,12.3185482025
21187730000000,12.5857830048
21188350000000,12.8298301697
21188970000000,13.0307235718
21189610000000,13.2833061218
21190220000000,13.5536117554
21190870000000,13.8169183731
21191580000000,14.0897684097
