
21059860000000,3.0050740242
21060670000000,2.94328808784
21061450000000,2.76857852936
21062170000000,2.64667510986
21062910000000,2.57981014252
21063650000000,2.56079387665
21064360000000,2.59134674072
21065070000000,2.67159175873
21065750000000,2.7892203331
21066480000000,2.93277978897
21067200000000,3.0948574543
21067860000000,3.29384851456
21068590000000,3.51091384888
21069270000000,3.75505518913
21069920000000,3.99897909164
21070620000000,4.23132658005
21071290000000,4.48391294479
21071920000000,4.74519681931
21072560000000,4.9941239357
21073240000000,5.27500724792
21073940000000,5.54438829422
21074590000000,5.85261774063
21075240000000,6.14065694809
21075920000000,6.41457557678
21076550000000,6.73628568649
21077200000000,7.01602935791
21077820000000,7.30681324005
21078430000000,7.58154821396
21079040000000,7.80614423752
21079680000000,7.78240871429
21080330000000,7.80111694336
21080950000000,7.99158239365
21081610000000,8.18781661987
21082260000000,8.42433834076
21082880000000,8.64239311218
21083500000000,8.85233211517
21084110000000,9.09568214417
21084710000000,9.32242488861
21085340000000,9.57737064362
21085940000000,9.81647586823
21086570000000,10.0755271912
21087180000000,10.3606414795
21087780000000,10.6093044281
21088410000000,10.8858118057
21089030000000,11.1677284241
21089630000000,11.4475212097
21090230000000,11.702132225
21090850000000,11.9712944031
21091460000000,12.2297468185
21092060000000,12.426697731
21092720000000,12.6485242844
21093340000000,12.9437599182
21093950000000,13.2105512619
21094580000000,13.4931697845
21095190000000,13.7696609497
21095800000000,14.0427675247
