11499260000000,3.27102684975
11500430000000,2.95772647858
11501570000000,2.66289877892
11502680000000,2.46625208855
11503750000000,2.37045621872
11504850000000,2.3856716156
11505900000000,2.50452303886
11506950000000,2.69803524017
11508000000000,2.95676183701
11509030000000,3.26342439651
11510070000000,3.62342834473
11511090000000,4.00619316101
11512100000000,4.39474153519
11513100000000,4.80724430084
11514080000000,5.2230963707
11515090000000,5.64050769806
11516070000000,6.08249664307
11517000000000,6.51230812073
11517920000000,6.92860984802
11518890000000,7.32991886139
11519810000000,7.76201677322
11520740000000,8.17825222015
11521660000000,8.60142612457
11522590000000,8.7233877182
11523540000000,8.83375549316
11524460000000,8.96394062042
11525410000000,9.10551738739
11526360000000,9.18791866302
11527320000000,9.20915412903
11528240000000,9.22452831268
11529150000000,9.25374412537
11530120000000,9.29212379456
11531070000000,9.3574590683
11532030000000,9.43751716614
11532990000000,9.54328250885
11533920000000,9.66655635834
11534910000000,9.80560112
