10880940000000,3.14531564713
10882040000000,2.9976348877
10883170000000,2.9209830761
10884300000000,2.87793326378
10885400000000,2.87834811211
10886530000000,2.96163773537
10887600000000,3.09540462494
10888640000000,3.27029538155
10889660000000,3.48800230026
10890670000000,3.74493527412
10891720000000,4.03859949112
10892710000000,4.39086151123
10893720000000,4.74672842026
10894710000000,5.14702749252
10895690000000,5.53932189941
10896670000000,5.94372940063
10897640000000,6.35636854172
10898590000000,6.76103782654
10899570000000,7.18969392776
10900480000000,7.62533044815
10901410000000,8.03522396088
10902360000000,8.43227863312
10903320000000,8.81246376038
10904270000000,8.62095928192
10905190000000,8.36806869507
10906120000000,8.31079292297
10907050000000,8.36824226379
10908000000000,8.37688350677
10908960000000,8.46458148956
10909920000000,8.41450023651
10910870000000,8.38792896271
10911800000000,8.47742366791
10912730000000,8.56815624237
10913690000000,8.6721496582
10914640000000,8.79573249817
10915630000000,8.94246673584
10916580000000,9.09894752502
10917550000000,9.27488803864
10918510000000,9.45487785339
10919480000000,9.64882564545
