
21248110000000,2.95799207687
21248860000000,2.84772586823
21249620000000,2.71850776672
21250370000000,2.62822556496
21251110000000,2.59102630615
21251820000000,2.59927988052
21252550000000,2.65467858315
21253280000000,2.75266075134
21254020000000,2.89376211166
21254700000000,3.06513667107
21255400000000,3.25284695625
21256110000000,3.48064684868
21256800000000,3.70844841003
21257490000000,3.9651017189
21258180000000,4.20436620712
21258890000000,4.48389911652
21259590000000,4.76495552063
21260250000000,5.04609918594
21260910000000,5.29782867432
21261550000000,5.48308992386
21262230000000,5.69432687759
21262910000000,5.94889879227
21263550000000,6.21097373962
21264250000000,6.46453905106
21264910000000,6.72761487961
21265550000000,7.00644683838
21266200000000,7.25545024872
21266820000000,7.527759552
21267450000000,7.69196033478
21268060000000,7.62279224396
21268710000000,7.60284996033
21269330000000,7.62848043442
21269940000000,7.61940574646
21270570000000,7.70363903046
21271230000000,7.49857902527
21271880000000,7.20124483109
21272560000000,6.88583898544
21273200000000,6.56168699265
21273840000000,6.29090499878
21274510000000,5.98742580414
21275170000000,5.66182470322
21275810000000,5.33690166473
21276490000000,5.02513980865
21277130000000,4.69338512421
21277800000000,4.37497901917
21278520000000,4.07637214661
21279160000000,3.72689151764
21279860000000,3.42318320274
21280530000000,3.10892772675
21281230000000,2.78778839111
21281930000000,2.47220754623
21282640000000,2.14318156242
21283320000000,1.8262642622
21284030000000,1.50354933739
