10768740000000,3.09918785095
10769870000000,2.90247297287
10771020000000,2.70855855942
10772140000000,2.68366956711
10773220000000,2.8196284771
10774310000000,3.01550221443
10775390000000,3.28638100624
10776460000000,3.60588669777
10777500000000,3.95854496956
10778560000000,4.34053945541
10779600000000,4.72807359695
10780610000000,5.15632772446
10781670000000,5.56476068497
10782710000000,5.98217344284
10783750000000,6.4164147377
10784740000000,6.87116241455
10785700000000,7.30513238907
10786680000000,7.71733617783
10787670000000,8.1299533844
10788660000000,8.55227851868
10789610000000,8.99331951141
10790610000000,9.40073680878
10791550000000,9.81727218628
10792500000000,10.2177000046
10793450000000,10.6310396194
10794400000000,11.0629405975
10795310000000,11.4884529114
10796280000000,11.8891630173
10797160000000,12.3274517059
10798090000000,12.7136478424
10798990000000,13.1370563507
10799880000000,13.5346012115
10800770000000,13.9422855377
10801690000000,14.3057346344
10802630000000,14.0782299042
10803520000000,13.7509641647
10804460000000,13.3810434341
10805380000000,13.3279895782
10806300000000,13.2534894943
10807230000000,13.3082418442
10808190000000,13.4323005676
10809090000000,13.5539617538
10810020000000,13.5401506424
10810920000000,13.5509090424
10811810000000,13.6790723801
10812770000000,13.8304595947
10813680000000,14.0824689865
10814640000000,14.3583669662
10815570000000,14.6513566971
10816530000000,14.9214982986
10817480000000,15.2203598022
