11812220000000,2.97233724594
11813380000000,2.73502659798
11814480000000,2.69816184044
11815560000000,2.89137244225
11816640000000,3.14892911911
11817740000000,3.4890089035
11818850000000,3.87032771111
11819970000000,4.27254104614
11821050000000,4.7079615593
11822110000000,5.15297317505
11823180000000,5.61263370514
11824240000000,6.07890939713
11825310000000,6.54172801971
11826400000000,7.00106096268
11827510000000,7.49199819565
11828550000000,7.99969577789
11829570000000,8.47477149963
11830570000000,8.77877616882
11831610000000,8.91923999786
11832580000000,9.08169841766
11833610000000,9.18469619751
11834660000000,9.32675361633
11835580000000,9.47751235962
11836550000000,9.62363433838
11837450000000,9.7928237915
11838400000000,9.97231483459
11839370000000,10.1808185577
11840290000000,10.4105262756
11841280000000,10.6349039078
11842240000000,10.8923492432
11843150000000,11.1706600189
11844040000000,11.4266996384
11844960000000,11.7050104141
11845930000000,11.9865646362
11846840000000,12.2970046997
11847880000000,12.6099567413
11848860000000,12.9588499069
11849770000000,13.2956266403
11850710000000,13.6322402954
11851660000000,13.9678153992
11852570000000,14.3247251511
11853500000000,14.6648693085
