
21320870000000,2.79323363304
21321620000000,2.62148618698
21322360000000,2.45746850967
21323100000000,2.33501577377
21323810000000,2.26919865608
21324540000000,2.17420315742
21325290000000,2.25770068169
21326010000000,2.61138391495
21326770000000,2.92268276215
21327500000000,3.19456243515
21328270000000,3.48913741112
21328980000000,3.82889413834
21329730000000,4.1293258667
21330460000000,4.46982479095
21331220000000,4.77301073074
21331920000000,5.12807178497
21332690000000,5.43864345551
21333420000000,5.79427814484
21334110000000,6.12006044388
21334810000000,6.41032552719
21335570000000,6.73372840881
21336310000000,7.03300857544
21337020000000,7.33555364609
21337760000000,7.54476976395
21338490000000,7.79157876968
21343710000000,8.10260391235
21344430000000,7.35530328751
21345160000000,7.03413534164
21345860000000,6.67526578903
21346560000000,6.34871959686
21347250000000,6.03134250641
21347970000000,5.70479726791
21348680000000,5.36949968338
21349390000000,5.03359508514
21350120000000,4.70716142654
21350840000000,4.35274839401
21351560000000,4.01728534698
21352270000000,3.70092606544
21352970000000,3.36546063423
21353670000000,3.03935337067
21354360000000,2.70537662506
21355090000000,2.3902220726
21355790000000,2.04898619652
21356490000000,1.73560214043
21357210000000,1.48474264145
21357900000000,1.23115122318
21358630000000,0.908341944218
