
11011060000000,3.12705254555
11012100000000,3.12710785866
11013210000000,3.12480425835
11014260000000,2.89046835899
11015280000000,2.69223976135
11016300000000,2.26409292221
11017350000000,1.77086901665
11018320000000,1.29726076126
11019320000000,0.819239556789
11020380000000,0.676758825779
11021440000000,0.634912371635
11022450000000,0.819004654884
11023490000000,1.11368763447
11024480000000,1.48450112343
11025430000000,1.89183878899
11026400000000,2.31003332138
11027380000000,2.759734869
11028360000000,3.20228528976
11029340000000,3.6649518013
11030290000000,4.13694095612
11031210000000,4.58130407333
11032150000000,5.04082632065
11033110000000,5.48895597458
11034060000000,5.94614124298
11034940000000,6.40719604492
11035880000000,6.83604764938
11036770000000,7.28452157974
11037740000000,7.72435235977
11038690000000,8.20415782928
11039620000000,8.6658744812
11040560000000,8.84600925446
