11425010000000,3.42433834076
11426180000000,3.25324892998
11427250000000,2.88014769554
11428340000000,2.42461514473
11429430000000,2.25791144371
11430530000000,1.9047652483
11431620000000,1.43721663952
11432750000000,0.933063447475
11433790000000,0.597521841526
11434860000000,0.36404556036
11435910000000,0.555683016777
11436950000000,0.9984369874
11437960000000,1.46909582615
11439030000000,1.93786334991
11440000000000,2.42130541801
11441030000000,2.89365839958
11442000000000,3.36682605743
11443000000000,3.83078289032
11444070000000,4.3136100769
11445050000000,4.81546115875
11446060000000,5.27963018417
11447010000000,5.75348329544
11447960000000,6.20747613907
11448940000000,6.65236759186
11449860000000,7.12671709061
11450840000000,7.55273532867
11451780000000,8.01621341705
11452730000000,8.45687675476
