
11191390000000,2.84077858925
11192440000000,2.84081435204
11193480000000,2.84087061882
11194580000000,2.76332306862
11195590000000,2.44894862175
11196690000000,2.40173316002
11197680000000,1.86000049114
11198710000000,1.40353679657
11199650000000,0.921529471874
11200670000000,0.688694834709
11201640000000,0.755833864212
11202630000000,0.748925209045
11203660000000,0.741924226284
11204670000000,0.97501373291
11205660000000,1.35431265831
11206690000000,1.78457713127
11207680000000,2.26758241653
11208690000000,2.72355794907
11209610000000,3.21680164337
11210580000000,3.64926838875
11211550000000,4.10211801529
11212530000000,4.57296419144
11213430000000,5.04842567444
11214410000000,5.44971561432
11215310000000,5.90226221085
11216270000000,6.32941150665
11217220000000,6.8022518158
11218180000000,7.26255130768
11219060000000,7.70944499969
11220000000000,8.12763023376
11221020000000,8.58866214752
11221960000000,9.06355667114
11222870000000,9.50489044189
11223750000000,9.92395210266
11224640000000,10.3412303925
11225580000000,10.7513303757
11226500000000,11.1805896759
11227360000000,11.594127655
11228290000000,11.992389679
11229180000000,12.4201126099
11230090000000,12.84146595
11231020000000,13.2642068863
11231950000000,13.7177753448
11232860000000,14.1442728043
11233670000000,14.3774280548
11234580000000,14.3774299622
11235480000000,14.377491951
