
10888310000000,2.61965322495
10889350000000,2.61967039108
10890390000000,2.5499651432
10891420000000,2.42270112038
10892530000000,2.27347660065
10893560000000,1.82291078568
10894590000000,1.36920034885
10895560000000,0.951917231083
10896610000000,0.464885443449
10897660000000,0.407188415527
10898700000000,0.543008506298
10899730000000,0.563435554504
10900710000000,0.927321016788
10901720000000,1.34773302078
10902720000000,1.83233308792
10903660000000,2.3134264946
10904700000000,2.7705821991
10905720000000,3.27195119858
10906680000000,3.78568577766
10907690000000,4.25093078613
10908690000000,4.75739860535
10909700000000,5.2545208931
10910680000000,5.75216960907
10911660000000,6.23579597473
10912630000000,6.71245145798
10913630000000,7.18171739578
10914650000000,7.66771173477
10915590000000,8.1741399765
10916560000000,8.65121364594
10917550000000,9.11119174957
10918540000000,9.13840198517
