10976620000000,3.1788122654
10977720000000,2.9750430584
10978850000000,2.84402656555
10979980000000,2.79387283325
10981020000000,2.7796728611
10982130000000,2.81571412086
10983180000000,2.95275592804
10984260000000,3.15825915337
10985290000000,3.42607283592
10986320000000,3.74559593201
10987380000000,4.07790756226
10988400000000,4.46038818359
10989400000000,4.84002733231
10990400000000,5.21581983566
10991390000000,5.62799119949
10992380000000,6.04642057419
10993350000000,6.47452068329
10994290000000,6.89229345322
10995220000000,7.30684757233
10996160000000,7.72570419312
10997110000000,8.14845657349
10998060000000,8.55025100708
10999000000000,8.88334178925
10999940000000,9.08132743835
11000880000000,9.28362464905
11001860000000,9.6113986969
11002760000000,9.99761962891
11003690000000,10.4135780334
11004620000000,10.823307991
11005570000000,11.2443552017
11006490000000,11.6608228683
11007440000000,12.0715827942
11008390000000,12.4943580627
11009320000000,12.9131631851
11010250000000,13.3428573608
11011190000000,13.774728775
11012120000000,14.1990861893
11013080000000,14.6075897217
