
20959980000000,3.34832906723
20960750000000,3.25097417831
20961510000000,3.09618353844
20962310000000,2.97389960289
20963080000000,2.89338874817
20963850000000,2.86569809914
20964590000000,2.88529610634
20965380000000,2.94670748711
20966080000000,3.05637669563
20966780000000,3.19350767136
20967480000000,3.3566672802
20968160000000,3.54433441162
20968880000000,3.75215125084
20969570000000,3.9795730114
20970280000000,4.22200918198
20970950000000,4.48312616348
20971610000000,4.72560167313
20972330000000,4.9747376442
20972980000000,5.27163171768
20973650000000,5.53470373154
20974340000000,5.8175778389
20975020000000,6.10435009003
20975690000000,6.41481494904
20976360000000,6.70054721832
20977000000000,6.98185348511
20977630000000,7.27320671082
20978270000000,7.54806089401
20978900000000,7.83321619034
20979540000000,8.12292289734
20980170000000,8.4076051712
20980800000000,8.68493270874
20981410000000,8.9528131485
20982070000000,9.20353794098
20982710000000,9.44967746735
20983320000000,9.68516731262
20983940000000,9.85477828979
20984550000000,9.95011997223
20985160000000,10.1307678223
20985780000000,10.3487892151
20986380000000,10.5654506683
20987010000000,10.8423290253
20987590000000,11.1048221588
20988180000000,11.3698139191
20988820000000,11.6333084106
20989460000000,11.9134597778
20990070000000,12.1938199997
20990670000000,12.4319448471
20991290000000,12.6819210052
20991970000000,12.9260816574
20992590000000,13.226732254
20993190000000,13.4871301651
20993830000000,13.5623626709
20994470000000,13.6581287384
20995110000000,13.649187088
20995740000000,13.6209783554
20996360000000,13.6258077621
20996950000000,13.4700460434
20997570000000,13.2936935425
20998230000000,13.1209526062
20998910000000,12.9388999939
20999550000000,12.7469358444
21000170000000,12.5767707825
21000770000000,12.4222307205
21001380000000,12.2670288086
21006760000000,12.1171321869
21007370000000,11.0621566772
21007990000000,10.9782571793
21008590000000,10.8928155899
21009200000000,10.8200273514
21009830000000,10.7540597916
21010420000000,10.6918964386
21011040000000,10.6439266205
21011740000000,10.5971441269
21012410000000,10.5567855835
21013060000000,10.5259361267
