11574980000000,11.7652301788
11576140000000,11.4336471558
11577240000000,10.9177846909
11578330000000,10.4101343155
11579420000000,9.88458061218
11580510000000,9.37230968475
11581540000000,8.85299968719
11582610000000,8.37107086182
11583670000000,7.86292219162
11584730000000,7.37370204926
11585730000000,6.86375379562
11586740000000,6.3887090683
11587740000000,5.90396595001
11588720000000,5.43863487244
11589720000000,4.97358751297
11590660000000,4.50989961624
11591610000000,4.06621313095
11592570000000,3.61298394203
11593520000000,3.15966701508
11594470000000,2.71668553352
11595450000000,2.25573825836
11596410000000,1.79619669914
11597310000000,1.34751546383
11598250000000,1.03738951683
11599180000000,0.773016154766
11600110000000,0.417700648308
11601030000000,0.11062695086
11601960000000,0.379139155149
11602870000000,0.746320903301
11603740000000,1.16198682785
11604680000000,1.56830191612
11605630000000,1.97871410847
11606540000000,2.40529870987
11607490000000,2.83750224113
11608460000000,3.27045893669
11609420000000,3.71041107178
11610380000000,4.14724636078
11611350000000,4.5834736824
11612290000000,5.02532625198
