
10888310000000,10.7248058319
10889350000000,10.7248477936
10890390000000,10.5405702591
10891420000000,10.0896854401
10892530000000,9.68395328522
10893560000000,9.60518074036
10894590000000,9.82707118988
10895560000000,9.98975753784
10896610000000,9.99157619476
10897660000000,10.1608705521
10898700000000,10.3070726395
10899730000000,9.97082996368
10900710000000,9.65926456451
10901720000000,9.31475543976
10902720000000,8.96993637085
10903660000000,8.6541557312
10904700000000,8.37445735931
10905720000000,8.08993339539
10906680000000,7.82353258133
10907690000000,7.605676651
10908690000000,7.39568424225
10909700000000,7.21915102005
10910680000000,7.07334089279
10911660000000,6.96032905579
10912630000000,6.86396694183
10913630000000,6.78941440582
10914650000000,6.74865913391
10915590000000,6.74405860901
10916560000000,6.77452373505
10917550000000,6.83478498459
10918540000000,6.82752895355
