
10787850000000,10.7061986923
10788910000000,10.7061834335
10789910000000,10.7061700821
10790980000000,10.6906995773
10791990000000,10.2433395386
10793030000000,9.76653003693
10794010000000,9.27283859253
10795040000000,8.80663776398
10796050000000,8.32565116882
10797090000000,7.87381887436
10798050000000,7.38749313354
10799020000000,7.08144187927
10799990000000,6.63014793396
10800920000000,6.1702003479
10801880000000,5.73473930359
10802810000000,5.28415203094
10803750000000,4.85768556595
10804710000000,4.4291229248
10805640000000,3.96685910225
10806560000000,3.53333759308
10807480000000,3.13173007965
10808420000000,2.67594075203
10809270000000,2.22601866722
10810210000000,1.80707406998
10811170000000,1.35108447075
10812130000000,0.90039396286
10813060000000,0.708027005196
10813980000000,0.725478649139
10814920000000,0.791587531567
10815820000000,0.922667741776
10816780000000,1.18811929226
10817600000000,1.64431655407
10818510000000,2.03500819206
10819370000000,2.48671221733
10820330000000,2.90491676331
10821220000000,3.39603805542
10822160000000,3.81326723099
10823140000000,4.29316806793
10824110000000,4.76167821884
10824990000000,5.25068378448
10825980000000,5.68987131119
10826980000000,6.12900352478
