10768740000000,11.6131401062
10769870000000,11.2167854309
10771020000000,10.6892328262
10772140000000,10.289888382
10773220000000,9.8230381012
10774310000000,9.38487911224
10775390000000,8.9297542572
10776460000000,8.48969554901
10777500000000,8.0659570694
10778560000000,7.65097427368
10779600000000,7.26301288605
10780610000000,6.86406946182
10781670000000,6.50889539719
10782710000000,6.15990495682
10783750000000,5.80822277069
10784740000000,5.46431207657
10785700000000,5.16317033768
10786680000000,4.90066766739
10787670000000,4.66849660873
10788660000000,4.46288061142
10789610000000,4.28814172745
10790610000000,4.16684293747
10791550000000,4.07621431351
10792500000000,4.01405191422
10793450000000,3.99584746361
10794400000000,4.03029727936
10795310000000,4.11461305618
10796280000000,4.23641824722
10797160000000,4.41203927994
10798090000000,4.59929418564
10798990000000,4.83478546143
10799880000000,5.08051156998
10800770000000,5.35360479355
10801690000000,5.61260080338
10802630000000,5.44795846939
10803520000000,5.26354837418
10804460000000,4.98257923126
10805380000000,5.00238370895
10806300000000,4.90968608856
10807230000000,4.75132513046
10808190000000,4.61230945587
10809090000000,4.53759527206
10810020000000,4.33008050919
10810920000000,4.18249464035
10811810000000,4.13796377182
10812770000000,4.16320705414
10813680000000,4.33799028397
10814640000000,4.56901788712
10815570000000,4.83729839325
10816530000000,5.09932374954
10817480000000,5.40570545197
