
21320870000000,11.2165708542
21321620000000,10.9288034439
21322360000000,10.570435524
21323100000000,10.2027835846
21323810000000,9.83505439758
21324540000000,9.61679553986
21325290000000,9.45148468018
21326010000000,9.36932468414
21326770000000,9.26972103119
21327500000000,9.16804885864
21328270000000,9.04103660583
21328980000000,8.87148952484
21329730000000,8.73391723633
21330460000000,8.59366130829
21331220000000,8.47474098206
21331920000000,8.32142925262
21332690000000,8.2009677887
21333420000000,8.07864665985
21334110000000,7.98145246506
21334810000000,7.89239835739
21335570000000,7.81237888336
21336310000000,7.73967027664
21337020000000,7.66919374466
21337760000000,7.54306125641
21338490000000,7.40249443054
21343710000000,7.3337059021
21344430000000,7.31539058685
21345160000000,7.29841041565
21345860000000,7.29613876343
21346560000000,7.30923938751
21347250000000,7.33610200882
21347970000000,7.37784719467
21348680000000,7.43527984619
21349390000000,7.50748157501
21350120000000,7.59134244919
21350840000000,7.69709062576
21351560000000,7.81062984467
21352270000000,7.92917442322
21352970000000,8.06689834595
21353670000000,8.21183490753
21354360000000,8.37082958221
21355090000000,8.53036212921
21355790000000,8.71266937256
21356490000000,8.88923168182
21357210000000,9.10971832275
21357900000000,9.1608171463
21358630000000,9.25356578827
