11425010000000,11.752954483
11426180000000,11.4662704468
11427250000000,10.9123125076
11428340000000,10.3074960709
11429430000000,10.0665340424
11430530000000,9.92546081543
11431620000000,9.90553283691
11432750000000,9.8892698288
11433790000000,9.81257820129
11434860000000,9.78495693207
11435910000000,9.32630634308
11436950000000,8.84512805939
11437960000000,8.36156368256
11439030000000,7.88739728928
11440000000000,7.40196800232
11441030000000,6.92869281769
11442000000000,6.45536899567
11443000000000,5.99182033539
11444070000000,5.50993013382
11445050000000,5.00960588455
11446060000000,4.54740715027
11447010000000,4.07624435425
11447960000000,3.62564682961
11448940000000,3.18514752388
11449860000000,2.71719503403
11450840000000,2.29927659035
11451780000000,1.8488907814
11452730000000,1.42856514454
