
21159370000000,11.0757894516
21160160000000,10.962685585
21160890000000,10.5860767365
21161620000000,10.3180065155
21162390000000,10.0310058594
21163170000000,9.74111747742
21163890000000,9.44884490967
21164650000000,9.18263339996
21165360000000,8.90113735199
21166120000000,8.66443252563
21166840000000,8.44471645355
21167540000000,8.23485851288
21168260000000,8.0513420105
21169000000000,7.86762523651
21169720000000,7.68642902374
21170400000000,7.53179502487
21171120000000,7.38956403732
21171820000000,7.26059293747
21172530000000,7.14868545532
21173260000000,7.03998279572
21173980000000,6.95366382599
21174670000000,6.93336963654
21175400000000,6.79269886017
21176070000000,6.5905213356
21176750000000,6.38749027252
21177430000000,6.18448257446
21178110000000,5.9872341156
21178760000000,5.80219888687
21179390000000,5.64035367966
21180060000000,5.4914059639
21180690000000,5.35659074783
21181360000000,5.23694229126
21182030000000,5.12757205963
21182660000000,5.04002094269
21183330000000,4.97356987
21183970000000,4.92602491379
21184600000000,4.89682102203
21185240000000,4.88931465149
21185840000000,4.90129852295
21186480000000,4.9298248291
21187120000000,4.97849607468
21187730000000,5.04541826248
21188350000000,5.11951541901
21188970000000,5.16690778732
21189610000000,5.26180934906
21190220000000,5.38054704666
21190870000000,5.50970888138
21191580000000,5.65633392334
