
20959980000000,11.5508785248
20960750000000,11.3621444702
20961510000000,11.001783371
20962310000000,10.6278085709
20963080000000,10.2363100052
20963850000000,9.88399219513
20964590000000,9.5017490387
20965380000000,9.15760421753
20966080000000,8.78458023071
20966780000000,8.44247055054
20967480000000,8.10792255402
20968160000000,7.77504634857
20968880000000,7.44466733932
20969570000000,7.1121878624
20970280000000,6.78000402451
20970950000000,6.44099903107
20971610000000,6.13934230804
20972330000000,5.83938360214
20972980000000,5.49273777008
20973650000000,5.19353151321
20974340000000,4.87918376923
20975020000000,4.56728839874
20975690000000,4.23671865463
20976360000000,3.93883872032
20977000000000,3.65149831772
20977630000000,3.3603079319
20978270000000,3.09245991707
20978900000000,2.82254099846
20979540000000,2.55851912498
20980170000000,2.31142282486
20980800000000,2.08629012108
20981410000000,1.89097416401
20982070000000,1.7065962553
20982710000000,1.54454147816
20983320000000,1.45279932022
20983940000000,1.26169717312
20984550000000,1.1107480526
20985160000000,0.996559739113
20985780000000,0.961543321609
20986380000000,0.993218123913
20987010000000,1.16356039047
20987590000000,1.36578154564
20988180000000,1.59364807606
20988820000000,1.83482098579
20989460000000,2.10132694244
20990070000000,2.3744790554
20990670000000,2.61003684998
20991290000000,2.8602771759
20991970000000,3.10818600655
20992590000000,3.41761779785
20993190000000,3.68833971024
20993830000000,3.76991653442
20994470000000,3.85817551613
20995110000000,3.86123228073
20995740000000,3.83369755745
20996360000000,3.84422898293
20996950000000,3.67491889
20997570000000,3.48060798645
20998230000000,3.29922914505
20998910000000,3.12084555626
20999550000000,2.95152163506
21000170000000,2.82260251045
21000770000000,2.72742819786
21001380000000,2.65760111809
21006760000000,2.61941838264
21007370000000,3.5306622982
21007990000000,3.72172570229
21008590000000,3.94425725937
21009200000000,4.16140174866
21009830000000,4.38721418381
21010420000000,4.63490343094
21011040000000,4.85718870163
21011740000000,5.11621809006
21012410000000,5.39677381516
21013060000000,5.68153524399
