
10626010000000,10.7806787491
10627130000000,10.780626297
10628210000000,10.686126709
10629330000000,10.1783123016
10630420000000,9.6605052948
10631510000000,9.14636325836
10632570000000,8.63690185547
10633660000000,8.15087127686
10634700000000,7.652531147
10635770000000,7.19673204422
10636830000000,6.72291374207
10637820000000,6.26827812195
10638820000000,5.85925197601
10639880000000,5.45513439178
10640860000000,5.04634237289
10641850000000,4.68279266357
10642820000000,4.35828351974
10643740000000,4.06706523895
10644700000000,3.82222294807
10645700000000,3.61506104469
10646640000000,3.47117996216
10647610000000,3.39774847031
10648560000000,3.3884871006
10649490000000,3.44579148293
10650400000000,3.56415772438
10651330000000,3.73016381264
10652260000000,3.95111680031
10653190000000,4.21305561066
10654110000000,4.50235366821
10655020000000,4.81788682938
10655920000000,5.14776182175
10656830000000,5.49496364594
10657750000000,5.77527570724
10658660000000,5.72251367569
10659570000000,5.64723539352
10660460000000,5.53555583954
10661350000000,5.18703174591
10662270000000,4.80292892456
10663200000000,4.48349237442
10664090000000,4.08442163467
10664950000000,3.68829369545
10665820000000,3.33982396126
10666720000000,2.98984789848
10667630000000,2.70376873016
10668500000000,2.45980596542
10669400000000,2.28456830978
10670330000000,2.15451908112
10671290000000,2.1213684082
10672140000000,2.19442439079
10673070000000,2.33955383301
10674020000000,2.57431435585
10674950000000,2.86776089668
10675880000000,3.20295929909
10676800000000,3.56055879593
10677700000000,3.9475979805
10678640000000,4.3336315155
10679580000000,4.74030828476
10680510000000,5.16438150406
10681470000000,5.59603595734
10682420000000,6.03363466263
10683380000000,6.4439201355
10684360000000,6.91555786133
10685390000000,7.39063262939
10686330000000,7.89189481735
10687320000000,8.34519577026
10688320000000,8.83249950409
10689330000000,9.00121116638
