11075480000000,11.7311639786
11076610000000,11.3463544846
11077740000000,10.9793491364
11078870000000,10.5374469757
11080000000000,10.1812009811
11081120000000,9.8394203186
11082200000000,9.49666976929
11083290000000,9.20056247711
11084380000000,8.88445091248
11085460000000,8.58494281769
11086540000000,8.31112289429
11087580000000,8.05874252319
11088630000000,7.84655952454
11089720000000,7.66170835495
11090770000000,7.50361299515
11091830000000,7.37604570389
11092860000000,7.28532981873
11093910000000,7.26920032501
11094960000000,7.29083919525
11095990000000,6.98484182358
11096950000000,6.66173744202
11097920000000,6.55383729935
11098910000000,6.37831830978
11099890000000,6.19218397141
11100810000000,6.02538537979
11101780000000,5.89994287491
11102720000000,5.80279922485
11103660000000,5.74221324921
11104590000000,5.71556997299
11105490000000,5.72305393219
11106420000000,5.76789140701
11107350000000,5.74792575836
11108260000000,5.75893592834
11109140000000,5.80595350266
11110090000000,5.91186380386
11111000000000,6.07050466537
