10880940000000,11.452630043
10882040000000,10.9867630005
10883170000000,10.4697589874
10884300000000,9.98965549469
10885400000000,9.47881221771
10886530000000,8.97745800018
10887600000000,8.48204135895
10888640000000,7.9737944603
10889660000000,7.4838218689
10890670000000,7.00426197052
10891720000000,6.53036546707
10892710000000,6.03022527695
10893720000000,5.55981016159
10894710000000,5.05792236328
10895690000000,4.58555555344
10896670000000,4.11317586899
10897650000000,3.64275813103
10898590000000,3.19046854973
10899570000000,2.71939349174
10900480000000,2.24813103676
10901410000000,1.81020057201
10902360000000,1.39394497871
10903320000000,1.01113557816
10904270000000,1.20281398296
10905190000000,1.4667365551
10906120000000,1.51139712334
10907050000000,1.45574080944
10908000000000,1.45585680008
10908960000000,1.46309900284
10909920000000,1.73558628559
10910870000000,2.05232787132
10911800000000,2.35797643661
10912730000000,2.71328091621
10913690000000,3.12196016312
10914640000000,3.54456663132
10915630000000,3.97448396683
10916580000000,4.41253852844
10917550000000,4.86223983765
10918510000000,5.30289793015
10919480000000,5.74721717834
