11812220000000,11.3547439575
11813380000000,10.8045349121
11814480000000,10.3287963867
11815570000000,9.92461872101
11816640000000,9.54090213776
11817740000000,9.17775440216
11818850000000,8.81686115265
11819970000000,8.47846317291
11821050000000,8.14859104156
11822110000000,7.8938164711
11823180000000,7.64912652969
11824240000000,7.43093490601
11825310000000,7.24492168427
11826400000000,7.09056138992
11827510000000,6.96163892746
11828550000000,6.86631345749
11829570000000,6.81360721588
11830570000000,6.84990310669
11831610000000,6.82504272461
11832580000000,6.50839757919
11833610000000,6.11662197113
11834660000000,5.67991352081
11835580000000,5.24924945831
11836550000000,4.87637376785
11837450000000,4.50374269485
11838400000000,4.15998029709
11839370000000,3.81391906738
11840290000000,3.48932123184
11841280000000,3.22479653358
11842240000000,2.98308300972
11843150000000,2.79637742043
11844040000000,2.69314861298
11844960000000,2.65410017967
11845930000000,2.68690514565
11846840000000,2.79696154594
11847880000000,2.97111439705
11848860000000,3.22199463844
11849770000000,3.50513529778
11850710000000,3.81619858742
11851660000000,4.14572143555
11852570000000,4.51080703735
11853500000000,4.86830234528
