11499260000000,11.7643270493
11500430000000,11.2962169647
11501570000000,10.7451839447
11502680000000,10.2226362228
11503750000000,9.69976902008
11504850000000,9.19252967834
11505900000000,8.6923122406
11506950000000,8.21150779724
11508000000000,7.71884632111
11509030000000,7.23559522629
11510070000000,6.73328876495
11511090000000,6.24105644226
11512100000000,5.76787424088
11513100000000,5.28486633301
11514080000000,4.81210136414
11515090000000,4.34782791138
11516070000000,3.86474370956
11517000000000,3.40158700943
11517920000000,2.95803904533
11518890000000,2.53471302986
11519810000000,2.08308339119
11520740000000,1.65260279179
11521660000000,1.2212729454
11522590000000,1.09935939312
11523540000000,1.01376652718
11524460000000,1.06230425835
11525410000000,1.24547064304
11526360000000,1.58876109123
11527320000000,1.99626338482
11528240000000,2.42773270607
11529150000000,2.88296484947
11530120000000,3.29195261002
11531070000000,3.75776791573
11532030000000,4.18694448471
11532990000000,4.64303350449
11533920000000,5.09032535553
11534910000000,5.526720047
