10976620000000,11.5242261887
10977720000000,11.0291614532
10978840000000,10.5261983871
10979980000000,10.0381641388
10981020000000,9.50708580017
10982130000000,9.01025485992
10983180000000,8.49055194855
10984260000000,7.99755620956
10985290000000,7.48107481003
10986320000000,6.96594047546
10987380000000,6.48831367493
10988400000000,5.98007297516
10989400000000,5.50401496887
10990400000000,5.02843856812
10991390000000,4.54122781754
10992380000000,4.05853319168
10993350000000,3.57508325577
10994290000000,3.11109638214
10995220000000,2.65678143501
10996160000000,2.2027566433
10997110000000,1.7487705946
10998060000000,1.31866204739
10999000000000,0.942539572716
10999940000000,0.740858256817
11000880000000,0.598091721535
11001860000000,0.446766674519
11002760000000,0.334612637758
11003690000000,0.626195311546
11004620000000,1.00934636593
11005570000000,1.42305099964
11006490000000,1.83985769749
11007440000000,2.25989961624
11008390000000,2.69533896446
11009320000000,3.12716984749
11010250000000,3.56947660446
11011190000000,4.01224756241
11012130000000,4.44717645645
11013080000000,4.86796569824
