11345440000000,11.9001522064
11346580000000,11.8181524277
11347720000000,11.2865715027
11348890000000,10.8856868744
11349990000000,10.4690752029
11351100000000,10.2415456772
11352210000000,10.1227054596
11353300000000,10.0399122238
11354390000000,10.1158685684
11355500000000,9.83773994446
11356590000000,9.45543289185
11357610000000,9.01364994049
11358660000000,8.66174030304
11359730000000,8.38345623016
11360800000000,8.06652164459
11361870000000,7.78504323959
11362940000000,7.51079368591
11363990000000,7.27219247818
11365010000000,7.07479333878
11366050000000,6.91068935394
11367080000000,6.77717971802
11368120000000,6.6746339798
11369140000000,6.60745477676
11370190000000,6.57700204849
11371210000000,6.58382177353
11372260000000,6.62392091751
11373280000000,6.69901752472
