
11011060000000,11.7158098221
11012100000000,11.7159223557
11013210000000,11.7086639404
11014260000000,11.2210102081
11015280000000,10.7649974823
11016300000000,10.4440317154
11017350000000,10.3648328781
11018320000000,10.3126821518
11019320000000,10.2560338974
11020380000000,10.2395906448
11021440000000,10.0324954987
11022450000000,9.605509758
11023490000000,9.19222640991
11024480000000,8.68191623688
11025430000000,8.18352890015
11026400000000,7.70733118057
11027380000000,7.21841049194
11028360000000,6.74911975861
11029340000000,6.26641511917
11030290000000,5.77640724182
11031210000000,5.31752872467
11032150000000,4.84561920166
11033110000000,4.38335227966
11034060000000,3.91246247292
11034940000000,3.43885540962
11035880000000,3.00045752525
11036770000000,2.54412984848
11037740000000,2.09921622276
11038690000000,1.61831200123
11039620000000,1.1633399725
11040560000000,0.986278355122
