
11191390000000,11.2762727737
11192440000000,11.2763824463
11193480000000,11.276473999
11194580000000,11.160697937
11195590000000,10.6612291336
11196690000000,10.4189977646
11197680000000,10.3796339035
11198710000000,10.3700294495
11199650000000,10.2982187271
11200670000000,10.2176370621
11201640000000,10.3075313568
11202630000000,10.2780418396
11203660000000,9.8477602005
11204670000000,9.34946632385
11205660000000,8.86958789825
11206690000000,8.39745235443
11207680000000,7.89912414551
11208690000000,7.44210243225
11209610000000,6.95900249481
11210580000000,6.53331518173
11211550000000,6.0849776268
11212530000000,5.62311172485
11213430000000,5.1622877121
11214410000000,4.77592658997
11215310000000,4.30934810638
11216270000000,3.87188529968
11217220000000,3.39465427399
11218180000000,2.93414759636
11219060000000,2.49229574203
11220000000000,2.08913850784
11221020000000,1.66027367115
11221960000000,1.2548981905
11222870000000,0.918592333794
11223750000000,0.725810468197
11224640000000,0.774103701115
11225580000000,1.01804387569
11226500000000,1.3798160553
11227360000000,1.77384483814
11228290000000,2.17120623589
11229180000000,2.60703754425
11230090000000,3.04079532623
11231020000000,3.47813868523
11231950000000,3.94840764999
11232860000000,4.3908624649
11233670000000,4.62839984894
11234580000000,4.6284031868
11235480000000,4.628469944
