11425010000000,17.873922348
11426180000000,17.5871105194
11427250000000,17.0338420868
11428340000000,16.4298286438
11429430000000,16.1886100769
11430530000000,16.043964386
11431620000000,16.0117454529
11432750000000,15.9727163315
11433790000000,15.87586689
11434860000000,15.8313102722
11435910000000,15.365896225
11436950000000,14.8832588196
11437960000000,14.3980541229
11439030000000,13.9221944809
11440000000000,13.4362611771
11441030000000,12.9621067047
11442000000000,12.4877920151
11443000000000,12.0231046677
11444070000000,11.5398206711
11445050000000,11.0377283096
11446060000000,10.573507309
11447010000000,10.099738121
11447960000000,9.64595985413
11448940000000,9.20139884949
11449860000000,8.72752475739
11450840000000,8.30204200745
11451780000000,7.83929252625
11452730000000,7.3994641304
