
21248110000000,17.2393722534
21248860000000,16.9950885773
21249620000000,16.6393318176
21250370000000,16.2647209167
21251110000000,15.9195327759
21251820000000,15.5775880814
21252550000000,15.2248086929
21253280000000,14.8786764145
21254020000000,14.5224342346
21254700000000,14.1755924225
21255400000000,13.8479633331
21256110000000,13.4920120239
21256800000000,13.1643772125
21257490000000,12.8176050186
21258180000000,12.5093622208
21258890000000,12.1625747681
21259590000000,11.8247928619
21260250000000,11.4942169189
21260910000000,11.2051286697
21261550000000,10.9666366577
21262230000000,10.6729421616
21262910000000,10.3496007919
21263550000000,10.0350866318
21264250000000,9.73453235626
21264920000000,9.42853546143
21265550000000,9.10848903656
21266200000000,8.82431507111
21266820000000,8.51803588867
21267450000000,8.33113193512
21268060000000,8.43823623657
21268710000000,8.48309230804
21269330000000,8.47404670715
21269940000000,8.50540733337
21270570000000,8.41416358948
21271230000000,8.61711406708
21271880000000,8.91162967682
21272560000000,9.22490119934
21273200000000,9.54782104492
21273840000000,9.82102012634
21274510000000,10.1211719513
21275170000000,10.4436635971
21275810000000,10.7664794922
21276490000000,11.0740404129
21277130000000,11.3946533203
21277800000000,11.6956195831
21278520000000,11.9826259613
21279160000000,12.3053178787
21279860000000,12.5835933685
21280530000000,12.8690071106
21281230000000,13.1598186493
21281930000000,13.4465312958
21282640000000,13.7472171783
21283320000000,14.040063858
21284030000000,14.3429117203
