
10626010000000,16.9021911621
10627130000000,16.9021396637
10628210000000,16.8072872162
10629330000000,16.2973995209
10630420000000,15.7761230469
10631510000000,15.2567901611
10632570000000,14.7399616241
10633660000000,14.2442026138
10634700000000,13.7323322296
10635770000000,13.2599983215
10636830000000,12.7633256912
10637820000000,12.2794132233
10638820000000,11.8355979919
10639880000000,11.386059761
10640860000000,10.9152326584
10641850000000,10.4760093689
10642820000000,10.0590953827
10643740000000,9.65063285828
10644700000000,9.26372623444
10645700000000,8.87500953674
10646640000000,8.49360179901
10647610000000,8.13668441772
10648560000000,7.79183530807
10649490000000,7.45365667343
10650400000000,7.13827800751
10651330000000,6.85304546356
10652260000000,6.5750246048
10653190000000,6.31981468201
10654110000000,6.09480619431
10655020000000,5.8974146843
10655920000000,5.73350095749
10656830000000,5.60085296631
10657750000000,5.50388145447
10658660000000,5.25337266922
10659570000000,5.26976490021
10660470000000,5.38893270493
10661350000000,5.39878606796
10662270000000,5.32771015167
10663200000000,5.4442691803
10664090000000,5.59193944931
10664950000000,5.73595094681
10665820000000,5.86855983734
10666720000000,6.05151510239
10667630000000,6.29067993164
10668500000000,6.56488609314
10669400000000,6.85546731949
10670330000000,7.14981985092
10671290000000,7.47419881821
10672140000000,7.825984478
10673070000000,8.14604949951
10674020000000,8.5150604248
10674950000000,8.89420509338
10675880000000,9.2810087204
10676800000000,9.6667098999
10677700000000,10.0670394897
10678640000000,10.4559116364
10679580000000,10.8587379456
10680510000000,11.2741613388
10681470000000,11.6940021515
10682420000000,12.1177539825
10683380000000,12.5157384872
10684360000000,12.9736785889
10685390000000,13.4349355698
10686330000000,13.9218587875
10687320000000,14.3616733551
10688320000000,14.8345537186
10689320000000,14.9967670441
