
10888310000000,16.8471317291
10889350000000,16.8471755981
10890390000000,16.6628875732
10891420000000,16.2119827271
10892530000000,15.8062486649
10893560000000,15.7225961685
10894590000000,15.9311342239
10895560000000,16.0731468201
10896610000000,16.042383194
10897660000000,16.1947689056
10898700000000,16.3418655396
10899730000000,16.029706955
10900710000000,15.7426815033
10901720000000,15.4158344269
10902720000000,15.0846128464
10903660000000,14.7757091522
10904700000000,14.4958353043
10905720000000,14.2025356293
10906680000000,13.9164390564
10907690000000,13.6700744629
10908690000000,13.4160318375
10909700000000,13.1816072464
10910680000000,12.9619579315
10911660000000,12.7609891891
10912630000000,12.5620851517
10913630000000,12.3703126907
10914650000000,12.1902351379
10915590000000,12.0213012695
10916560000000,11.879734993
10917550000000,11.7593097687
10918540000000,11.7405967712
