
11011060000000,17.8380870819
11012100000000,17.8381996155
11013210000000,17.830947876
11014260000000,17.3433208466
11015280000000,16.8872108459
11016300000000,16.5653858185
11017350000000,16.4775619507
11018320000000,16.4080448151
11019320000000,16.3238754272
11020380000000,16.2965602875
11021440000000,16.0949420929
11022450000000,15.6820354462
11023490000000,15.2779331207
11024480000000,14.7715787888
11025430000000,14.2751741409
11026400000000,13.8003768921
11027380000000,13.3130903244
11028360000000,12.8454713821
11029340000000,12.364689827
11030290000000,11.8761997223
11031210000000,11.4185628891
11032150000000,10.9479818344
11033110000000,10.4857215881
11034060000000,10.0140571594
11034940000000,9.53875350952
11035880000000,9.09818172455
11036770000000,8.63850688934
11037740000000,8.18856048584
11038690000000,7.69902944565
11039620000000,7.22907829285
11040560000000,7.04968833923
