10768740000000,17.7354755402
10769870000000,17.3390693665
10771020000000,16.8112316132
10772140000000,16.4109573364
10773220000000,15.9406356812
10774310000000,15.4970436096
10775390000000,15.0334119797
10776460000000,14.5814762115
10777500000000,14.1418905258
10778560000000,13.705953598
10779600000000,13.2919797897
10780610000000,12.8576869965
10781670000000,12.4610900879
10782710000000,12.0612449646
10783750000000,11.6463098526
10784740000000,11.2217073441
10785700000000,10.8267831802
10786680000000,10.4575405121
10787670000000,10.0976495743
10788660000000,9.73667144775
10789610000000,9.36910629272
10790610000000,9.03873538971
10791550000000,8.70207500458
10792500000000,8.37113380432
10793450000000,8.03935909271
10794400000000,7.70792913437
10795310000000,7.39693021774
10796280000000,7.11934566498
10797160000000,6.83426570892
10798090000000,6.60075807571
10798990000000,6.36550235748
10799880000000,6.1660656929
10800770000000,5.9851436615
10801690000000,5.84592819214
10802630000000,5.92875671387
10803520000000,6.1394329071
10804460000000,6.23980665207
10805380000000,6.3522028923
10806300000000,6.31326246262
10807230000000,5.96860265732
10808190000000,5.51363897324
10809090000000,5.13789415359
10810020000000,4.73911619186
10810920000000,4.37954521179
10811810000000,3.89426398277
10812770000000,3.42535567284
10813680000000,2.97187900543
10814640000000,2.54312729836
10815570000000,2.10977339745
10816530000000,1.67814803123
10817480000000,1.2218477726
