
21159370000000,17.1974124908
21160160000000,17.0842514038
21160890000000,16.7076206207
21161620000000,16.4394798279
21162390000000,16.1499080658
21163170000000,15.8553371429
21163890000000,15.5557823181
21164650000000,15.2802362442
21165360000000,14.9854574203
21166120000000,14.7354421616
21166840000000,14.4942808151
21167540000000,14.2580747604
21168260000000,14.0455780029
21169000000000,13.8257236481
21169720000000,13.5997219086
21170400000000,13.3972854614
21171120000000,13.2003965378
21171820000000,13.009475708
21172530000000,12.8299846649
21173260000000,12.6366357803
21173980000000,12.4608640671
21174670000000,12.3560876846
21175400000000,12.1629362106
21176070000000,11.8979082108
21176750000000,11.6198692322
21177430000000,11.3332471848
21178110000000,11.0457763672
21178760000000,10.7607746124
21179390000000,10.495098114
21180060000000,10.2318840027
21180690000000,9.97158908844
21181360000000,9.71439266205
21182030000000,9.44472503662
21182660000000,9.18685436249
21183330000000,8.94073009491
21183970000000,8.69883537292
21184600000000,8.44689464569
21185240000000,8.22250652313
21185840000000,7.99581193924
21186480000000,7.79154777527
21187120000000,7.57974147797
21187730000000,7.37465667725
21188350000000,7.19225168228
21188970000000,7.0127863884
21189610000000,6.82618141174
21190220000000,6.63979768753
21190870000000,6.46840238571
21191580000000,6.30181694031
