11499260000000,17.4184799194
11500430000000,17.4184799194
11501570000000,16.8674545288
11502680000000,16.3449134827
11503750000000,15.822054863
11504850000000,15.3148231506
11505900000000,14.8146114349
11506950000000,14.333820343
11508000000000,13.8411798477
11509030000000,13.3579292297
11510070000000,12.8555936813
11511090000000,12.3632926941
11512100000000,11.8899927139
11513100000000,11.406791687
11514080000000,10.9337406158
11515090000000,10.4690523148
11516070000000,9.98533153534
11517000000000,9.52127552032
11517920000000,9.07644939423
11518890000000,8.65133285522
11519810000000,8.19668579102
11520740000000,7.76138591766
11521660000000,7.32109689713
11522590000000,7.18826961517
11523540000000,7.13581800461
11524460000000,7.12647390366
11525410000000,7.14261817932
11526360000000,7.27280950546
11527320000000,7.4987578392
11528240000000,7.76999282837
11529150000000,8.07633304596
11530120000000,8.36711406708
11531070000000,8.70974731445
11532030000000,9.03518199921
11532990000000,9.38997364044
11533920000000,9.74621200562
11534910000000,10.1004114151
