
10787850000000,16.8282852173
10788910000000,16.8282699585
10789910000000,16.8282566071
10790980000000,16.8127574921
10791990000000,16.3643341064
10793030000000,15.885635376
10794010000000,15.3888225555
10795040000000,14.9183826447
10796050000000,14.4314451218
10797090000000,13.9736833572
10798050000000,13.4829206467
10799020000000,13.1720352173
10799990000000,12.7122507095
10800920000000,12.2421722412
10801880000000,11.7946157455
10802810000000,11.3281087875
10803750000000,10.8823900223
10804710000000,10.432103157
10805640000000,9.95502471924
10806560000000,9.51095676422
10807480000000,9.11211776733
10808420000000,8.67199325562
10809270000000,8.25343513489
10810210000000,7.86621570587
10811180000000,7.44455718994
10812130000000,7.02029848099
10813060000000,6.83016490936
10813980000000,6.83860063553
10814920000000,6.88495492935
10815820000000,6.91903162003
10816780000000,6.93665504456
10817600000000,7.19571399689
10818520000000,7.41839265823
10819370000000,7.737388134
10820330000000,8.05253887177
10821220000000,8.4344959259
10822160000000,8.7531414032
10823140000000,9.12427997589
10824110000000,9.49588871002
10824990000000,9.89232349396
10825980000000,10.2552032471
10826970000000,10.6135101318
