
11191390000000,17.3985481262
11192450000000,17.3986587524
11193480000000,17.3987503052
11194580000000,17.282951355
11195590000000,16.7832565308
11196700000000,16.5412273407
11197680000000,16.4945831299
11198710000000,16.4691696167
11199660000000,16.3717784882
11200670000000,16.2768764496
11201640000000,16.3674697876
11202630000000,16.3391151428
11203660000000,15.9202785492
11204670000000,15.4308099747
11205660000000,14.9590606689
11206690000000,14.4945058823
11207680000000,14.0037336349
11208690000000,13.5528974533
11209610000000,13.0754127502
11210580000000,12.6530981064
11211550000000,12.2067804337
11212530000000,11.7453889847
11213430000000,11.2828416824
11214410000000,10.8928232193
11215310000000,10.4219837189
11216270000000,9.97887611389
11217220000000,9.49240207672
11218180000000,9.01909732819
11219060000000,8.55948066711
11220000000000,8.13121604919
11221020000000,7.65894651413
11221960000000,7.17340278625
11222870000000,6.70801019669
11223750000000,6.26057004929
11224640000000,5.81423091888
11225580000000,5.36874341965
11226500000000,4.89927625656
11227360000000,4.45023727417
11228290000000,4.020632267
11229180000000,3.56192708015
11230090000000,3.11264491081
11231020000000,2.6639380455
11231950000000,2.18473720551
11232860000000,1.73627233505
11233670000000,1.4985742569
11234580000000,1.49856972694
11235480000000,1.49850070477
