11075480000000,17.8533782959
11076610000000,17.4684257507
11077740000000,17.0987625122
11078870000000,16.6521263123
11080000000000,16.2833995819
11081120000000,15.9228191376
11082200000000,15.5518808365
11083290000000,15.2215337753
11084380000000,14.8637781143
11085460000000,14.5128946304
11086550000000,14.1760339737
11087580000000,13.8452672958
11088630000000,13.5450229645
11089720000000,13.2570848465
11090770000000,12.9772911072
11091830000000,12.7073202133
11092860000000,12.4579696655
11093910000000,12.2885761261
11094960000000,12.2140693665
11095990000000,11.8360481262
11096950000000,11.3921279907
11097920000000,11.1265802383
11098910000000,10.7985706329
11099890000000,10.4258213043
11100810000000,10.0420799255
11101780000000,9.69503879547
11102720000000,9.33656024933
11103660000000,8.99841117859
11104590000000,8.66882801056
11105490000000,8.35200691223
11106420000000,8.0948343277
11107350000000,7.76566648483
11108260000000,7.42945957184
11109140000000,7.10033130646
11110090000000,6.83928155899
11111000000000,6.56963920593
