10976620000000,17.64610672
10977720000000,17.1503562927
10978840000000,16.6463088989
10979980000000,16.1568965912
10981020000000,15.6249771118
10982130000000,15.1280956268
10983180000000,14.6081380844
10984260000000,14.1148424149
10985290000000,13.5983304977
10986320000000,13.0831537247
10987380000000,12.6054763794
10988400000000,12.0971813202
10989400000000,11.6210441589
10990400000000,11.1465072632
10991390000000,10.6596984863
10992380000000,10.1775016785
10993350000000,9.6945848465
10994290000000,9.23114776611
10995220000000,8.77739810944
10996160000000,8.32395362854
10997110000000,7.87053108215
10998060000000,7.44093561172
10999000000000,7.0552573204
10999940000000,6.84535551071
11000880000000,6.70970439911
11001860000000,6.43498897552
11002760000000,6.03207206726
11003690000000,5.61024093628
11004620000000,5.19498157501
11005570000000,4.76861619949
11006490000000,4.33376598358
11007440000000,3.8930182457
11008390000000,3.44637680054
11009320000000,3.00788354874
11010250000000,2.5614066124
11011190000000,2.11644053459
11012130000000,1.67964696884
11013080000000,1.25623619556
