11179930000000,17.5065345764
11181110000000,16.9223423004
11182210000000,16.3695392609
11183280000000,15.8639440536
11184380000000,15.3664627075
11185440000000,14.8500537872
11186500000000,14.3519859314
11187540000000,13.8590526581
11188600000000,13.3479537964
11189600000000,12.8252773285
11190660000000,12.351723671
11191650000000,11.8298749924
11192640000000,11.3586997986
11193660000000,10.8932857513
11194590000000,10.4079790115
11195580000000,9.96745014191
11196550000000,9.4965057373
11197510000000,9.04057788849
11198430000000,8.61444759369
11199370000000,8.15968894958
11200330000000,7.71615886688
11201270000000,7.32808971405
11202250000000,7.13901519775
11203200000000,6.93394422531
11204170000000,6.78263902664
11205070000000,6.53418540955
11206010000000,6.27937650681
11206950000000,6.03805875778
11207880000000,5.84788608551
11208810000000,5.7929019928
11209730000000,5.69582176208
11210630000000,5.56922101974
11211570000000,5.49721240997
11212510000000,5.46176576614
11213490000000,5.46611309052
11214390000000,5.51650667191
11215350000000,5.4958152771
11216290000000,5.4753909111
