
21059860000000,17.2164897919
21060670000000,17.0925216675
21061450000000,16.6942901611
21062170000000,16.3115158081
21062910000000,15.9578399658
21063650000000,15.5948829651
21064360000000,15.2424545288
21065070000000,14.8791847229
21065750000000,14.5362005234
21066480000000,14.2124233246
21067200000000,13.8791666031
21067860000000,13.5291137695
21068590000000,13.1878585815
21069270000000,12.834862709
21069920000000,12.5037021637
21070620000000,12.2008504868
21071290000000,11.8703250885
21071920000000,11.5419445038
21072560000000,11.2382202148
21073240000000,10.9041967392
21073940000000,10.5906953812
21074590000000,10.2385511398
21075240000000,9.91499137878
21075920000000,9.61125659943
21076550000000,9.25876045227
21077200000000,8.95541667938
21077820000000,8.64284324646
21078430000000,8.3497838974
21079040000000,8.11338424683
21079680000000,8.12329769135
21080330000000,8.11109733582
21080950000000,7.97765398026
21081610000000,7.84936857224
21082260000000,7.71020269394
21082880000000,7.59289264679
21083500000000,7.46655893326
21084110000000,7.34121131897
21084710000000,7.23122358322
21085340000000,7.11658334732
21085940000000,7.02611494064
21086570000000,6.91242218018
21087180000000,6.79522705078
21087780000000,6.6903963089
21088410000000,6.59339380264
21089030000000,6.50373792648
21089630000000,6.43092155457
21090230000000,6.37423372269
21090850000000,6.327044487
21091460000000,6.28345537186
21092060000000,6.27827310562
21092720000000,6.24597644806
21093340000000,6.0872130394
21093950000000,5.95252656937
21094580000000,5.82344150543
21095190000000,5.70896482468
21095800000000,5.61061096191
