
21320870000000,17.3388156891
21321620000000,17.0510139465
21322360000000,16.6926574707
21323100000000,16.3250179291
21323810000000,15.9573106766
21324540000000,15.7387247086
21325290000000,15.5737485886
21326010000000,15.4898843765
21326770000000,15.3845071793
21327500000000,15.2744789124
21328270000000,15.1348972321
21328980000000,14.9462776184
21329730000000,14.7875051498
21330460000000,14.6180410385
21331220000000,14.4683275223
21331920000000,14.2731771469
21332690000000,14.1105337143
21333420000000,13.9331989288
21334110000000,13.7790660858
21334810000000,13.6339378357
21335570000000,13.4851417542
21336310000000,13.3428001404
21337020000000,13.1958551407
21337760000000,13.0127391815
21338490000000,12.8005208969
21343710000000,12.6351499557
21344430000000,12.8377542496
21345160000000,12.9050512314
21345860000000,12.9892349243
21346560000000,13.0737714767
21347250000000,13.1633796692
21347970000000,13.2628164291
21348680000000,13.3723249435
21349390000000,13.4895677567
21350120000000,13.6105737686
21350840000000,13.7495584488
21351560000000,13.8880939484
21352270000000,14.0247812271
21352970000000,14.1763410568
21353670000000,14.3297719955
21354360000000,14.4927921295
21355090000000,14.652135849
21355790000000,14.8302488327
21356490000000,14.9996376038
21357210000000,15.2137145996
21357900000000,15.2529182434
21358630000000,15.326622963
