11574980000000,17.8875255585
11576140000000,17.5559062958
11577240000000,17.0400714874
11578330000000,16.5324554443
11579420000000,16.0069179535
11580520000000,15.4946336746
11581540000000,14.9752855301
11582610000000,14.4932889938
11583670000000,13.9850406647
11584730000000,13.4956903458
11585730000000,12.9855861664
11586740000000,12.5103673935
11587740000000,12.0253896713
11588720000000,11.5597658157
11589720000000,11.0943422318
11590660000000,10.6301574707
11591610000000,10.1858415604
11592570000000,9.73175430298
11593520000000,9.27725791931
11594470000000,8.83265304565
11595450000000,8.36918067932
11596410000000,7.90561771393
11597310000000,7.44998836517
11598250000000,7.13567590714
11599180000000,6.85099697113
11600110000000,6.53734064102
11601030000000,6.15714454651
11601960000000,5.80931663513
11602870000000,5.42515563965
11603740000000,5.00075864792
11604680000000,4.59176683426
11605630000000,4.18115901947
11606540000000,3.74763679504
11607490000000,3.31020712852
11608460000000,2.87137103081
11609420000000,2.42555427551
11610380000000,1.98302090168
11611350000000,1.54197490215
11612290000000,1.09717023373
