
20959980000000,17.6711521149
20960750000000,17.4821891785
20961510000000,17.1212291718
20962310000000,16.7465209961
20963080000000,16.3541145325
20963850000000,16.0008392334
20964590000000,15.6173839569
20965380000000,15.2719640732
20966080000000,14.897351265
20966780000000,14.5535402298
20967480000000,14.2170915604
20968160000000,13.8820257187
20968880000000,13.5491218567
20969570000000,13.2136917114
20970280000000,12.8780994415
20970950000000,12.5350246429
20971610000000,12.2291345596
20972330000000,11.9243097305
20972980000000,11.5710344315
20973650000000,11.2650718689
20974340000000,10.9423131943
20975020000000,10.6204423904
20975700000000,10.2770423889
20976360000000,9.9650144577
20977000000000,9.66100311279
20977630000000,9.34894180298
20978270000000,9.05705070496
20978900000000,8.7564201355
20979540000000,8.45321083069
20980170000000,8.15714073181
20980800000000,7.87062501907
20981410000000,7.59739017487
20982070000000,7.32919168472
20982710000000,7.06345129013
20983320000000,6.82820510864
20983940000000,6.57943344116
20984550000000,6.41338300705
20985160000000,6.17429542542
20985780000000,5.90883207321
20986380000000,5.64432477951
20987010000000,5.34631681442
20987590000000,5.06537532806
20988180000000,4.78267192841
20988820000000,4.50252771378
20989460000000,4.20599842072
20990070000000,3.9089987278
20990670000000,3.65539216995
20991290000000,3.38452029228
20991970000000,3.11198735237
20992590000000,2.77564024925
20993190000000,2.48534345627
20993830000000,2.39191532135
20994470000000,2.32772779465
20995110000000,2.29489040375
20995740000000,2.32021665573
20996360000000,2.30076861382
20996950000000,2.48908042908
20997570000000,2.73529291153
20998230000000,2.98881363869
20998910000000,3.26817893982
20999550000000,3.57621383667
21000170000000,3.86150145531
21000770000000,4.13091754913
21001380000000,4.41210269928
21006760000000,4.69484186172
21007370000000,7.19784164429
21007990000000,7.46949863434
21008590000000,7.7698264122
21009200000000,8.05061912537
21009830000000,8.33280467987
21010420000000,8.63340473175
21011040000000,8.8972196579
21011740000000,9.19865131378
21012410000000,9.51930713654
21013060000000,9.83993816376
