11345440000000,18.0215473175
11346580000000,17.9394626617
11347720000000,17.4077472687
11348890000000,17.0078849792
11349990000000,16.5905780792
11351100000000,16.3566207886
11352210000000,16.2218208313
11353300000000,16.1177921295
11354390000000,16.1851520538
11355500000000,15.9092998505
11356590000000,15.5294017792
11357610000000,15.1019639969
11358660000000,14.7630147934
11359730000000,14.4967899323
11360800000000,14.1880531311
11361870000000,13.9060125351
11362940000000,13.6211414337
11363990000000,13.3589820862
11365010000000,13.1251211166
11366050000000,12.9106483459
11367080000000,12.7107477188
11368120000000,12.5229978561
11369140000000,12.352025032
11370190000000,12.1986789703
11371210000000,12.0631151199
11372260000000,11.9473905563
11373280000000,11.8504772186
