
20959980000000,16.4786586761
20960750000000,16.2932701111
20961510000000,15.9367313385
20962310000000,15.5669651031
20963080000000,15.1800451279
20963850000000,14.8320856094
20964590000000,14.4548044205
20965380000000,14.115228653
20966080000000,13.7476167679
20966780000000,13.4105405807
20967480000000,13.081284523
20968160000000,12.7537384033
20968880000000,12.4286174774
20969570000000,12.1014642715
20970280000000,11.7748174667
20970950000000,11.4414367676
20971610000000,11.1446533203
20972330000000,10.84953022
20972980000000,10.5082654953
20973650000000,10.2135543823
20974340000000,9.90345001221
20975020000000,9.59519100189
20975700000000,9.26752948761
20976360000000,8.97096729279
20977000000000,8.6832742691
20977630000000,8.3895072937
20978270000000,8.11614608765
20978900000000,7.83632469177
20979540000000,7.55595970154
20980170000000,7.28438091278
20980800000000,7.02362012863
20981410000000,6.77484226227
20982070000000,6.55063533783
20982710000000,6.33712434769
20983320000000,6.12884998322
20983940000000,6.02828931808
20984550000000,5.9984793663
20985160000000,5.90139961243
20985780000000,5.77854824066
20986380000000,5.67193126678
20987010000000,5.50347614288
20987590000000,5.35424137115
20988180000000,5.21541118622
20988820000000,5.08975172043
20989460000000,4.96995449066
20990070000000,4.86809921265
20990670000000,4.79894256592
20991290000000,4.75158596039
20991970000000,4.7399725914
20992590000000,4.75356721878
20993190000000,4.78647994995
20993830000000,4.82706212997
20994470000000,4.73131465912
20995110000000,4.84668064117
20995740000000,4.85849523544
20996360000000,4.90373897552
20996950000000,4.82592964172
20997570000000,4.67681837082
20998230000000,4.54015398026
20998910000000,4.40903615952
20999550000000,4.2875289917
21000170000000,4.19631671906
21000770000000,4.12959957123
21001380000000,4.08047151566
21006760000000,4.05235958099
21007370000000,4.66806554794
21007990000000,4.81204319
21008590000000,4.98410749435
21009200000000,5.15600156784
21009830000000,5.33827352524
21010420000000,5.54181528091
21011040000000,5.72785520554
21011740000000,5.94776248932
21012410000000,6.18942403793
21013060000000,6.43828630447
