10976630000000,16.5157680511
10977720000000,16.0144004822
10978850000000,15.5049581528
10979980000000,15.0129709244
10981020000000,14.499001503
10982130000000,14.0355758667
10983180000000,13.5497407913
10984260000000,13.0908298492
10985300000000,12.6183872223
10986320000000,12.1506538391
10987380000000,11.7204589844
10988400000000,11.2670536041
10989400000000,10.8465042114
10990400000000,10.4491910934
10991390000000,10.0371656418
10992380000000,9.63701057434
10993350000000,9.2441034317
10994290000000,8.87543773651
10995220000000,8.5234079361
10996160000000,8.18160152435
10997110000000,7.85106182098
10998060000000,7.55420160294
10999000000000,7.3872551918
10999940000000,7.261282444
11000880000000,6.95886039734
11001860000000,6.61308956146
11002760000000,6.34925365448
11003690000000,6.06219673157
11004620000000,5.79822015762
11005570000000,5.5489563942
11006490000000,5.35989427567
11007440000000,5.23934221268
11008390000000,5.13843250275
11009320000000,5.0680975914
11010250000000,5.02730512619
11011190000000,5.01526546478
11012130000000,5.04334259033
11013080000000,5.12228488922
