
11011060000000,16.7718601227
11012100000000,16.7719764709
11013210000000,16.7639274597
11014260000000,16.2694301605
11015280000000,15.8223724365
11016300000000,15.6239967346
11017350000000,15.7066545486
11018320000000,15.8051576614
11019320000000,15.896739006
11020380000000,15.9257850647
11021440000000,15.7065591812
11022450000000,15.2387990952
11023490000000,14.8013143539
11024480000000,14.2987442017
11025430000000,13.8201303482
11026400000000,13.3677158356
11027380000000,12.9044008255
11028360000000,12.461523056
11029340000000,12.0075216293
11030290000000,11.552611351
11031210000000,11.1311283112
11032150000000,10.7012281418
11033110000000,10.2924633026
11034060000000,9.88516521454
11034940000000,9.4849615097
11035880000000,9.12110805511
11036770000000,8.75034332275
11037740000000,8.39733314514
11038690000000,8.02419757843
11039620000000,7.67801856995
11040560000000,7.534304142
