11574980000000,16.8157176971
11576140000000,16.4618778229
11577240000000,15.9771680832
11578330000000,15.5053472519
11579420000000,15.0193185806
11580520000000,14.5483312607
11581540000000,14.0724925995
11582610000000,13.6338415146
11583670000000,13.1733856201
11584730000000,12.7330284119
11585730000000,12.276268959
11586740000000,11.8538799286
11587740000000,11.4272232056
11588720000000,11.0221328735
11589720000000,10.6219577789
11590660000000,10.2284402847
11591610000000,9.85746097565
11592570000000,9.48471164703
11593520000000,9.11891555786
11594470000000,8.76892852783
11595450000000,8.41363048553
11596410000000,8.06906795502
11597310000000,7.74238491058
11598250000000,7.51003026962
11599180000000,7.33790445328
11600110000000,6.96492052078
11601030000000,6.5985121727
11601960000000,6.29658031464
11602870000000,6.0298948288
11603740000000,5.77105236053
11604680000000,5.54235267639
11605630000000,5.33544445038
11606540000000,5.18220186234
11607490000000,5.06348752975
11608460000000,4.99358654022
11609420000000,4.97089290619
11610380000000,4.99805879593
11611350000000,5.07090139389
11612290000000,5.18789672852
