11499260000000,16.33177948
11500430000000,16.33177948
11501570000000,15.8111038208
11502680000000,15.3191776276
11503750000000,14.8291006088
11504850000000,14.3559331894
11505900000000,13.8912096024
11506950000000,13.448843956
11508000000000,13.0024967194
11509030000000,12.5680341721
11510070000000,12.120300293
11511090000000,11.685842514
11512100000000,11.2728147507
11513100000000,10.8562488556
11514080000000,10.453868866
11515090000000,10.0646219254
11516070000000,9.66647911072
11517000000000,9.29208755493
11517920000000,8.94114208221
11518890000000,8.61351776123
11519810000000,8.27318096161
11520740000000,7.9579706192
11521660000000,7.65109825134
11522590000000,7.58246803284
11523540000000,7.36125135422
11524460000000,7.07205486298
11525410000000,6.79893684387
11526360000000,6.59578847885
11527320000000,6.49138784409
11528240000000,6.43941783905
11529150000000,6.42629241943
11530120000000,6.44944572449
11531070000000,6.50752305984
11532030000000,6.59016799927
11532990000000,6.7070069313
11533920000000,6.84958791733
11534910000000,7.01299571991
