11812220000000,16.3955364227
11813380000000,15.8507108688
11814480000000,15.3477334976
11815570000000,14.8631315231
11816640000000,14.3922986984
11817740000000,13.9196338654
11818850000000,13.4369897842
11819970000000,12.9659070969
11821050000000,12.4840459824
11822110000000,12.0526647568
11823180000000,11.6120214462
11824240000000,11.1772212982
11825310000000,10.7567586899
11826400000000,10.3493337631
11827510000000,9.92595481873
11828550000000,9.49973392487
11829570000000,9.11277008057
11830570000000,8.91482067108
11831610000000,8.78606319427
11832580000000,8.39368057251
11833610000000,7.99773693085
11834660000000,7.55260181427
11835580000000,7.12555170059
11836550000000,6.76063537598
11837460000000,6.39348888397
11838400000000,6.051009655
11839370000000,5.69965457916
11840290000000,5.35902881622
11841280000000,5.06607294083
11842240000000,4.77277898788
11843150000000,4.5032081604
11844040000000,4.29680013657
11844960000000,4.11663103104
11845930000000,3.98069262505
11846840000000,3.88357567787
11847880000000,3.84057545662
11848860000000,3.85403513908
11849780000000,3.92307806015
11850710000000,4.04106140137
11851660000000,4.2005853653
11852570000000,4.40864276886
11853500000000,4.63715553284
