
11191390000000,16.3541793823
11192450000000,16.3542957306
11193480000000,16.3543815613
11194580000000,16.2479610443
11195590000000,15.7957143784
11196700000000,15.5489377975
11197680000000,15.6928138733
11198710000000,15.8335924149
11199660000000,15.9111633301
11200670000000,15.8959169388
11201640000000,15.9788761139
11202630000000,15.9461612701
11203660000000,15.4874038696
11204670000000,14.9726734161
11205660000000,14.4763145447
11206690000000,13.9870157242
11207680000000,13.4681434631
11208690000000,12.9906368256
11209610000000,12.4820127487
11210580000000,12.0376520157
11211550000000,11.5742177963
11212530000000,11.0958766937
11213430000000,10.6160068512
11214410000000,10.2130880356
11215310000000,9.76288032532
11216270000000,9.34454250336
11217220000000,8.88852977753
11218180000000,8.4527797699
11219060000000,8.03848934174
11220000000000,7.65862226486
11221020000000,7.25080299377
11221960000000,6.84385871887
11222870000000,6.49358320236
11223750000000,6.18630313873
11224640000000,5.90461874008
11225580000000,5.66429901123
11226500000000,5.45324707031
11227360000000,5.28267765045
11228290000000,5.1504983902
11229180000000,5.04581403732
11230090000000,4.98154973984
11231020000000,4.9576253891
11231950000000,4.97696113586
11232860000000,5.03653907776
11233670000000,5.05656957626
11234580000000,5.05657911301
11235480000000,5.05661153793
