
10626010000000,15.7924947739
10627130000000,15.7924413681
10628210000000,15.6888866425
10629330000000,15.1523256302
10630420000000,14.602648735
10631510000000,14.0530815125
10632570000000,13.5038461685
10633660000000,12.9743947983
10634700000000,12.4250011444
10635770000000,11.9151649475
10636830000000,11.3755807877
10637820000000,10.8460330963
10638820000000,10.3566360474
10639880000000,9.85661792755
10640860000000,9.32765674591
10641850000000,8.82840061188
10642820000000,8.34933757782
10643740000000,7.87238311768
10644700000000,7.41349077225
10645700000000,6.94423389435
10646640000000,6.46147727966
10647610000000,5.99155950546
10648560000000,5.52175426483
10649490000000,5.04181480408
10650400000000,4.57189702988
10651330000000,4.12178945541
10652260000000,3.65187215805
10653200000000,3.18207144737
10654110000000,2.72221374512
10655020000000,2.26297903061
10655920000000,1.81365847588
10656830000000,1.36410212517
10657750000000,1.00450742245
10658660000000,0.958321928978
10659570000000,1.04337906837
10660460000000,1.2073123455
10661350000000,1.58317756653
10662270000000,1.95487427711
10663200000000,2.33091259003
10664090000000,2.80083918571
10664950000000,3.26243638992
10665820000000,3.66846632957
10666720000000,4.10656738281
10667630000000,4.53498363495
10668500000000,4.97739839554
10669400000000,5.41189098358
10670330000000,5.86034250259
10671290000000,6.32179880142
10672140000000,6.79842185974
10673070000000,7.21641588211
10674020000000,7.6852889061
10674950000000,8.15510177612
10675880000000,8.62425899506
10676800000000,9.08344650269
10677700000000,9.55257225037
10678640000000,10.0021095276
10679580000000,10.4619407654
10680510000000,10.9310655594
10681470000000,11.4006404877
10682420000000,11.8704900742
10683380000000,12.2999763489
10684360000000,12.7877941132
10685390000000,13.2769060135
10686330000000,13.7908267975
10687320000000,14.2562961578
10688320000000,14.7558870316
10689320000000,14.9324197769
