11179930000000,16.4009819031
11181110000000,15.8108615875
11182210000000,15.2620811462
11183280000000,14.7704734802
11184380000000,14.2930021286
11185440000000,13.8032236099
11186500000000,13.3456029892
11187540000000,12.8973884583
11188600000000,12.4363136292
11189600000000,11.968963623
11190660000000,11.5494318008
11191650000000,11.0923891068
11192640000000,10.6851062775
11193660000000,10.2879562378
11194590000000,9.88006973267
11195580000000,9.51711082458
11196550000000,9.13995075226
11197510000000,8.78533267975
11198430000000,8.49892234802
11199370000000,8.18698883057
11200330000000,7.88464927673
11201270000000,7.6442861557
11202250000000,7.48269176483
11203200000000,7.26350164413
11204170000000,6.87858057022
11205070000000,6.43979501724
11206010000000,6.00690841675
11206950000000,5.54442358017
11207880000000,5.15147161484
11208810000000,4.79944372177
11209730000000,4.43265581131
11210630000000,3.98940181732
11211570000000,3.58330965042
11212510000000,3.1565926075
11213490000000,2.730676651
11214390000000,2.31340122223
11215350000000,1.932030797
11216290000000,1.49369716644
