11425010000000,16.6926612854
11426180000000,16.4159564972
11427250000000,15.9176425934
11428340000000,15.4225683212
11429430000000,15.2308702469
11430530000000,15.2074861526
11431620000000,15.3373565674
11432750000000,15.4732570648
11433790000000,15.4938364029
11434860000000,15.5316085815
11435910000000,15.1181507111
11436950000000,14.6662950516
11437960000000,14.2140893936
11439030000000,13.7723321915
11440000000000,13.3180561066
11441030000000,12.8781375885
11442000000000,12.4404411316
11443000000000,12.0142908096
11444070000000,11.574136734
11445050000000,11.1206121445
11446060000000,10.7051134109
11447010000000,10.2853717804
11447960000000,9.88781929016
11448940000000,9.50313568115
11449860000000,9.09904670715
11450840000000,8.74217224121
11451780000000,8.36116886139
11452730000000,8.00695037842
