
21248110000000,16.1226844788
21248860000000,15.8860149384
21249620000000,15.5418596268
21250370000000,15.1800537109
21251110000000,14.8471660614
21251820000000,14.5180435181
21252550000000,14.1791000366
21253280000000,13.8471565247
21254020000000,13.5062923431
21254700000000,13.1752109528
21255400000000,12.8633289337
21256110000000,12.525387764
21256800000000,12.2152423859
21257490000000,11.888001442
21258180000000,11.5980672836
21258890000000,11.2730474472
21259590000000,10.9577646255
21260250000000,10.6512956619
21260910000000,10.38367939
21261550000000,10.1865053177
21262230000000,9.96838760376
21262910000000,9.71926307678
21263550000000,9.47212409973
21264250000000,9.24186992645
21264920000000,9.01097679138
21265550000000,8.77522945404
21266200000000,8.57376861572
21266820000000,8.36105537415
21267450000000,8.24152183533
21268060000000,8.26096439362
21268710000000,8.25516605377
21269330000000,8.21773910522
21269940000000,8.2079334259
21270570000000,8.13753509521
21271230000000,8.32435321808
21271880000000,8.59748077393
21272560000000,8.88952732086
21273200000000,9.19200229645
21273840000000,9.44498825073
21274510000000,9.73396492004
21275170000000,10.0458869934
21275810000000,10.3588256836
21276490000000,10.6616420746
21277130000000,10.9873113632
21277800000000,11.3025026321
21278520000000,11.5974225998
21279160000000,11.94617939
21279860000000,12.2501354218
21280530000000,12.5658569336
21281230000000,12.8897886276
21281930000000,13.2094669342
21282640000000,13.5449266434
21283320000000,13.8710670471
21284030000000,14.2099895477
