10768740000000,16.6566791534
10769870000000,16.2597846985
10771020000000,15.732378006
10772140000000,15.3120927811
10773220000000,14.7886600494
10774310000000,14.2963657379
10775390000000,13.7796497345
10776460000000,13.2721319199
10777500000000,12.7743253708
10778560000000,12.2762899399
10779600000000,11.7986450195
10780610000000,11.2921199799
10781670000000,10.8239078522
10782710000000,10.3506555557
10783750000000,9.86019229889
10784740000000,9.35341739655
10785700000000,8.87586116791
10786680000000,8.42508029938
10787670000000,7.97821378708
10788660000000,7.52329301834
10789610000000,7.05100774765
10790610000000,6.61701202393
10791550000000,6.17137432098
10792500000000,5.73737287521
10793450000000,5.291264534
10794400000000,4.82837152481
10795310000000,4.37485027313
10796280000000,3.94977259636
10797160000000,3.48680138588
10798090000000,3.08042526245
10798990000000,2.63637447357
10799880000000,2.22069573402
10800770000000,1.79559898376
10801690000000,1.41768693924
10802630000000,1.6535834074
10803520000000,2.0186817646
10804460000000,2.38089609146
10805380000000,2.46519446373
10806300000000,2.51720237732
10807230000000,2.38184356689
10808190000000,2.23326778412
10809090000000,2.16673207283
10810020000000,2.32763338089
10810920000000,2.51635169983
10811810000000,2.73731279373
10812770000000,3.00261497498
10813680000000,3.21576857567
10814640000000,3.43546295166
10815570000000,3.69322967529
10816530000000,4.00433588028
10817480000000,4.35736131668
