
10888310000000,15.8042955399
10889350000000,15.8043375015
10890390000000,15.6272649765
10891420000000,15.1974697113
10892530000000,14.8476076126
10893560000000,14.9250650406
10894590000000,15.2812986374
10895560000000,15.5689659119
10896610000000,15.7125368118
10897660000000,15.931883812
10898700000000,16.0687484741
10899730000000,15.6621637344
10900710000000,15.2552785873
10901720000000,14.8207511902
10902720000000,14.3683748245
10903670000000,13.9368486404
10904700000000,13.5365686417
10905720000000,13.1060285568
10906680000000,12.6731357574
10907690000000,12.2881526947
10908690000000,11.8768863678
10909700000000,11.4816255569
10910680000000,11.0946178436
10911660000000,10.725610733
10912630000000,10.3590297699
10913630000000,9.99909496307
10914650000000,9.63881397247
10915590000000,9.27652740479
10916560000000,8.9483757019
10917550000000,8.64483070374
10918540000000,8.61714267731
