
21059860000000,16.0786952972
21060670000000,15.9605703354
21061450000000,15.5833473206
21062170000000,15.2217655182
21062910000000,14.8886137009
21063650000000,14.5476732254
21064360000000,14.2176513672
21065070000000,13.8786258698
21065750000000,13.5595846176
21066480000000,13.2595682144
21067200000000,12.9587059021
21067860000000,12.6440076828
21068590000000,12.3389501572
21069270000000,12.0254163742
21069920000000,11.7333135605
21070620000000,11.4689493179
21071290000000,11.1917476654
21071920000000,10.9189100266
21072560000000,10.6695413589
21073240000000,10.3985948563
21073940000000,10.1477899551
21074590000000,9.87054443359
21075240000000,9.61991119385
21075920000000,9.38875293732
21076550000000,9.12582397461
21077200000000,8.90458869934
21077820000000,8.68185806274
21078430000000,8.47829151154
21079040000000,8.3130235672
21079680000000,8.36641311646
21080330000000,8.33446598053
21080950000000,8.05950737
21081610000000,7.79364728928
21082260000000,7.48469352722
21082880000000,7.2118473053
21083500000000,6.97109031677
21084110000000,6.68998384476
21084710000000,6.43431854248
21085340000000,6.15236854553
21085940000000,5.8905916214
21086570000000,5.61724042892
21087180000000,5.32007217407
21087780000000,5.06465673447
21088410000000,4.78176736832
21089030000000,4.49609470367
21089630000000,4.21520900726
21090230000000,3.96227502823
21090850000000,3.69801354408
21091460000000,3.4466240406
21092060000000,3.26006913185
21092720000000,3.0479259491
21093340000000,2.74525380135
21093950000000,2.47210240364
21094580000000,2.18370604515
21095190000000,1.90220475197
21095800000000,1.62511992455
