
21320870000000,16.3020992279
21321620000000,16.0333747864
21322360000000,15.6928749084
21323100000000,15.3443403244
21323810000000,14.9956226349
21324540000000,14.8178596497
21325290000000,14.6347522736
21326010000000,14.4327602386
21326770000000,14.2256889343
21327500000000,14.028263092
21328270000000,13.7958164215
21328980000000,13.5029363632
21329730000000,13.251039505
21330460000000,12.9744110107
21331220000000,12.7286176682
21331920000000,12.4227743149
21332690000000,12.1616315842
21333420000000,11.8694591522
21334110000000,11.608127594
21334810000000,11.3677940369
21335570000000,11.1103515625
21336310000000,10.8672904968
21337020000000,10.618139267
21337760000000,10.3747386932
21338490000000,10.0907707214
21343710000000,9.81984233856
21344430000000,10.3039884567
21345160000000,10.4951133728
21345860000000,10.7160425186
21346560000000,10.9233217239
21347250000000,11.1304340363
21347970000000,11.3488168716
21348680000000,11.5782709122
21349390000000,11.813284874
21350120000000,12.0463457108
21350840000000,12.3042478561
21351560000000,12.5526771545
21352270000000,12.7905921936
21352970000000,13.0468206406
21353670000000,13.2994241714
21354360000000,13.5614328384
21355090000000,13.8117723465
21355790000000,14.0859050751
21356490000000,14.3410606384
21357210000000,14.6052846909
21357900000000,14.7353010178
21358630000000,14.9215202332
