10880940000000,16.443239212
10882040000000,15.9574270248
10883170000000,15.4160232544
10884300000000,14.933300972
10885400000000,14.4358167648
10886530000000,13.9504365921
10887600000000,13.4834089279
10888640000000,13.0225372314
10889660000000,12.5883541107
10890670000000,12.1711549759
10891720000000,11.7639484406
10892720000000,11.3341846466
10893720000000,10.9353961945
10894710000000,10.5164175034
10895690000000,10.1288642883
10896670000000,9.7487077713
10897640000000,9.37833404541
10898590000000,9.03073215485
10899570000000,8.67860412598
10900480000000,8.33747959137
10901410000000,8.03547859192
10902360000000,7.76381349564
10903320000000,7.51664161682
10904270000000,7.6217508316
10905190000000,7.78142595291
10906120000000,7.91469860077
10907050000000,7.90279245377
10908000000000,7.78116130829
10908960000000,7.55125522614
10909920000000,7.44078874588
10910870000000,7.35825300217
10911800000000,7.20454978943
10912730000000,7.09475040436
10913690000000,7.02249956131
10914640000000,6.98436021805
10915630000000,6.97563076019
10916580000000,7.00878953934
10917550000000,7.07678079605
10918510000000,7.18099498749
10919480000000,7.31664276123
