11345440000000,16.8490943909
11346580000000,16.7674942017
11347720000000,16.2574882507
11348890000000,15.9348926544
11349990000000,15.6416854858
11351100000000,15.5603885651
11352210000000,15.5990142822
11353300000000,15.6446819305
11354390000000,15.7569065094
11355500000000,15.4822235107
11356590000000,15.1085147858
11357610000000,14.6185369492
11358660000000,14.2054452896
11359730000000,13.8368005753
11360800000000,13.3927288055
11361870000000,12.9794893265
11362940000000,12.5502624512
11363990000000,12.129992485
11365010000000,11.7365694046
11366050000000,11.359205246
11367080000000,10.9896364212
11368120000000,10.6225786209
11369140000000,10.26603508
11370190000000,9.92107582092
11371210000000,9.58781433105
11372260000000,9.27616119385
11373280000000,8.97983551025
