
10768740000000,9.8450460434
10769870000000,9.4885931015
10771020000000,9.02164649963
10772140000000,8.63257217407
10773220000000,8.1224861145
10774310000000,7.64961338043
10775390000000,7.15781784058
10776460000000,6.67869615555
10777500000000,6.21332263947
10778560000000,5.75364112854
10779600000000,5.31958675385
10780610000000,4.86882162094
10781670000000,4.46330738068
10782710000000,4.07414007187
10783750000000,3.70236372948
10784740000000,3.35474443436
10785700000000,3.07068014145
10786680000000,2.8558382988
10787670000000,2.70198225975
10788660000000,2.61946702003
10789620000000,2.61900949478
10790610000000,2.69495224953
10791550000000,2.8508079052
10792500000000,3.07423353195
10793450000000,3.34930706024
10794400000000,3.66983509064
10795310000000,4.01092529297
10796280000000,4.34931945801
10797160000000,4.73383808136
10798090000000,5.08210420609
10798990000000,5.47184658051
10799880000000,5.84378051758
10800770000000,6.22990083694
10801690000000,6.57713222504
10802630000000,6.36063098907
10803520000000,6.00003957748
10804460000000,5.70001173019
10805380000000,5.59005451202
10806300000000,5.57426118851
10807230000000,5.85176897049
10808190000000,6.24807977676
10809090000000,6.58532333374
10810020000000,6.87808322906
10810920000000,7.16138935089
10811810000000,7.59355115891
10812770000000,8.02301120758
10813680000000,8.46850776672
10814640000000,8.89895153046
10815570000000,9.33776283264
10816530000000,9.76727294922
10817480000000,10.2260837555
