
10880940000000,9.60013008118
10882040000000,9.1461763382
10883170000000,8.64436244965
10884300000000,8.22322559357
10885400000000,7.81487703323
10886530000000,7.43058681488
10887600000000,7.08792066574
10888640000000,6.78768825531
10889660000000,6.53587770462
10890670000000,6.32391643524
10891720000000,6.14511728287
10892720000000,5.98051071167
10893720000000,5.86065006256
10894710000000,5.77261590958
10895690000000,5.72895050049
10896670000000,5.72435331345
10897640000000,5.75877761841
10898590000000,5.82791614532
10899570000000,5.93650341034
10900480000000,6.08093118668
10901410000000,6.25283670425
10902360000000,6.45318651199
10903320000000,6.65823411942
10904270000000,6.51922988892
10905190000000,6.36697769165
10906120000000,6.53092718124
10907050000000,6.60980939865
10908000000000,6.38353443146
10908960000000,6.0511059761
10909920000000,5.61130142212
10910870000000,5.19005584717
10911800000000,4.75777387619
10912730000000,4.32188796997
10913690000000,3.85735940933
10914640000000,3.39486455917
10915630000000,2.93484377861
10916580000000,2.47653603554
10917550000000,2.01219820976
10918510000000,1.56283736229
10919480000000,1.11430609226
