
21248110000000,9.32773780823
21248860000000,9.12532329559
21249620000000,8.83452987671
21250370000000,8.53370571136
21251110000000,8.26176071167
21251820000000,7.99812364578
21252550000000,7.73254919052
21253280000000,7.4789147377
21254020000000,7.22601222992
21254700000000,6.98851156235
21255400000000,6.77309560776
21256110000000,6.54966068268
21256800000000,6.35477495193
21257490000000,6.16086244583
21258180000000,6.00013780594
21258890000000,5.83362674713
21259590000000,5.68724441528
21260250000000,5.56179571152
21260910000000,5.46458339691
21261550000000,5.43993902206
21262230000000,5.46729850769
21262910000000,5.49023580551
21263550000000,5.51403617859
21264250000000,5.55732297897
21264920000000,5.61656093597
21265550000000,5.69715166092
21266200000000,5.7882938385
21266820000000,5.8991484642
21267450000000,5.9851603508
21268060000000,5.85873794556
21268710000000,5.7835559845
21269330000000,5.73837661743
21269940000000,5.67662191391
21270570000000,5.70244550705
21271230000000,5.69398927689
21271880000000,5.69629669189
21272560000000,5.71611785889
21273200000000,5.75491762161
21273840000000,5.79472923279
21274510000000,5.87159347534
21275170000000,5.97188425064
21275810000000,6.08843564987
21276490000000,6.2217707634
21277130000000,6.39385604858
21277800000000,6.58622503281
21278520000000,6.7678027153
21279160000000,7.01773643494
21279860000000,7.2481379509
21280530000000,7.49991083145
21281230000000,7.76793813705
21281930000000,8.03893375397
21282640000000,8.3294210434
21283320000000,8.61634254456
21284030000000,8.92140960693
