
10626010000000,9.04196357727
10627130000000,9.04191493988
10628210000000,8.94138431549
10629330000000,8.44355869293
10630420000000,7.93966245651
10631510000000,7.44253540039
10632570000000,6.95361661911
10633660000000,6.49127292633
10634700000000,6.02335357666
10635770000000,5.60241270065
10636830000000,5.17427825928
10637820000000,4.77615499496
10638820000000,4.43288898468
10639880000000,4.11281871796
10640860000000,3.81670165062
10641850000000,3.58665513992
10642820000000,3.42166733742
10643740000000,3.31713008881
10644700000000,3.27977609634
10645700000000,3.30807542801
10646640000000,3.39020490646
10647610000000,3.52669286728
10648560000000,3.71794271469
10649490000000,3.96162986755
10650400000000,4.23951816559
10651330000000,4.53528738022
10652260000000,4.86933708191
10653190000000,5.22427940369
10654110000000,5.58817481995
10655020000000,5.96486234665
10655920000000,6.34398651123
10656830000000,6.73215103149
10657750000000,7.05627346039
10658660000000,7.25550508499
10659570000000,7.17826938629
10660470000000,6.97381591797
10661350000000,6.70835733414
10662270000000,6.53771400452
10663200000000,6.25494623184
10664090000000,5.94376468658
10664950000000,5.69138908386
10665820000000,5.51245307922
10666720000000,5.33462285995
10667630000000,5.15109872818
10668500000000,4.98518180847
10669400000000,4.85120439529
10670330000000,4.77882099152
10671290000000,4.7399969101
10672140000000,4.74363994598
10673070000000,4.7844786644
10674020000000,4.87297677994
10674950000000,5.00445127487
10675880000000,5.17530202866
10676800000000,5.37696456909
10677700000000,5.61454916
10678640000000,5.8686208725
10679580000000,6.15139579773
10680510000000,6.46096611023
10681470000000,6.78927135468
10682420000000,7.13359546661
10683380000000,7.44920969009
10684360000000,7.81603288651
10685390000000,8.19661521912
10686330000000,8.60810756683
10687320000000,8.99376869202
10688320000000,9.41697883606
10689330000000,9.57524490356
