
21059860000000,9.26681804657
21060670000000,9.16765403748
21061450000000,8.85648918152
21062170000000,8.56418800354
21062910000000,8.30064964294
21063650000000,8.03728866577
21064360000000,7.78920650482
21065070000000,7.54218292236
21065750000000,7.31765174866
21066480000000,7.11449623108
21067200000000,6.9289393425
21067860000000,6.74541759491
21068590000000,6.57932949066
21069270000000,6.42206859589
21069920000000,6.28901100159
21070620000000,6.18227005005
21071290000000,6.09957361221
21071920000000,6.03364706039
21072560000000,5.98862123489
21073240000000,5.95672369003
21073940000000,5.94406890869
21074590000000,5.95017719269
21075240000000,5.97396755219
21075920000000,6.01242303848
21076550000000,6.07613611221
21077200000000,6.14705753326
21077820000000,6.23513650894
21078430000000,6.33111667633
21079040000000,6.40979814529
21079680000000,6.47885751724
21080330000000,6.44638586044
21080950000000,6.21616649628
21081610000000,6.00842761993
21082260000000,5.77434825897
21082880000000,5.58053255081
21083500000000,5.45896625519
21084110000000,5.30793333054
21084710000000,5.18697547913
21085340000000,5.07028484344
21085940000000,4.96632862091
21086570000000,4.91050863266
21087180000000,4.87353181839
21087780000000,4.87348890305
21088410000000,4.87957334518
21089030000000,4.90768003464
21089630000000,4.94952249527
21090230000000,5.00427532196
21090850000000,5.07609128952
21091460000000,5.16736602783
21092060000000,5.2278046608
21092720000000,5.33293294907
21093340000000,5.5821352005
21093950000000,5.81226825714
21094580000000,6.05782413483
21095190000000,6.30121564865
21095800000000,6.54261159897
