
10888310000000,9.12336921692
10889350000000,9.12340354919
10890390000000,8.97597789764
10891420000000,8.62667751312
10892530000000,8.39237117767
10893560000000,8.64681720734
10894590000000,9.12143039703
10895560000000,9.53828048706
10896610000000,9.87171936035
10897660000000,10.1378850937
10898700000000,10.2402973175
10899730000000,9.78318595886
10900710000000,9.29731845856
10901720000000,8.80674266815
10902720000000,8.28863334656
10903670000000,7.78941297531
10904700000000,7.32143163681
10905720000000,6.81212997437
10906680000000,6.29292440414
10907690000000,5.82430505753
10908690000000,5.31544113159
10909700000000,4.81704711914
10910680000000,4.31902170181
10911660000000,3.83538103104
10912630000000,3.35628557205
10913630000000,2.88319897652
10914650000000,2.39464497566
10915590000000,1.88686752319
10916560000000,1.41030466557
10917550000000,0.954203724861
10918540000000,0.923691809177
