
11345440000000,9.92671775818
11346580000000,9.85298728943
11347720000000,9.41405487061
11348890000000,9.20647716522
11349990000000,9.08361434937
11351100000000,9.18586730957
11352210000000,9.42140007019
11353300000000,9.63951206207
11354390000000,9.78831386566
11355500000000,9.55993556976
11356590000000,9.25916290283
11357610000000,8.78303050995
11358660000000,8.35953617096
11359730000000,7.93875694275
11360800000000,7.42080879211
11361870000000,6.93646383286
11362940000000,6.42756414413
11363990000000,5.91175079346
11365010000000,5.41752815247
11366050000000,4.93377304077
11367080000000,4.44933795929
11368120000000,3.95602631569
11369140000000,3.46295714378
11370190000000,2.96994996071
11371210000000,2.47568535805
11372260000000,1.99652957916
11373280000000,1.52001953125
