
11179930000000,9.5880651474
11181110000000,9.05631351471
11182210000000,8.57976722717
11183280000000,8.17259597778
11184380000000,7.7939863205
11185440000000,7.42477226257
11186500000000,7.11249876022
11187540000000,6.82879400253
11188600000000,6.56103610992
11189600000000,6.31826925278
11190660000000,6.12819242477
11191650000000,5.95594501495
11192640000000,5.83685255051
11193660000000,5.75441265106
11194590000000,5.70757198334
11195580000000,5.70250558853
11196550000000,5.74059438705
11197510000000,5.81700229645
11198430000000,5.97808170319
11199370000000,6.14910459518
11200330000000,6.32708883286
11201270000000,6.52176761627
11202250000000,6.55751943588
11203200000000,6.54435825348
11204170000000,6.27369737625
11205070000000,6.11384153366
11206010000000,6.02156543732
11206950000000,5.94623374939
11207880000000,5.91724348068
11208810000000,5.80318880081
11209730000000,5.7789607048
11210630000000,5.82409715652
11211570000000,5.88077163696
11212510000000,5.96419334412
11213490000000,6.07505893707
11214390000000,6.2063832283
11215350000000,6.42497682571
11216290000000,6.71603822708
