
11574980000000,9.99558353424
11576140000000,9.65442085266
11577240000000,9.25451183319
11578330000000,8.87897014618
11579420000000,8.50464630127
11580510000000,8.15615844727
11581540000000,7.81868124008
11582610000000,7.52431917191
11583670000000,7.23333501816
11584730000000,6.97581338882
11585730000000,6.73134660721
11586740000000,6.52967786789
11587740000000,6.35427284241
11588720000000,6.21692085266
11589720000000,6.11167383194
11590660000000,6.04091310501
11591610000000,6.00600671768
11592570000000,6.00400876999
11593520000000,6.0361905098
11594470000000,6.10010910034
11595450000000,6.20017242432
11596410000000,6.33249616623
11597310000000,6.49215459824
11598250000000,6.59853219986
11599180000000,6.74861764908
11600110000000,6.6918964386
11601030000000,6.75428104401
11601960000000,6.86480236053
11602870000000,7.06242990494
11603740000000,7.31556463242
11604680000000,7.57551002502
11605630000000,7.85044908524
11606540000000,8.1781463623
11607490000000,8.52015686035
11608460000000,8.87919044495
11609420000000,9.25603961945
11610380000000,9.64131736755
11611350000000,10.0340232849
11612290000000,10.4382181168
