
11191390000000,9.60894775391
11192450000000,9.60905838013
11193480000000,9.60913085938
11194580000000,9.52406597137
11195590000000,9.17551136017
11196700000000,8.9551153183
11197680000000,9.29321479797
11198710000000,9.60598278046
11199660000000,9.87944507599
11200670000000,9.96285629272
11201640000000,10.0236358643
11202630000000,9.99069499969
11203660000000,9.55711555481
11204670000000,9.10150623322
11205660000000,8.67018604279
11206690000000,8.25366306305
11207680000000,7.82120800018
11208690000000,7.43448877335
11209610000000,7.03402519226
11210580000000,6.70648908615
11211550000000,6.39123821259
11212530000000,6.08943128586
11213430000000,5.81291389465
11214410000000,5.60700082779
11215310000000,5.46082162857
11216270000000,5.36500740051
11217220000000,5.30267524719
11218180000000,5.29348230362
11219060000000,5.33353424072
11220000000000,5.40906715393
11221020000000,5.53726673126
11221960000000,5.71261930466
11222870000000,5.94548892975
11223750000000,6.20884752274
11224640000000,6.49779939651
11225580000000,6.8185749054
11226500000000,7.18117237091
11227360000000,7.5391201973
11228290000000,7.89007806778
11229180000000,8.27293395996
11230090000000,8.65478229523
11231020000000,9.04260635376
11231950000000,9.46301651001
11232860000000,9.86169910431
11233670000000,10.0606498718
11234580000000,10.0606584549
11235480000000,10.0607299805
