
11812220000000,9.60767936707
11813380000000,9.12899017334
11814480000000,8.66004943848
11815570000000,8.15770816803
11816640000000,7.66766119003
11817740000000,7.16163301468
11818850000000,6.64500761032
11819970000000,6.13808107376
11821050000000,5.61646127701
11822110000000,5.12374448776
11823180000000,4.61989593506
11824240000000,4.11653375626
11825310000000,3.62281179428
11826400000000,3.13713097572
11827510000000,2.62231779099
11828550000000,2.09304571152
11829570000000,1.60032999516
11830570000000,1.30145120621
11831610000000,1.14949202538
11832580000000,0.944228887558
11833610000000,0.984944343567
11834660000000,1.23595917225
11835580000000,1.61394250393
11836550000000,1.99394845963
11837450000000,2.40704727173
11838400000000,2.81606578827
11839370000000,3.25991034508
11840290000000,3.71782517433
11841280000000,4.13997030258
11842240000000,4.59986066818
11843150000000,5.07302808762
11844040000000,5.49066543579
11844960000000,5.92861509323
11845930000000,6.35743999481
11846840000000,6.81548309326
11847880000000,7.26467132568
11848860000000,7.75250768661
11849770000000,8.21205711365
11850710000000,8.66198730469
11851660000000,9.10226726532
11852570000000,9.56250762939
11853500000000,9.99426937103
