
11425010000000,9.77597808838
11426180000000,9.5356054306
11427250000000,9.14590644836
11428340000000,8.82897472382
11429430000000,8.71928882599
11430530000000,8.83860778809
11431620000000,9.13916683197
11432750000000,9.46385574341
11433790000000,9.62517642975
11434860000000,9.75886535645
11435910000000,9.48621368408
11436950000000,9.16468906403
11437960000000,8.8562412262
11439030000000,8.56871891022
11440000000000,8.28126716614
11441030000000,8.02162265778
11442000000000,7.78187227249
11443000000000,7.56843423843
11444070000000,7.37085342407
11445050000000,7.19424581528
11446060000000,7.05882406235
11447010000000,6.9499874115
11447960000000,6.87467002869
11448940000000,6.82926845551
11449860000000,6.8125500679
11450840000000,6.82563304901
11451780000000,6.8696641922
11452730000000,6.93992042542
