11499260000000,9.54529953003
11500430000000,9.54529953003
11501570000000,9.11490917206
11502680000000,8.7190694809
11503750000000,8.33707618713
11504850000000,7.98188066483
11505900000000,7.64747047424
11506950000000,7.34776878357
11508000000000,7.06995630264
11509030000000,6.82111787796
11510070000000,6.59009122849
11511090000000,6.39403438568
11512100000000,6.23685932159
11513100000000,6.11024618149
11514080000000,6.02119779587
11515090000000,5.96916818619
11516070000000,5.95318937302
11517000000000,5.97470235825
11517920000000,6.02902650833
11518890000000,6.1103682518
11519810000000,6.22882795334
11520740000000,6.37068367004
11521660000000,6.54064512253
11522590000000,6.62583351135
11523540000000,6.4016866684
11524460000000,6.04836750031
11525410000000,5.70265436172
11526360000000,5.29920387268
11527320000000,4.87530851364
11528240000000,4.4374961853
11529150000000,3.97936415672
11530120000000,3.56948781013
11531070000000,3.10386347771
11532030000000,2.67602348328
11532990000000,2.22291755676
11533920000000,1.78090834618
11534910000000,1.35397624969
