
10976620000000,9.6662902832
10977720000000,9.21140670776
10978850000000,8.75531291962
10979980000000,8.3242225647
10981020000000,7.90562152863
10982130000000,7.55877256393
10983180000000,7.20765161514
10984260000000,6.89344215393
10985300000000,6.59895277023
10986320000000,6.33343267441
10987380000000,6.11565208435
10988400000000,5.91788721085
10989400000000,5.76672697067
10990400000000,5.68627643585
10991390000000,5.62212085724
10992380000000,5.60183048248
10993350000000,5.62309598923
10994290000000,5.68230009079
10995220000000,5.77584028244
10996160000000,5.90283536911
10997110000000,6.06118535995
10998060000000,6.24424934387
10999010000000,6.54329299927
10999940000000,6.65790128708
11000880000000,6.46300554276
11001860000000,6.4228477478
11002760000000,6.64862632751
11003690000000,6.87745857239
11004620000000,7.12254142761
11005570000000,7.39244365692
11006490000000,7.71183490753
11007440000000,8.07319355011
11008390000000,8.43834590912
11009320000000,8.79971790314
11010250000000,9.17036628723
11011190000000,9.54043483734
11012130000000,9.91053199768
11013080000000,10.2826480865
