
21159370000000,9.28267288208
21160160000000,9.188539505
21160890000000,8.89450454712
21161620000000,8.68436431885
21162390000000,8.32595825195
21163170000000,7.95770168304
21163890000000,7.57915353775
21164650000000,7.22709226608
21165360000000,6.84598588943
21166120000000,6.53005456924
21166840000000,6.16976499557
21167540000000,5.80926990509
21168260000000,5.4778752327
21169000000000,5.12703227997
21169720000000,4.75673246384
21170400000000,4.41588258743
21171120000000,4.0747218132
21171820000000,3.73354411125
21172530000000,3.40213418007
21173260000000,3.03171420097
21173980000000,2.68079066277
21174670000000,2.39270448685
21175400000000,2.18090581894
21176070000000,1.94246077538
21176750000000,1.70738387108
21177430000000,1.50466537476
21178110000000,1.36083638668
21178760000000,1.28810095787
21179390000000,1.29556810856
21180060000000,1.37565147877
21180690000000,1.5168504715
21181360000000,1.70403516293
21182030000000,1.93843734264
21182660000000,2.19004368782
21183330000000,2.44975423813
21183970000000,2.7204618454
21184600000000,3.01678276062
21185240000000,3.29212665558
21185840000000,3.58134794235
21186480000000,3.85170316696
21187120000000,4.14262628555
21187730000000,4.43571996689
21188350000000,4.7050819397
21188970000000,4.95078420639
21189610000000,5.23627090454
21190220000000,5.53819847107
21190870000000,5.83120346069
21191580000000,6.13375329971
