
11075480000000,9.99029350281
11076610000000,9.54802322388
11077740000000,9.07329559326
11078870000000,8.56592464447
11080000000000,8.02645397186
11081120000000,7.49621772766
11082200000000,6.93720149994
11083290000000,6.42746210098
11084380000000,5.90481185913
11085470000000,5.38289117813
11086550000000,4.86269903183
11087580000000,4.33047151566
11088630000000,3.8284766674
11089720000000,3.32697033882
11090770000000,2.81704354286
11091830000000,2.29932761192
11092860000000,1.79442572594
11093910000000,1.37996518612
11094960000000,1.15646421909
11095990000000,0.821456491947
11096950000000,0.480440884829
11097920000000,0.311753839254
11098910000000,0.580276787281
11099890000000,1.00373923779
11100810000000,1.46715402603
11101780000000,1.89923918247
11102720000000,2.36022663116
11103660000000,2.8075299263
11104590000000,3.2569565773
11105490000000,3.70363068581
11106420000000,4.09060382843
11107350000000,4.49935388565
11108260000000,4.92884302139
11109140000000,5.36620187759
11110090000000,5.76544618607
11111000000000,6.21627998352
