
20959980000000,9.5711145401
20960750000000,9.40740680695
20961510000000,9.092420578
20962310000000,8.76955795288
20963080000000,8.4362783432
20963850000000,8.14112567902
20964590000000,7.82658290863
20965380000000,7.54884338379
20966080000000,7.25505447388
20966780000000,6.99233865738
20967480000000,6.74303293228
20968160000000,6.50272130966
20968880000000,6.27261543274
20969570000000,6.05070877075
20970280000000,5.84023427963
20970950000000,5.63795804977
20971610000000,5.46969270706
20972330000000,5.31481838226
20972980000000,5.15268707275
20973650000000,5.02893638611
20974340000000,4.91625642776
20975020000000,4.82366895676
20975700000000,4.74804925919
20976360000000,4.70100688934
20977000000000,4.67582321167
20977630000000,4.67179298401
20978270000000,4.68790721893
20978900000000,4.72466611862
20979540000000,4.78190946579
20980170000000,4.8569984436
20980800000000,4.94670009613
20981410000000,5.04462432861
20982070000000,5.17331552505
20982710000000,5.31684541702
20983320000000,5.43116903305
20983940000000,5.66254234314
20984550000000,5.84671163559
20985160000000,6.06014490128
20985780000000,6.28004550934
20986380000000,6.50754308701
20987010000000,6.72269535065
20987590000000,6.93069791794
20988180000000,7.14537143707
20988820000000,7.3628282547
20989460000000,7.59730291367
20990070000000,7.83808326721
20990670000000,8.04925251007
20991290000000,8.28352737427
20991970000000,8.53109073639
20992590000000,8.84167480469
20993190000000,9.11241912842
20993830000000,9.2121629715
20994470000000,9.22442150116
20995110000000,9.30456352234
20995740000000,9.28862476349
20996360000000,9.32746219635
20996950000000,9.12769794464
20997570000000,8.84352302551
20998230000000,8.55874252319
20998910000000,8.25168228149
20999550000000,7.91896724701
21000170000000,7.61477184296
21000770000000,7.33025026321
21001380000000,7.03557729721
21006760000000,6.7411699295
21007370000000,4.18364238739
21007990000000,3.9097070694
21008590000000,3.60759687424
21009200000000,3.32587838173
21009830000000,3.0435655117
21010420000000,2.7438762188
21011040000000,2.48193621635
21011740000000,2.1842610836
21012410000000,1.87022709846
21013060000000,1.56031286716
