
11011060000000,9.96157073975
11012100000000,9.96167945862
11013210000000,9.95361328125
11014260000000,9.50277137756
11015280000000,9.11578941345
11016300000000,9.07657909393
11017350000000,9.34041690826
11018320000000,9.62008953094
11019320000000,9.90756320953
11020380000000,10.0004301071
11021440000000,9.79470729828
11022450000000,9.33832836151
11023490000000,8.93901348114
11024480000000,8.54227352142
11025430000000,8.19438266754
11026400000000,7.88538312912
11027380000000,7.58479595184
11028360000000,7.31544113159
11029340000000,7.05899953842
11030290000000,6.83204507828
11031210000000,6.64944553375
11032150000000,6.49097013474
11033110000000,6.38507556915
11034060000000,6.31947660446
11034940000000,6.29617977142
11035880000000,6.3077378273
11036770000000,6.35465669632
11037740000000,6.4343252182
11038690000000,6.55493593216
11039620000000,6.70201158524
11040560000000,6.74561309814
