
10787850000000,9.04715061188
10788910000000,9.04713726044
10789910000000,9.04712581635
10790980000000,9.03106117249
10791990000000,8.59251403809
10793030000000,8.14061260223
10794010000000,7.67629146576
10795040000000,7.24419021606
10796050000000,6.807076931
10797090000000,6.42993164062
10798050000000,6.09247112274
10799020000000,5.86931324005
10799990000000,5.55762434006
10800920000000,5.27105760574
10801880000000,5.02528572083
10802810000000,4.80200481415
10803750000000,4.62560176849
10804710000000,4.50606632233
10805640000000,4.50056171417
10806560000000,4.5705947876
10807480000000,4.72547721863
10808420000000,4.97512054443
10809270000000,5.29257154465
10810210000000,5.61016082764
10811180000000,5.97565984726
10812130000000,6.3632144928
10813060000000,6.52679157257
10813980000000,6.39930200577
10814920000000,6.28757381439
10815820000000,6.04027414322
10816780000000,5.68415737152
10817600000000,5.21977472305
10818520000000,4.82639217377
10819370000000,4.37466239929
10820330000000,3.95646214485
10821220000000,3.46534395218
10822160000000,3.04840993881
10823140000000,2.56972885132
10824110000000,2.10361647606
10824990000000,1.61928975582
10825980000000,1.18816626072
10826980000000,0.773746848106
