
21320870000000,9.57046031952
21321620000000,9.35213756561
21322360000000,9.07227420807
21323100000000,8.79096698761
21323810000000,8.51413726807
21324540000000,8.4113483429
21325290000000,8.23676967621
21326010000000,7.92954540253
21326770000000,7.63841867447
21327500000000,7.37275648117
21328270000000,7.07239961624
21328980000000,6.70975160599
21329730000000,6.39493465424
21330460000000,6.04475927353
21331220000000,5.73364162445
21331920000000,5.35778141022
21332690000000,5.03346395493
21333420000000,4.66664028168
21334110000000,4.33470535278
21334810000000,4.03415441513
21335570000000,3.70602321625
21336310000000,3.39938926697
21337020000000,3.08738064766
21337760000000,2.82507944107
21338490000000,2.51912069321
21343710000000,2.18818163872
21344430000000,2.88699173927
21345160000000,3.18161725998
21345860000000,3.5163731575
21346560000000,3.82476353645
21347250000000,4.12727737427
21347970000000,4.44072198868
21348680000000,4.76441144943
21349390000000,5.09026956558
21350120000000,5.40820503235
21350840000000,5.75455904007
21351560000000,6.08332061768
21352270000000,6.3940782547
21352970000000,6.72438764572
21353670000000,7.04613494873
21354360000000,7.37624263763
21355090000000,7.68836116791
21355790000000,8.02696418762
21356490000000,8.33889293671
21357210000000,8.61475276947
21357900000000,8.83392715454
21358630000000,9.12673282623
