
11944220000000,11.8958082199
11945000000000,11.8958320618
11945810000000,11.8958559036
11946560000000,11.8556957245
11947330000000,11.5019865036
11948050000000,11.1083869934
11948770000000,10.7717294693
11949500000000,10.4006948471
11950210000000,10.0609178543
11950900000000,9.69253063202
11951590000000,9.35663318634
11952270000000,8.97491264343
11952940000000,8.66068649292
11953590000000,8.31965637207
11954260000000,7.97305345535
11954930000000,7.63443946838
11955590000000,7.31653499603
11956260000000,6.97144985199
11956940000000,6.68031215668
11957580000000,6.33809375763
11958230000000,6.01259183884
11958860000000,5.69827747345
11959530000000,5.34277868271
11960170000000,4.9766087532
11960800000000,4.63936519623
11961450000000,4.32257699966
11962100000000,3.98188018799
11962760000000,3.63153862953
11963390000000,3.36077904701
11964060000000,3.01719284058
11964700000000,2.72667837143
11965350000000,2.3791615963
11965990000000,1.98445415497
11966670000000,1.62082636356
11967270000000,1.29156684875
11967950000000,0.979895472527
11968550000000,0.663940131664
11969210000000,0.45204821229
