
11684650000000,11.8212661743
11685410000000,11.8212461472
11686220000000,11.821228981
11686990000000,11.7169628143
11687750000000,11.3514261246
11688560000000,11.0043773651
11689300000000,10.7755794525
11690030000000,10.4891366959
11690750000000,10.2975225449
11691450000000,10.1495523453
11692140000000,10.0262680054
11692890000000,9.9174747467
11693560000000,9.86091041565
11694220000000,9.79630088806
11694900000000,9.78343009949
11695590000000,9.80107975006
11696280000000,9.74102401733
11696950000000,9.76630687714
11697640000000,9.73934555054
11698260000000,9.81150245667
11698910000000,9.95073127747
11699540000000,10.260222435
11700190000000,10.6210613251
11700810000000,11.0020055771
11701460000000,11.3541898727
11702110000000,11.7010593414
11702750000000,12.0065164566
11703380000000,12.335858345
11704000000000,12.6857805252
11704650000000,13.1513662338
11705270000000,13.5154819489
11705930000000,13.9115629196
11706590000000,14.4526977539
11707250000000,14.6931352615
11707850000000,14.9553422928
11708500000000,15.2200784683
11709160000000,15.3200101852
11709800000000,15.3199634552
11710500000000,15.275803566
