
11803570000000,13.904794693
11804350000000,13.8849945068
11805110000000,13.8642263412
11805880000000,13.8555145264
11806670000000,13.7185945511
11807450000000,13.402130127
11808210000000,13.1150627136
11808920000000,12.8659772873
11809620000000,12.6906671524
11810340000000,12.4957838058
11811030000000,12.3630304337
11811760000000,12.2552709579
11812450000000,12.1540756226
11813110000000,12.1020593643
11813790000000,12.0537519455
11814470000000,11.9972991943
11815140000000,12.0029907227
11815800000000,12.0327539444
11816440000000,12.0591125488
11817080000000,12.164899826
11817730000000,12.2517604828
11818360000000,12.4499998093
11819030000000,12.7481374741
11819670000000,13.0667324066
11820310000000,13.4314374924
11820960000000,13.7925481796
11821660000000,14.1096220016
11822300000000,14.4587755203
11822940000000,14.7741537094
11823590000000,15.1025838852
11824220000000,15.4090843201
11824900000000,15.7907009125
11825570000000,16.2617740631
11826220000000,16.7046947479
11826850000000,17.0024662018
11827510000000,17.3411998749
11828130000000,17.5847244263
11828780000000,17.8212337494
11829440000000,17.81914711
