
19799380000000,12.1436872482
19799970000000,12.0543823242
19800570000000,11.8198738098
19801100000000,11.6310443878
19801640000000,11.4927310944
19802170000000,11.2974948883
19802710000000,11.1406612396
19803220000000,10.9677190781
19803730000000,10.836894989
19804250000000,10.6774320602
19804760000000,10.5253887177
19805270000000,10.4033660889
19805770000000,10.2837963104
19806230000000,10.1655664444
19806720000000,10.0953588486
19807180000000,9.99678421021
19807650000000,9.92744064331
19808110000000,9.87100124359
19808640000000,9.81303596497
19809110000000,9.7724237442
19809590000000,9.73948383331
19810080000000,9.71400165558
19810540000000,9.71525192261
19810990000000,9.71964931488
19811430000000,9.7405462265
19811900000000,9.75646114349
19812360000000,9.8160161972
19812820000000,9.88165473938
19813260000000,9.9670085907
19813710000000,10.0437307358
19814150000000,10.1780281067
19814600000000,10.2959499359
19815050000000,10.496506691
19815470000000,10.6737251282
19815910000000,10.9265880585
19816340000000,11.1483640671
19816820000000,11.3701620102
19817250000000,11.6075601578
19817700000000,11.8159999847
19818140000000,12.0742168427
19818580000000,12.2629165649
19819050000000,12.5072317123
19819500000000,12.6944236755
19819970000000,12.9498243332
19820420000000,13.1867647171
19820870000000,13.3948907852
19821330000000,13.6150035858
19821750000000,13.8510751724
19822170000000,14.0816688538
19822600000000,14.2210512161
19823040000000,14.4270381927
19823470000000,14.5907335281
19823970000000,14.8066606522
19824430000000,15.002366066
19824870000000,15.192896843
19825360000000,15.3707761765
