
19571580000000,12.1760520935
19572140000000,11.9275608063
19572690000000,11.6559257507
19573220000000,11.3722543716
19573740000000,11.144826889
19574240000000,10.8876895905
19574780000000,10.6420812607
19575280000000,10.4100322723
19575770000000,10.1351451874
19576280000000,9.92315578461
19576760000000,9.66553401947
19577260000000,9.43398571014
19577770000000,9.3049993515
19578270000000,9.09531021118
19578730000000,8.84766769409
19579180000000,8.64588832855
19579670000000,8.42796230316
19580140000000,8.20886325836
19580590000000,7.98344516754
19581060000000,7.80148696899
19581490000000,7.53504705429
19581950000000,7.32983636856
19582410000000,7.13990259171
19582850000000,6.9175863266
19583320000000,6.69807338715
19583770000000,6.46053123474
19584220000000,6.24751377106
19584700000000,6.07576084137
19585140000000,5.92772340775
19585570000000,5.70764541626
19586030000000,5.49968385696
19586480000000,5.26305341721
19586910000000,5.04734754562
19587340000000,4.83520555496
19587830000000,4.649330616
19588270000000,4.38900947571
19588700000000,4.19035196304
19589190000000,3.98597478867
19589630000000,3.75250530243
19590080000000,3.5396335125
19590520000000,3.28867888451
19591000000000,3.0552277565
19591440000000,2.81014442444
19591870000000,2.6109597683
19592330000000,2.48411870003
19592790000000,2.26990818977
19593240000000,2.03408503532
19593680000000,1.84525597095
19594120000000,1.66354691982
19594550000000,1.46409785748
19594990000000,1.27625787258
19595450000000,1.07672357559
19595910000000,0.852616667747
