
19730700000000,11.9482736588
19731250000000,11.7404460907
19731780000000,11.5396842957
19732310000000,11.295042038
19732840000000,11.1159543991
19733380000000,10.9135360718
19733900000000,10.7605705261
19734410000000,10.6277132034
19734920000000,10.481092453
19735440000000,10.3628492355
19735940000000,10.2404298782
19736440000000,10.1400136948
19736920000000,10.041680336
19737420000000,9.97169780731
19737890000000,9.89122581482
19738350000000,9.83762359619
19738840000000,9.78842926025
19739310000000,9.76640129089
19739810000000,9.73542308807
19740280000000,9.72508049011
19740750000000,9.72764396667
19741200000000,9.75559711456
19741660000000,9.79840373993
19742170000000,9.86712265015
19742620000000,9.87047767639
19743090000000,9.94961357117
19743530000000,10.0224628448
19743960000000,10.0758962631
19744410000000,10.1773118973
19744860000000,10.2165298462
19745300000000,10.2543439865
19745730000000,10.3928279877
19746170000000,10.5323553085
19746580000000,10.7388458252
19747010000000,10.8973741531
19747430000000,11.1346063614
19747870000000,11.3608207703
19748320000000,11.5874071121
19748750000000,11.7811861038
19749220000000,11.9934806824
19749650000000,12.2490262985
19750080000000,12.4347581863
19750510000000,12.5940570831
19750970000000,12.7596931458
19751400000000,12.9824476242
19751880000000,13.1544389725
19752320000000,13.3961524963
19752770000000,13.6840391159
19753200000000,13.8929519653
19753660000000,14.1352624893
19754120000000,14.3554677963
19754550000000,14.5759458542
19754990000000,14.8119373322
19755410000000,15.0047874451
19755820000000,15.1951169968
