
11021470000000,12.3229494095
11022260000000,11.970500946
11023010000000,11.5943965912
11023770000000,11.1918792725
11024500000000,10.8557786942
11025250000000,10.5294466019
11025950000000,10.1501989365
11026640000000,9.78884410858
11027350000000,9.43156719208
11028020000000,9.08051681519
11028690000000,8.74520874023
11029330000000,8.39232444763
11029980000000,8.07555007935
11030650000000,7.76976251602
11031300000000,7.43106222153
11031980000000,7.10164070129
11032630000000,6.76502561569
11033240000000,6.47048711777
11033860000000,6.16686248779
11034530000000,5.81856298447
11035180000000,5.51437473297
11035820000000,5.16743040085
11036470000000,4.83826637268
11037120000000,4.49463605881
11037750000000,4.17329788208
11038380000000,3.88148021698
11039020000000,3.59112763405
11039680000000,3.49092483521
11040320000000,3.22885918617
11040990000000,2.87710404396
11041630000000,2.28755331039
11042260000000,1.88275277615
11042890000000,1.52301943302
11043500000000,1.22425675392
