
13640250000000,11.9522886276
13640970000000,11.5042743683
13641750000000,11.2067327499
13642500000000,10.8199195862
13643220000000,10.5084104538
13643970000000,10.109995842
13644670000000,9.680103302
13645350000000,9.38697242737
13646040000000,9.06853485107
13646750000000,8.70302677155
13647480000000,8.36209392548
13648150000000,8.00346565247
13648800000000,7.65796232224
13649450000000,7.34642553329
13650110000000,7.0206990242
13650750000000,6.69172239304
13651400000000,6.3803896904
13652040000000,6.09262466431
13652640000000,5.73175382614
13653300000000,5.39411735535
13653910000000,5.00516319275
13654570000000,4.6629781723
13655200000000,4.33457326889
13655830000000,4.05822277069
13656480000000,3.75023794174
13657110000000,3.43322730064
13657790000000,3.14469861984
13658440000000,2.83163428307
13659050000000,2.23815703392
13659700000000,1.84539020061
13660310000000,1.454449296
13660940000000,1.15597403049
13661550000000,0.834036946297
