
19799380000000,14.4234294891
19799970000000,14.3440294266
19800570000000,14.1253967285
19801100000000,13.9141407013
19801640000000,13.7931079865
19802170000000,13.5680990219
19802710000000,13.4306049347
19803220000000,13.2545032501
19803730000000,13.1500196457
19804250000000,12.9845924377
19804760000000,12.8148851395
19805270000000,12.6920347214
19805770000000,12.5937166214
19806230000000,12.4489421844
19806720000000,12.3943338394
19807180000000,12.28602314
19807650000000,12.2157154083
19808110000000,12.1440286636
19808640000000,12.0859804153
19809110000000,12.0556087494
19809590000000,12.0147848129
19810080000000,11.9915418625
19810540000000,12.0013332367
19810990000000,12.0119791031
19811430000000,12.0287485123
19811900000000,12.0408210754
19812360000000,12.1058568954
19812820000000,12.169377327
19813260000000,12.2642297745
19813710000000,12.3222560883
19814150000000,12.4776849747
19814600000000,12.5934906006
19815050000000,12.778834343
19815470000000,12.9667987823
19815910000000,13.2062177658
19816340000000,13.427816391
19816820000000,13.6466846466
19817250000000,13.9002733231
19817700000000,14.1159114838
19818140000000,14.3608951569
19818580000000,14.5648460388
19819050000000,14.7941188812
19819500000000,14.9834318161
19819970000000,15.2368383408
19820420000000,15.4816083908
19820870000000,15.6827287674
19821330000000,15.8996734619
19821750000000,16.1275653839
19822170000000,16.3466396332
19822600000000,16.4964618683
19823040000000,16.7138156891
19823470000000,16.865896225
19823970000000,17.0921974182
19824430000000,17.2988834381
19824870000000,17.4829788208
19825360000000,17.6462402344
