
13701360000000,14.7055616379
13702130000000,14.3580007553
13702940000000,14.0310935974
13703660000000,13.6365938187
13704380000000,13.3130970001
13705140000000,12.9669399261
13705840000000,12.7124900818
13706530000000,12.4911155701
13707270000000,12.2875823975
13708020000000,12.0982627869
13708700000000,11.9426965714
13709380000000,11.8408107758
13710050000000,11.7125263214
13710720000000,11.6526765823
13711370000000,11.6278944016
13712050000000,11.6101255417
13712690000000,11.6618909836
13713340000000,11.7346162796
13713970000000,11.8032035828
13714610000000,11.9805440903
13715230000000,12.1993913651
13715870000000,12.5241441727
13716550000000,12.9076881409
13717180000000,13.3412656784
13717830000000,13.6912164688
13718460000000,14.0419235229
13719110000000,14.2919130325
13719740000000,14.6059875488
13720400000000,15.0112409592
13721050000000,15.3902177811
13721680000000,15.8064556122
13722290000000,16.1333007812
13722930000000,16.5061149597
13723560000000,16.8060779572
13724190000000,17.0915317535
