
12176040000000,11.6871290207
12176830000000,11.687081337
12177610000000,11.6870365143
12178400000000,11.6668052673
12179150000000,11.3539476395
12179910000000,11.1217679977
12180640000000,10.8496541977
12181390000000,10.6694030762
12182180000000,10.4244880676
12182880000000,10.2322731018
12183580000000,10.0758523941
12184280000000,9.93782711029
12184990000000,9.82916641235
12185670000000,9.73303413391
12186350000000,9.68143844604
12187030000000,9.65853500366
12187690000000,9.67929172516
12188350000000,9.71854400635
12189050000000,9.75621032715
12189680000000,9.84980869293
12190320000000,10.0042133331
12190950000000,10.2638311386
12191590000000,10.569234848
12192250000000,10.9013109207
12192880000000,11.2175445557
12193550000000,11.5680646896
12194200000000,11.9353628159
12194830000000,12.2491092682
12195490000000,12.5810098648
12196140000000,12.9186086655
12196760000000,13.28586483
12197420000000,13.6856079102
12198050000000,14.0859727859
12198690000000,14.4151468277
12199340000000,14.7402076721
12199980000000,15.0611667633
12200610000000,15.33182621
12201240000000,15.4008903503
