
11151960000000,12.4030313492
11152740000000,12.369977951
11153540000000,11.9691591263
11154300000000,11.5877761841
11155050000000,11.1998968124
11155770000000,10.822142601
11156460000000,10.4331912994
11157180000000,10.0835475922
11157860000000,9.75029468536
11158560000000,9.3917760849
11159270000000,9.02646255493
11159970000000,8.68212032318
11160620000000,8.32442855835
11161290000000,7.98604297638
11161940000000,7.65695667267
11162610000000,7.33316612244
11163240000000,6.99780273438
11163890000000,6.69186258316
11164540000000,6.37400388718
11165170000000,6.06569337845
11165820000000,5.73008441925
11166470000000,5.32894229889
11167170000000,4.99236011505
11167830000000,4.65066337585
11168460000000,4.31352758408
11169110000000,4.02098464966
11169730000000,3.7492108345
11170340000000,3.42388224602
11170970000000,3.14502096176
11171640000000,2.86261701584
11172270000000,2.38768386841
11172900000000,1.85784959793
11173560000000,1.52380084991
11174180000000,1.19157314301
