
11151960000000,12.2072353363
11152740000000,12.1714496613
11153540000000,11.7944726944
11154300000000,11.4372587204
11155050000000,11.166932106
11155770000000,10.9246387482
11156460000000,10.6723184586
11157180000000,10.4571723938
11157860000000,10.2760124207
11158560000000,10.1110744476
11159270000000,9.95370578766
11159970000000,9.83056163788
11160620000000,9.72875499725
11161290000000,9.66009140015
11161940000000,9.63286113739
11162610000000,9.62342643738
11163240000000,9.64382839203
11163890000000,9.68445968628
11164540000000,9.77133464813
11165170000000,9.88122463226
11165820000000,10.1420660019
11166470000000,10.4691343307
11167170000000,10.8289480209
11167830000000,11.2198848724
11168460000000,11.5774497986
11169110000000,11.8841218948
11169730000000,12.2397184372
11170340000000,12.5461769104
11170970000000,12.9024877548
11171640000000,13.2833986282
11172270000000,13.6786613464
11172900000000,14.0921707153
11173560000000,14.4728269577
11174180000000,14.7267932892
