
19730700000000,12.3231372833
19731250000000,12.1220970154
19731780000000,11.8949375153
19732310000000,11.6340150833
19732840000000,11.4184589386
19733380000000,11.161532402
19733900000000,10.9292125702
19734410000000,10.7065858841
19734920000000,10.4718046188
19735440000000,10.1829509735
19735940000000,9.95335674286
19736440000000,9.70572280884
19736920000000,9.47076416016
19737420000000,9.27365398407
19737890000000,9.03244400024
19738350000000,8.79644966125
19738840000000,8.58905792236
19739310000000,8.34681987762
19739810000000,8.16089344025
19740280000000,7.91458463669
19740750000000,7.69822025299
19741200000000,7.47830963135
19741660000000,7.28563737869
19742170000000,7.05443429947
19742620000000,6.89642190933
19743090000000,6.66159963608
19743530000000,6.44007158279
19743960000000,6.2481212616
19744410000000,6.11340713501
19744860000000,5.9163942337
19745300000000,5.73063135147
19745730000000,5.51691389084
19746170000000,5.32675409317
19746580000000,5.11063575745
19747010000000,4.93055438995
19747430000000,4.7275147438
19747870000000,4.56166744232
19748320000000,4.3256816864
19748750000000,4.14439678192
19749220000000,3.94892001152
19749650000000,3.70329999924
19750080000000,3.4905090332
19750510000000,3.31123566628
19750970000000,3.11563301086
19751400000000,2.89524674416
19751870000000,2.68026614189
19752320000000,2.46107959747
19752770000000,2.20235157013
19753200000000,1.98629152775
19753660000000,1.76865923405
19754120000000,1.54404878616
19754550000000,1.33073353767
19754990000000,1.11914980412
19755410000000,0.910861968994
19755820000000,0.719519376755
