
11944220000000,13.9024753571
11945000000000,13.9024991989
11945810000000,13.9025230408
11946560000000,13.8962078094
11947330000000,13.5279064178
11948050000000,13.237452507
11948770000000,12.9245166779
11949500000000,12.7335891724
11950210000000,12.5026464462
11950900000000,12.3385381699
11951590000000,12.1641540527
11952270000000,12.0456752777
11952940000000,11.9385938644
11953590000000,11.8603038788
11954260000000,11.8199205399
11954930000000,11.8155078888
11955590000000,11.8058948517
11956260000000,11.8168792725
11956940000000,11.9010515213
11957580000000,12.0260734558
11958230000000,12.180355072
11958860000000,12.4353265762
11959530000000,12.7620887756
11960170000000,13.2096567154
11960800000000,13.5693073273
11961450000000,13.8928384781
11962100000000,14.2355775833
11962760000000,14.5716276169
11963390000000,14.8582687378
11964060000000,15.132349968
11964700000000,15.4307861328
11965350000000,15.8226118088
11965990000000,16.2751960754
11966670000000,16.5789585114
11967270000000,16.9482936859
11967950000000,17.187921524
11968550000000,17.5240707397
11969210000000,17.7819766998
