
19468240000000,13.1328477859
19468800000000,12.9510316849
19469430000000,12.7203798294
19470010000000,12.4071149826
19470560000000,12.1423559189
19471110000000,11.8845672607
19471660000000,11.5788116455
19472180000000,11.3692054749
19472710000000,11.1082639694
19473220000000,10.8223791122
19473710000000,10.6232881546
19474300000000,10.3828525543
19474780000000,10.0725946426
19475300000000,9.87749385834
19475820000000,9.62424564362
19476310000000,9.35718536377
19476810000000,9.14640808105
19477270000000,8.91163063049
19477720000000,8.71608829498
19478200000000,8.61788272858
19478660000000,8.5299539566
19479140000000,8.31929016113
19479590000000,8.11128520966
19480060000000,7.89211511612
19480510000000,7.68308067322
19480950000000,7.47171592712
19481400000000,7.25820398331
19481840000000,7.05571222305
19482300000000,6.90051603317
19482750000000,6.68113517761
19483190000000,6.48216629028
19483630000000,6.29112195969
19484090000000,6.12618780136
19484540000000,5.9287610054
19484990000000,5.72303915024
19485420000000,5.5110874176
19485880000000,5.30785036087
19486320000000,5.09665822983
19486770000000,4.90057754517
19487210000000,4.66097593307
19487640000000,4.45456600189
19488070000000,4.25856494904
19488510000000,4.05919361115
19488940000000,3.85146403313
19489400000000,3.63621401787
19489840000000,3.44041728973
19490300000000,3.21738624573
19490720000000,3.11785006523
19491170000000,2.99189281464
19491620000000,2.95420718193
19492070000000,2.99046182632
19492490000000,2.85418009758
19492920000000,2.67107439041
19493370000000,2.44183635712
19493810000000,2.0726583004
19494250000000,1.80926072598
19494710000000,1.58076345921
19495150000000,1.341984272
19495580000000,1.13515293598
19496060000000,0.95232129097
