
13518830000000,12.3715305328
13519620000000,12.0721387863
13520410000000,11.7097530365
13521160000000,11.2964220047
13521900000000,10.9892883301
13522630000000,10.5812988281
13523360000000,10.221203804
13524080000000,9.90302753448
13524830000000,9.49248695374
13525500000000,9.12585163116
13526180000000,8.7804441452
13526840000000,8.42990875244
13527530000000,8.11565303802
13528210000000,7.78380393982
13528880000000,7.42763376236
13529560000000,7.08166646957
13530240000000,6.75729465485
13530900000000,6.43311023712
13531530000000,6.11745452881
13532180000000,5.79378414154
13532830000000,5.44098806381
13533460000000,5.08846187592
13534130000000,4.77378749847
13534770000000,4.40837526321
13535390000000,4.08908128738
13536010000000,3.77978610992
13536680000000,3.45256543159
13537320000000,3.06024479866
13537930000000,2.75835371017
13538600000000,2.42570543289
13539260000000,2.03336811066
13539920000000,1.66553628445
13540600000000,1.33962631226
13541240000000,0.979672968388
