
19468240000000,12.9298267365
19468800000000,12.7407779694
19469430000000,12.4943532944
19470010000000,12.2577381134
19470560000000,12.0505275726
19471110000000,11.7725028992
19471660000000,11.5659341812
19472180000000,11.3493185043
19472710000000,11.1108551025
19473220000000,10.8974123001
19473710000000,10.6926164627
19474300000000,10.5037822723
19474780000000,10.2795743942
19475300000000,10.1100997925
19475820000000,9.93121910095
19476310000000,9.75274467468
19476810000000,9.61724090576
19477270000000,9.45465946198
19477720000000,9.34011077881
19478200000000,9.1968460083
19478660000000,9.14561843872
19479140000000,9.19626617432
19479590000000,9.23596477509
19480060000000,9.29845333099
19480510000000,9.34254550934
19480950000000,9.43287086487
19481400000000,9.53505706787
19481840000000,9.60756397247
19482300000000,9.68581867218
19482750000000,9.77740478516
19483190000000,9.87731075287
19483630000000,9.97037982941
19484090000000,10.0475311279
19484540000000,10.0903139114
19484990000000,10.189702034
19485410000000,10.3644104004
19485880000000,10.5373353958
19486320000000,10.7389612198
19486770000000,10.9543170929
19487210000000,11.2255573273
19487640000000,11.438331604
19488070000000,11.6597290039
19488510000000,11.8703985214
19488940000000,12.06645298
19489400000000,12.2822732925
19489840000000,12.4450864792
19490300000000,12.6411886215
19490720000000,12.754776001
19491170000000,12.8778886795
19491620000000,12.9296884537
19492070000000,12.8923835754
19492490000000,13.0688838959
19492920000000,13.3311519623
19493370000000,13.6079130173
19493810000000,13.9173383713
19494250000000,14.257183075
19494710000000,14.4314088821
19495150000000,14.6574039459
19495580000000,14.8525810242
19496060000000,15.0362844467
