
12052400000000,11.8897504807
12053190000000,11.9089508057
12053990000000,11.9089803696
12054760000000,11.8257217407
12055520000000,11.4814586639
12056310000000,11.1467123032
12057090000000,10.8054666519
12057820000000,10.5123624802
12058570000000,10.3113451004
12059250000000,10.1168498993
12059930000000,9.96538639069
12060660000000,9.8474187851
12061350000000,9.72092342377
12062000000000,9.64371776581
12062690000000,9.60264587402
12063400000000,9.55088996887
12064050000000,9.55066490173
12064710000000,9.58072757721
12065350000000,9.59007549286
12066000000000,9.67667198181
12066650000000,9.831199646
12067290000000,10.1362361908
12067980000000,10.5501260757
12068590000000,11.016951561
12069210000000,11.310090065
12069830000000,11.6339130402
12070480000000,11.9570550919
12071100000000,12.2945404053
12071750000000,12.5608129501
12072420000000,12.9346055984
12073050000000,13.3396511078
12073710000000,13.8663959503
12074380000000,14.4302616119
12074990000000,14.6607494354
12075620000000,14.9352521896
12076280000000,15.1829395294
12076910000000,15.3378047943
12077540000000,15.3684387207
