
11090980000000,14.3177547455
11091750000000,13.9238357544
11092530000000,13.5460090637
11093270000000,13.4149875641
11094010000000,13.1055431366
11094780000000,12.9044742584
11095510000000,12.6765727997
11096210000000,12.4619197845
11096890000000,12.2924728394
11097560000000,12.1777210236
11098230000000,12.0568037033
11098910000000,11.9760942459
11099600000000,11.9347724915
11100240000000,11.9109621048
11100890000000,11.911948204
11101550000000,11.9199075699
11102220000000,11.9657058716
11102840000000,12.0730009079
11103480000000,12.2182188034
11104150000000,12.488904953
11104780000000,12.8630218506
11105420000000,13.1969776154
11106070000000,13.5487947464
11106710000000,13.8561840057
11107350000000,14.2404108047
11107990000000,14.5446586609
11108680000000,14.8735866547
11109320000000,15.2230234146
11109960000000,15.5836725235
11110630000000,16.0136814117
11111250000000,16.3637943268
11111890000000,16.7108459473
11112560000000,17.009979248
