
13580900000000,14.5006065369
13581690000000,14.1745080948
13582470000000,13.7988405228
13583230000000,13.4748630524
13583980000000,13.1649808884
13584730000000,12.7571458817
13585450000000,12.5035591125
13586130000000,12.3019781113
13586860000000,12.146771431
13587550000000,11.9983596802
13588190000000,11.8839874268
13588860000000,11.8186244965
13589540000000,11.75694561
13590160000000,11.7422924042
13590830000000,11.7402200699
13591480000000,11.7833518982
13592120000000,11.840086937
13592750000000,11.9255008698
13593390000000,12.070681572
13594080000000,12.3300132751
13594720000000,12.6897325516
13595320000000,13.0859546661
13595990000000,13.3980913162
13596610000000,13.7330732346
13597240000000,14.0447826385
13597870000000,14.3635721207
13598500000000,14.6914072037
13599160000000,15.0272016525
13599800000000,15.4233970642
13600450000000,15.7490472794
13601120000000,16.1819858551
13601750000000,16.5950222015
13602400000000,16.9055995941
13603050000000,17.1885147095
13603690000000,17.4798564911
