
19799380000000,12.5339946747
19799970000000,12.4408092499
19800570000000,12.1680898666
19801100000000,11.9730386734
19801640000000,11.738319397
19802170000000,11.4838819504
19802710000000,11.2517223358
19803220000000,10.9684562683
19803730000000,10.757440567
19804250000000,10.5163316727
19804760000000,10.274764061
19805270000000,10.0397415161
19805770000000,9.78422451019
19806230000000,9.54617595673
19806720000000,9.32336521149
19807180000000,9.11951637268
19807650000000,8.8942117691
19808120000000,8.65631389618
19808640000000,8.4398317337
19809110000000,8.19575119019
19809590000000,7.95998048782
19810080000000,7.74964284897
19810540000000,7.50516653061
19810990000000,7.29243707657
19811430000000,7.07978010178
19811900000000,6.85923337936
19812360000000,6.64356374741
19812820000000,6.4183011055
19813260000000,6.21183776855
19813710000000,5.97217559814
19814150000000,5.7850227356
19814600000000,5.59749603271
19815050000000,5.36125659943
19815470000000,5.13267469406
19815910000000,4.92239093781
19816340000000,4.70579147339
19816820000000,4.50217437744
19817250000000,4.27718925476
19817700000000,4.09131240845
19818140000000,3.84569644928
19818580000000,3.64832687378
19819050000000,3.41828918457
19819500000000,3.16474819183
19819970000000,2.92176747322
19820420000000,2.66055989265
19820870000000,2.44968271255
19821330000000,2.20879864693
19821750000000,2.00556564331
19822170000000,1.82030653954
19822600000000,1.68012404442
19823040000000,1.49268579483
19823470000000,1.32455253601
19823970000000,1.12568926811
19824430000000,0.891190350056
19824870000000,0.706362366676
19825360000000,0.535200536251
