
19468240000000,15.2148008347
19468800000000,15.0329055786
19469430000000,14.797703743
19470010000000,14.5366420746
19470560000000,14.3146543503
19471110000000,14.0682563782
19471660000000,13.8649463654
19472180000000,13.6330633163
19472710000000,13.4213409424
19473220000000,13.1711788177
19473710000000,12.9784440994
19474300000000,12.8046016693
19474780000000,12.5917472839
19475300000000,12.4032554626
19475820000000,12.2212171555
19476310000000,12.0466022491
19476810000000,11.9089860916
19477270000000,11.7732639313
19477730000000,11.6086959839
19478200000000,11.4817008972
19478660000000,11.4343385696
19479140000000,11.4733886719
19479590000000,11.5401220322
19480060000000,11.5822048187
19480510000000,11.6136264801
19480950000000,11.7328968048
19481400000000,11.8308620453
19481840000000,11.8975305557
19482300000000,11.9677371979
19482750000000,12.0613260269
19483190000000,12.1535396576
19483630000000,12.2697267532
19484090000000,12.331243515
19484540000000,12.3701324463
19484990000000,12.4669151306
19485410000000,12.6579561234
19485880000000,12.8192014694
19486320000000,13.0328054428
19486770000000,13.2370901108
19487210000000,13.4975566864
19487640000000,13.7298049927
19488070000000,13.9489784241
19488510000000,14.1643791199
19488940000000,14.3518152237
19489400000000,14.5727272034
19489840000000,14.7480020523
19490300000000,14.9396209717
19490720000000,15.0295763016
19491170000000,15.1699647903
19491620000000,15.2215270996
19492070000000,15.1870927811
19492490000000,15.3520002365
19492920000000,15.6082487106
19493370000000,15.90812397
19493810000000,16.207233429
19494250000000,16.5289802551
19494710000000,16.7068576813
19495140000000,16.9409713745
19495580000000,17.147354126
19496060000000,17.3289470673
