
13455970000000,14.4422597885
13456730000000,14.0997571945
13457530000000,13.711271286
13458290000000,13.3998250961
13458990000000,13.0045471191
13459750000000,12.7893981934
13460450000000,12.544254303
13461130000000,12.3852930069
13461880000000,12.2390766144
13462580000000,12.0922899246
13463260000000,11.975104332
13463930000000,11.9026241302
13464620000000,11.7975254059
13465300000000,11.8197154999
13465950000000,11.8154087067
13466630000000,11.8530225754
13467250000000,11.9104385376
13467900000000,12.0218715668
13468550000000,12.1653089523
13469200000000,12.4137773514
13469830000000,12.7989931107
13470430000000,13.1251001358
13471080000000,13.4832468033
13471690000000,13.8210477829
13472360000000,14.0920190811
13472990000000,14.4326610565
13473710000000,14.8022298813
13474340000000,15.2483921051
13474980000000,15.5770320892
13475620000000,16.0709838867
13476270000000,16.3716678619
13476910000000,16.6969966888
13477550000000,17.0162086487
13478220000000,17.2997703552
