
11684650000000,11.8960895538
11685410000000,11.896068573
11686220000000,11.8960504532
11686990000000,11.8064756393
11687750000000,11.4754457474
11688560000000,11.0951881409
11689300000000,10.7527484894
11690030000000,10.378616333
11690750000000,9.96972465515
11691450000000,9.61770820618
11692140000000,9.24872589111
11692890000000,8.92359638214
11693560000000,8.53812503815
11694220000000,8.21247959137
11694900000000,7.88142299652
11695590000000,7.56816864014
11696280000000,7.21760654449
11696950000000,6.86585760117
11697640000000,6.55150222778
11698260000000,6.20776510239
11698910000000,5.91203165054
11699540000000,5.58496856689
11700190000000,5.21902084351
11700810000000,4.87453842163
11701460000000,4.54552555084
11702110000000,4.21552848816
11702750000000,3.9102139473
11703380000000,3.6232483387
11704000000000,3.26846861839
11704650000000,2.99332046509
11705270000000,2.68673229218
11705930000000,2.12067222595
11706590000000,1.70806527138
11707250000000,1.36112189293
11707850000000,1.02901959419
11708500000000,0.731048226357
11709160000000,0.644520699978
11709800000000,0.644623994827
11710500000000,0.645269095898
