
13455970000000,12.1466903687
13456730000000,11.8014755249
13457530000000,11.4185962677
13458290000000,11.0968933105
13458990000000,10.723361969
13459750000000,10.5050678253
13460450000000,10.2618761063
13461130000000,10.1012449265
13461880000000,9.94174194336
13462580000000,9.79906177521
13463260000000,9.68643474579
13463930000000,9.60783481598
13464620000000,9.53049850464
13465300000000,9.52605628967
13465950000000,9.52495193481
13466630000000,9.56548500061
13467250000000,9.62984085083
13467900000000,9.73788070679
13468550000000,9.88660621643
13469200000000,10.1293964386
13469830000000,10.5098829269
13470430000000,10.8335895538
13471080000000,11.2064323425
13471690000000,11.5201883316
13472360000000,11.8135671616
13472990000000,12.1412944794
13473710000000,12.4908924103
13474340000000,12.9473838806
13474980000000,13.2935523987
13475620000000,13.7657203674
13476270000000,14.1044864655
13476910000000,14.3930072784
13477550000000,14.73087883
13478220000000,15.017332077
