
13580900000000,12.2279539108
13581690000000,11.8876657486
13582470000000,11.510351181
13583230000000,11.1847734451
13583980000000,10.8672189713
13584730000000,10.4759464264
13585450000000,10.2262639999
13586130000000,9.9984369278
13586860000000,9.85641479492
13587550000000,9.71375370026
13588190000000,9.60015678406
13588860000000,9.52830505371
13589540000000,9.46482467651
13590160000000,9.45737361908
13590830000000,9.44295787811
13591480000000,9.47987270355
13592120000000,9.5460767746
13592750000000,9.64398574829
13593390000000,9.78771400452
13594080000000,10.0362148285
13594720000000,10.394859314
13595320000000,10.797996521
13595990000000,11.1093978882
13596610000000,11.4339590073
13597240000000,11.7613925934
13597870000000,12.0625391006
13598500000000,12.3922252655
13599160000000,12.7398223877
13599800000000,13.1292724609
13600450000000,13.4652557373
13601120000000,13.8976364136
13601750000000,14.3177556992
13602400000000,14.6084928513
13603050000000,14.9110441208
13603690000000,15.1912889481
