
10946270000000,14.0235443115
10947090000000,13.69784832
10947870000000,13.3489789963
10948580000000,13.058429718
10949330000000,12.7690067291
10950030000000,12.5175580978
10950730000000,12.3406105042
10951420000000,12.1917657852
10952090000000,12.0394668579
10952740000000,11.9645729065
10953420000000,11.8647403717
10954100000000,11.8215665817
10954740000000,11.7917098999
10955430000000,11.7977514267
10956080000000,11.8414907455
10956680000000,11.8968200684
10957320000000,11.9745845795
10957960000000,12.1706972122
10958620000000,12.4116191864
10959230000000,12.8181238174
10959910000000,13.2196187973
10960540000000,13.5691823959
10961210000000,13.925822258
10961810000000,14.2165899277
10962430000000,14.515007019
10963090000000,14.8445320129
10963730000000,15.258723259
10964370000000,15.6709280014
10965030000000,16.0239372253
10965680000000,16.3749828339
10966290000000,16.7621536255
10966950000000,17.0206546783
