
12176040000000,11.8726520538
12176830000000,11.8726024628
12177610000000,11.8725557327
12178400000000,11.8089838028
12179150000000,11.4425973892
12179910000000,11.1812572479
12180640000000,10.851231575
12181390000000,10.5345211029
12182180000000,10.1110401154
12182880000000,9.71390914917
12183580000000,9.34593772888
12184280000000,9.00489044189
12184990000000,8.65338897705
12185670000000,8.28680515289
12186350000000,7.94848823547
12187030000000,7.59187364578
12187690000000,7.25571155548
12188350000000,6.93362808228
12189050000000,6.62223625183
12189680000000,6.24633407593
12190320000000,5.94438028336
12190950000000,5.60767555237
12191590000000,5.27362918854
12192250000000,4.94306468964
12192880000000,4.60525512695
12193550000000,4.31228351593
12194200000000,3.99328875542
12194830000000,3.69056034088
12195490000000,3.34788203239
12196140000000,3.02075719833
12196760000000,2.60413384438
12197420000000,2.24383401871
12198050000000,1.85469913483
12198690000000,1.51611626148
12199340000000,1.20715820789
12199980000000,0.878773510456
12200610000000,0.576323390007
12201240000000,0.509603202343
