
11684650000000,14.0958585739
11685410000000,14.0958375931
11686220000000,14.0958204269
11686990000000,14.0014591217
11687750000000,13.6390476227
11688560000000,13.2982225418
11689300000000,13.05327034
11690030000000,12.7706718445
11690750000000,12.5900096893
11691450000000,12.4470329285
11692140000000,12.3283519745
11692890000000,12.2099428177
11693560000000,12.1556272507
11694220000000,12.0961618423
11694900000000,12.0702056885
11695590000000,12.1015853882
11696280000000,12.019903183
11696950000000,12.0475034714
11697640000000,12.0432834625
11698260000000,12.0933580399
11698910000000,12.2332544327
11699540000000,12.545249939
11700190000000,12.9340305328
11700810000000,13.3152294159
11701460000000,13.6451721191
11702110000000,13.9918203354
11702750000000,14.2933397293
11703380000000,14.6190013885
11704000000000,14.9717264175
11704650000000,15.4400501251
11705270000000,15.7930822372
11705930000000,16.1771945953
11706590000000,16.7466125488
11707250000000,16.9770317078
11707850000000,17.2546882629
11708500000000,17.4982204437
11709160000000,17.5940284729
11709800000000,17.5939846039
11710500000000,17.5759143829
