
13518830000000,14.5424461365
13519620000000,14.1814336777
13520410000000,13.8243770599
13521160000000,13.4682826996
13521900000000,13.1192083359
13522630000000,12.7921304703
13523360000000,12.5762243271
13524080000000,12.3788881302
13524830000000,12.1910409927
13525500000000,12.0443458557
13526180000000,11.9063272476
13526840000000,11.8312883377
13527530000000,11.773141861
13528210000000,11.7337055206
13528880000000,11.7415847778
13529560000000,11.7584638596
13530240000000,11.8229846954
13530900000000,11.954583168
13531530000000,12.0723590851
13532180000000,12.328412056
13532830000000,12.6770963669
13533460000000,13.0537719727
13534130000000,13.375878334
13534770000000,13.7585382462
13535390000000,14.1198406219
13536010000000,14.3981132507
13536680000000,14.7210187912
13537320000000,15.0890665054
13537930000000,15.3741979599
13538600000000,15.7212667465
13539260000000,16.1596298218
13539920000000,16.5439739227
13540600000000,16.8510494232
13541240000000,17.2433891296
