
10946270000000,11.7290878296
10947090000000,11.4060726166
10947870000000,11.0558204651
10948580000000,10.7681264877
10949330000000,10.4803495407
10950030000000,10.2223415375
10950730000000,10.0553016663
10951420000000,9.88484477997
10952090000000,9.75900173187
10952740000000,9.66206741333
10953420000000,9.57446289062
10954100000000,9.52101230621
10954740000000,9.48336410522
10955430000000,9.49328041077
10956080000000,9.53746509552
10956680000000,9.60556602478
10957320000000,9.68721294403
10957960000000,9.86462879181
10958620000000,10.1363048553
10959230000000,10.5614175797
10959910000000,10.9266834259
10960540000000,11.2809686661
10961210000000,11.6386060715
10961810000000,11.9443998337
10962430000000,12.2303180695
10963090000000,12.5594816208
10963730000000,12.9570102692
10964370000000,13.3773784637
10965030000000,13.7415018082
10965680000000,14.0867347717
10966290000000,14.4734601974
10966950000000,14.7291316986
