
13640250000000,11.9865131378
13640970000000,11.6295595169
13641750000000,11.29438591
13642500000000,10.9713602066
13643220000000,10.622595787
13643970000000,10.3039264679
13644670000000,10.0060071945
13645350000000,9.77399921417
13646040000000,9.62257862091
13646750000000,9.52678871155
13647480000000,9.45119571686
13648150000000,9.42694950104
13648800000000,9.41555976868
13649450000000,9.44446849823
13650110000000,9.48143768311
13650750000000,9.59267711639
13651400000000,9.68235397339
13652040000000,9.82219982147
13652640000000,10.1245765686
13653300000000,10.4469165802
13653910000000,10.8499422073
13654570000000,11.2089633942
13655200000000,11.57741642
13655830000000,11.8521728516
13656480000000,12.1697349548
13657110000000,12.5391845703
13657790000000,12.8609018326
13658440000000,13.2862501144
13659050000000,13.6736106873
13659700000000,14.1274347305
13660310000000,14.5036287308
13660940000000,14.7764854431
13661550000000,15.0681142807
