
13455970000000,12.3556289673
13456730000000,11.9598178864
13457530000000,11.5850114822
13458290000000,11.226858139
13458990000000,10.8460502625
13459750000000,10.4915914536
13460450000000,10.0966119766
13461130000000,9.71684455872
13461880000000,9.39471435547
13462580000000,9.02413845062
13463260000000,8.66318511963
13463930000000,8.33641242981
13464620000000,7.98495674133
13465300000000,7.63845014572
13465950000000,7.30096149445
13466630000000,6.97721481323
13467250000000,6.65718984604
13467900000000,6.32132148743
13468550000000,6.04674196243
13469200000000,5.68041038513
13469830000000,5.35737895966
13470430000000,4.98757743835
13471080000000,4.68036031723
13471690000000,4.35502576828
13472360000000,4.09311437607
13472990000000,3.80686402321
13473710000000,3.49541258812
13474340000000,3.16800260544
13474980000000,2.84658002853
13475620000000,2.2362651825
13476270000000,1.87819802761
13476910000000,1.54376161098
13477550000000,1.21234178543
13478220000000,0.894964039326
