
11803570000000,11.6152448654
11804350000000,11.5832576752
11805110000000,11.5823383331
11805880000000,11.5767621994
11806670000000,11.4236688614
11807450000000,11.111456871
11808210000000,10.8439378738
11808920000000,10.5765800476
11809620000000,10.394949913
11810340000000,10.2137928009
11811030000000,10.0690774918
11811760000000,9.97112369537
11812450000000,9.86660766602
11813110000000,9.79845905304
11813790000000,9.74236011505
11814470000000,9.72266292572
11815140000000,9.70189094543
11815800000000,9.73890399933
11816440000000,9.77934837341
11817080000000,9.86339378357
11817730000000,9.97515010834
11818360000000,10.1673555374
11819030000000,10.4524869919
11819670000000,10.7862272263
11820310000000,11.1239404678
11820960000000,11.4865293503
11821660000000,11.8305644989
11822300000000,12.1731853485
11822940000000,12.4896020889
11823590000000,12.7888765335
11824220000000,13.1039113998
11824900000000,13.4839982986
11825570000000,13.9815645218
11826220000000,14.4013347626
11826850000000,14.715180397
11827510000000,15.0528230667
11828130000000,15.2958917618
11828780000000,15.5119524002
11829440000000,15.5277395248
