
19571580000000,12.1642990112
19572140000000,11.9126338959
19572690000000,11.6859865189
19573220000000,11.4691390991
19573740000000,11.2383975983
19574240000000,11.0514192581
19574780000000,10.8291006088
19575280000000,10.6021299362
19575770000000,10.402926445
19576280000000,10.2358922958
19576760000000,10.0569086075
19577260000000,9.89472007751
19577770000000,9.76459789276
19578270000000,9.67633342743
19578730000000,9.5890789032
19579180000000,9.53174114227
19579660000000,9.49449443817
19580140000000,9.46598052979
19580590000000,9.46390151978
19581060000000,9.46026802063
19581490000000,9.48808956146
19581950000000,9.5200958252
19582410000000,9.56239891052
19582850000000,9.62675952911
19583320000000,9.70606231689
19583770000000,9.78240776062
19584220000000,9.86477279663
19584700000000,9.97054195404
19585140000000,10.1389160156
19585570000000,10.2100658417
19586030000000,10.3593864441
19586480000000,10.6074295044
19586910000000,10.8131895065
19587340000000,11.0087976456
19587830000000,11.2269506454
19588270000000,11.5371265411
19588700000000,11.7189378738
19589190000000,11.9057598114
19589630000000,12.1792087555
19590080000000,12.3909835815
19590520000000,12.5935592651
19591000000000,12.826253891
19591440000000,13.0277032852
19591870000000,13.2452001572
19592330000000,13.3628787994
19592790000000,13.5561504364
19593240000000,13.830447197
19593680000000,14.0433397293
19594120000000,14.2049884796
19594550000000,14.4493303299
19594990000000,14.6428871155
19595450000000,14.8314342499
19595910000000,15.0958824158
