
13518830000000,12.2595701218
13519620000000,11.9029397964
13520410000000,11.5629606247
13521160000000,11.1942329407
13521900000000,10.8296003342
13522630000000,10.5127363205
13523360000000,10.284491539
13524080000000,10.089471817
13524830000000,9.90836048126
13525500000000,9.75703907013
13526180000000,9.63792037964
13526840000000,9.54196548462
13527530000000,9.48869895935
13528210000000,9.44804859161
13528880000000,9.46255302429
13529560000000,9.47986316681
13530240000000,9.52988243103
13530900000000,9.64219474792
13531530000000,9.77856826782
13532180000000,10.0376586914
13532830000000,10.4019927979
13533460000000,10.7744617462
13534130000000,11.0906352997
13534770000000,11.4746904373
13535390000000,11.8210945129
13536010000000,12.1178655624
13536680000000,12.423573494
13537320000000,12.7985830307
13537930000000,13.0982131958
13538600000000,13.4384756088
13539260000000,13.8722810745
13539920000000,14.2609739304
13540600000000,14.5712661743
13541240000000,14.9466161728
