
11090980000000,12.2239513397
11091750000000,11.8031396866
11092530000000,11.4676866531
11093270000000,11.1601352692
11094010000000,10.7568397522
11094780000000,10.3955507278
11095510000000,9.99684810638
11096210000000,9.62346363068
11096890000000,9.27890586853
11097560000000,8.93459701538
11098230000000,8.59213352203
11098910000000,8.24585056305
11099600000000,7.89618778229
11100240000000,7.54428768158
11100890000000,7.22080278397
11101550000000,6.9158449173
11102220000000,6.590903759
11102840000000,6.24645233154
11103480000000,5.96440553665
11104150000000,5.61444139481
11104780000000,5.24751853943
11105420000000,4.93824481964
11106070000000,4.59135341644
11106710000000,4.27753686905
11107350000000,3.96527719498
11107990000000,3.63569831848
11108680000000,3.28026175499
11109320000000,2.93430566788
11109960000000,2.55781364441
11110630000000,2.20744419098
11111250000000,1.81769096851
11111890000000,1.51486623287
11112560000000,1.18162643909
