
13701360000000,12.4321899414
13702130000000,12.0672340393
13702940000000,11.7402114868
13703660000000,11.3317222595
13704380000000,11.0203313828
13705140000000,10.6832418442
13705840000000,10.4105739594
13706530000000,10.1947259903
13707270000000,9.99172019958
13708020000000,9.81255722046
13708700000000,9.65880584717
13709380000000,9.52876853943
13710050000000,9.43190002441
13710720000000,9.35501766205
13711370000000,9.33395671844
13712050000000,9.3228225708
13712690000000,9.3701543808
13713340000000,9.4315662384
13713970000000,9.51162433624
13714610000000,9.69043064117
13715230000000,9.91597747803
13715870000000,10.2303857803
13716550000000,10.6199493408
13717180000000,11.0481309891
13717830000000,11.3729667664
13718460000000,11.7562236786
13719110000000,12.0134382248
13719740000000,12.3195991516
13720400000000,12.7208843231
13721050000000,13.0848045349
13721680000000,13.5208587646
13722290000000,13.8435173035
13722930000000,14.2194890976
13723560000000,14.5169687271
13724190000000,14.8089580536
