
19571580000000,14.4572658539
19572140000000,14.2046318054
19572690000000,13.958533287
19573220000000,13.7623281479
19573740000000,13.5161333084
19574240000000,13.3411779404
19574780000000,13.1358232498
19575280000000,12.9011497498
19575770000000,12.6986856461
19576280000000,12.5056114197
19576760000000,12.3424949646
19577260000000,12.1816492081
19577770000000,12.0501947403
19578270000000,11.9839601517
19578730000000,11.883939743
19579180000000,11.8170442581
19579670000000,11.7682733536
19580140000000,11.745429039
19580590000000,11.7508525848
19581060000000,11.7639904022
19581490000000,11.7723865509
19581950000000,11.815530777
19582410000000,11.8519258499
19582850000000,11.9137182236
19583320000000,11.9909496307
19583770000000,12.0636444092
19584220000000,12.1346902847
19584700000000,12.2653417587
19585140000000,12.3866176605
19585570000000,12.4766750336
19586030000000,12.6582212448
19586480000000,12.8780860901
19586910000000,13.0961456299
19587340000000,13.3029823303
19587830000000,13.517665863
19588270000000,13.8356761932
19588700000000,13.9938192368
19589190000000,14.2002496719
19589630000000,14.4739198685
19590080000000,14.6719770432
19590520000000,14.8890094757
19591000000000,15.1112661362
19591440000000,15.330701828
19591870000000,15.5261650085
19592330000000,15.6691036224
19592790000000,15.8494672775
19593240000000,16.1100463867
19593680000000,16.3175888062
19594120000000,16.5047626495
19594550000000,16.7451572418
19594990000000,16.9189300537
19595450000000,17.1086597443
19595910000000,17.3874664307
