
12052400000000,14.1703710556
12053190000000,14.1952552795
12053990000000,14.1952848434
12054760000000,14.1239881516
12055520000000,13.7565097809
12056310000000,13.4519786835
12057090000000,13.0877399445
12057820000000,12.7997837067
12058570000000,12.5934371948
12059250000000,12.4107217789
12059930000000,12.2621974945
12060660000000,12.1241970062
12061350000000,12.0220594406
12062000000000,11.9274358749
12062690000000,11.8798408508
12063400000000,11.8621797562
12064050000000,11.8373422623
12064710000000,11.8637104034
12065350000000,11.9024934769
12066000000000,11.9644899368
12066650000000,12.1189069748
12067290000000,12.4188184738
12067980000000,12.8266887665
12068590000000,13.3169336319
12069210000000,13.5911197662
12069830000000,13.9149618149
12070480000000,14.2382688522
12071100000000,14.5795888901
12071750000000,14.8565292358
12072420000000,15.2215070724
12073050000000,15.6156301498
12073710000000,16.15051651
12074380000000,16.7062511444
12074990000000,16.9458618164
12075620000000,17.2473926544
12076280000000,17.4678421021
12076910000000,17.6313915253
12077540000000,17.6511363983
