
10877280000000,12.2257003784
10878050000000,12.0320825577
10878830000000,11.6503887177
10879580000000,11.2404165268
10880310000000,10.8627128601
10881080000000,10.5091409683
10881820000000,10.0982236862
10882520000000,9.72774410248
10883240000000,9.41280651093
10883910000000,9.0352640152
10884600000000,8.67233848572
10885250000000,8.31129360199
10885940000000,7.99495458603
10886610000000,7.64019012451
10887250000000,7.31414985657
10887930000000,6.97143554688
10888560000000,6.63318157196
10889200000000,6.31904363632
10889810000000,6.03338813782
10890460000000,5.74423313141
10891080000000,5.39872741699
10891720000000,5.03063964844
10892400000000,4.71039485931
10893010000000,4.35397624969
10893630000000,4.068816185
10894260000000,3.76614451408
10894900000000,3.42433452606
10895540000000,3.08630824089
10896140000000,2.71684908867
10896800000000,2.37415456772
10897420000000,1.97765207291
10898060000000,1.6020026207
10898690000000,1.27782618999
