
10946270000000,11.9971580505
10947090000000,11.6197748184
10947870000000,11.1920499802
10948580000000,10.7871904373
10949330000000,10.4483137131
10950030000000,10.0272636414
10950730000000,9.68158531189
10951420000000,9.32326793671
10952090000000,8.94894981384
10952740000000,8.62692928314
10953420000000,8.28584480286
10954100000000,7.94787693024
10954740000000,7.63674116135
10955430000000,7.30729913712
10956080000000,6.96579837799
10956680000000,6.67032670975
10957320000000,6.36933517456
10957960000000,6.02483272552
10958620000000,5.67422485352
10959230000000,5.31584215164
10959910000000,4.94925737381
10960540000000,4.59805631638
10961210000000,4.27857208252
10961810000000,3.97105956078
10962430000000,3.70061779022
10963090000000,3.38367962837
10963730000000,3.09598827362
10964370000000,2.77911520004
10965030000000,2.32855606079
10965680000000,1.9281617403
10966290000000,1.51955318451
10966950000000,1.20292770863
