
10877280000000,14.393034935
10878050000000,14.256690979
10878830000000,14.0017938614
10879580000000,13.7055463791
10880310000000,13.4473056793
10881080000000,13.1931610107
10881820000000,12.9659376144
10882520000000,12.778002739
10883240000000,12.5926933289
10883910000000,12.4576730728
10884600000000,12.336681366
10885250000000,12.2111215591
10885940000000,12.1563634872
10886610000000,12.1026115417
10887250000000,12.0868282318
10887930000000,12.1134672165
10888560000000,12.1554279327
10889200000000,12.1885271072
10889810000000,12.3025474548
10890460000000,12.4797010422
10891080000000,12.7373046875
10891720000000,13.1440582275
10892400000000,13.4543046951
10893010000000,13.8521671295
10893630000000,14.1651239395
10894260000000,14.419588089
10894900000000,14.7720451355
10895540000000,15.100481987
10896140000000,15.4491977692
10896800000000,15.8142662048
10897420000000,16.2520561218
10898060000000,16.6255550385
10898690000000,16.9219207764
