
13640250000000,14.2761440277
13640970000000,13.9040594101
13641750000000,13.5950784683
13642500000000,13.271188736
13643220000000,12.9164066315
13643970000000,12.5994691849
13644670000000,12.3085184097
13645350000000,12.0572862625
13646040000000,11.9082460403
13646750000000,11.7981586456
13647480000000,11.7653617859
13648150000000,11.7146520615
13648800000000,11.6969718933
13649450000000,11.7265129089
13650110000000,11.7816381454
13650750000000,11.8673381805
13651400000000,11.9650316238
13652040000000,12.1173448563
13652640000000,12.4212970734
13653300000000,12.744600296
13653910000000,13.135219574
13654570000000,13.4947710037
13655200000000,13.8723897934
13655830000000,14.1356678009
13656480000000,14.4687709808
13657110000000,14.8283996582
13657790000000,15.1356725693
13658440000000,15.5662355423
13659050000000,15.9517946243
13659700000000,16.4304561615
13660310000000,16.8006839752
13660940000000,17.0564651489
13661550000000,17.3444042206
