
19642170000000,12.2083349228
19642710000000,12.1832914352
19643270000000,11.8729820251
19643800000000,11.6236572266
19644320000000,11.3552656174
19644870000000,11.1274118423
19645390000000,10.8918991089
19645880000000,10.7012176514
19646390000000,10.4512863159
19646890000000,10.2185525894
19647430000000,10.0027484894
19647920000000,9.80437088013
19648410000000,9.58130645752
19648890000000,9.36565876007
19649340000000,9.16362380981
19649800000000,8.99597930908
19650260000000,8.83681201935
19650720000000,8.66150283813
19651200000000,8.50049781799
19651650000000,8.33804035187
19652100000000,8.21813106537
19652550000000,8.07277870178
19653020000000,8.03055286407
19653450000000,8.16860389709
19653890000000,8.29106712341
19654320000000,8.42805576324
19654760000000,8.56047534943
19655210000000,8.70148563385
19655680000000,8.83577632904
19656120000000,9.00665664673
19656590000000,9.10821819305
19657040000000,9.18725204468
19657480000000,9.30905246735
19657930000000,9.40704059601
19658360000000,9.50551605225
19658810000000,9.59075546265
19659250000000,9.74761772156
19659710000000,9.89282798767
19660130000000,10.1364059448
19660570000000,10.3293542862
19661000000000,10.4712667465
19661480000000,10.6697683334
19661920000000,10.8713693619
19662390000000,11.1071577072
19662830000000,11.3568353653
19663260000000,11.5820856094
19663690000000,11.7919330597
19664110000000,12.0094223022
19664570000000,12.2680711746
19665020000000,12.4688119888
19665470000000,12.6165676117
19665920000000,12.7529020309
19666360000000,12.8790206909
19666800000000,13.0492010117
19667280000000,13.2238197327
19667700000000,13.4523954391
19668120000000,13.6882886887
19668560000000,13.9052419662
19669020000000,14.1244401932
19669460000000,14.3676586151
19669880000000,14.5409679413
19670320000000,14.7456407547
19670730000000,14.9697999954
19671170000000,15.1433410645
