
19642170000000,14.493765831
19642710000000,14.4575490952
19643270000000,14.1659250259
19643800000000,13.9001178741
19644320000000,13.6496105194
19644870000000,13.4164800644
19645390000000,13.1772480011
19645880000000,12.9962978363
19646390000000,12.7277460098
19646890000000,12.5397834778
19647430000000,12.2886791229
19647920000000,12.0999298096
19648410000000,11.8721952438
19648890000000,11.6606492996
19649340000000,11.4959468842
19649800000000,11.2770376205
19650260000000,11.1209363937
19650720000000,10.9787254333
19651200000000,10.7909460068
19651650000000,10.6289110184
19652100000000,10.492641449
19652550000000,10.3461761475
19653020000000,10.3209676743
19653450000000,10.4499368668
19653890000000,10.5786504745
19654320000000,10.7252521515
19654760000000,10.8498792648
19655210000000,10.9879989624
19655680000000,11.1405534744
19656120000000,11.3076839447
19656590000000,11.4274425507
19657040000000,11.4732961655
19657480000000,11.5837402344
19657930000000,11.6886644363
19658360000000,11.8022651672
19658810000000,11.8830394745
19659250000000,12.0436134338
19659710000000,12.1760778427
19660130000000,12.4272260666
19660570000000,12.6108064651
19661000000000,12.7662401199
19661480000000,12.9465913773
19661920000000,13.163020134
19662390000000,13.3967342377
19662830000000,13.6368513107
19663260000000,13.8775949478
19663690000000,14.0845174789
19664110000000,14.3249788284
19664570000000,14.5452756882
19665020000000,14.7610225677
19665470000000,14.9150848389
19665920000000,15.0479269028
19666360000000,15.1567697525
19666800000000,15.3432617188
19667280000000,15.5199785233
19667700000000,15.745182991
19668120000000,15.9656267166
19668560000000,16.195772171
19669020000000,16.4046173096
19669460000000,16.6469535828
19669880000000,16.8241882324
19670320000000,17.0274772644
19670730000000,17.2434310913
19671170000000,17.4254989624
