
11021470000000,11.9039983749
11022260000000,11.5366353989
11023010000000,11.1459856033
11023770000000,10.9093799591
11024500000000,10.6974124908
11025250000000,10.4789505005
11025950000000,10.2301254272
11026640000000,10.0462312698
11027350000000,9.88692951202
11028020000000,9.72979354858
11028690000000,9.62515354156
11029330000000,9.54601669312
11029980000000,9.49929714203
11030650000000,9.4870929718
11031300000000,9.47362518311
11031980000000,9.50936985016
11032630000000,9.56195449829
11033240000000,9.6593208313
11033860000000,9.7765712738
11034530000000,10.0290555954
11035180000000,10.3421468735
11035820000000,10.6642007828
11036470000000,11.0119667053
11037110000000,11.379658699
11037750000000,11.717417717
11038380000000,12.0264282227
11039020000000,12.3261728287
11039680000000,12.5869693756
11040320000000,12.9136819839
11040990000000,13.2328767776
11041630000000,13.7119750977
11042260000000,14.1698026657
11042890000000,14.5102386475
11043500000000,14.7283849716
