
10877280000000,12.0984716415
10878050000000,11.9730634689
10878830000000,11.7080974579
10879580000000,11.427936554
10880310000000,11.14494133
10881080000000,10.9262151718
10881820000000,10.6833791733
10882520000000,10.4822664261
10883240000000,10.3235607147
10883910000000,10.1591625214
10884600000000,10.0287370682
10885250000000,9.93330860138
10885940000000,9.86323356628
10886610000000,9.820271492
10887250000000,9.80986785889
10887930000000,9.8364572525
10888560000000,9.84480190277
10889200000000,9.90067863464
10889810000000,10.0200891495
10890460000000,10.1890449524
10891080000000,10.4423055649
10891720000000,10.8492660522
10892400000000,11.1552639008
10893010000000,11.558506012
10893630000000,11.8785400391
10894260000000,12.1399364471
10894900000000,12.4581737518
10895540000000,12.8150291443
10896140000000,13.1638822556
10896800000000,13.5186033249
10897420000000,13.9630451202
10898060000000,14.3380336761
10898690000000,14.6425428391
