
12176040000000,14.0043230057
12176830000000,14.004278183
12177610000000,14.0042352676
12178400000000,13.9623403549
12179150000000,13.652141571
12179910000000,13.4001779556
12180640000000,13.1379890442
12181390000000,12.9618396759
12182180000000,12.7123680115
12182880000000,12.5205745697
12183580000000,12.38372612
12184280000000,12.2066497803
12184990000000,12.1097612381
12185670000000,12.0461502075
12186350000000,11.9942245483
12187030000000,11.9697055817
12187690000000,11.9771823883
12188350000000,12.0000324249
12189050000000,12.0639743805
12189680000000,12.1165409088
12190320000000,12.2831993103
12190950000000,12.5467166901
12191590000000,12.8599996567
12192250000000,13.1915798187
12192880000000,13.5097036362
12193550000000,13.8374185562
12194200000000,14.2264461517
12194830000000,14.5217857361
12195490000000,14.8732938766
12196140000000,15.2186517715
12196760000000,15.567232132
12197420000000,15.9666881561
12198050000000,16.3738079071
12198690000000,16.6905078888
12199340000000,17.0106220245
12199980000000,17.3455200195
12200610000000,17.6398963928
12201240000000,17.6834774017
