
13701360000000,12.6263074875
13702130000000,12.2937192917
13702940000000,11.9712572098
13703660000000,11.5798530579
13704380000000,11.2205705643
13705140000000,10.8864660263
13705840000000,10.5848741531
13706530000000,10.3013753891
13707270000000,9.91490650177
13708020000000,9.55173778534
13708700000000,9.19140911102
13709380000000,8.84230422974
13710050000000,8.5042552948
13710720000000,8.17744731903
13711370000000,7.83114099503
13712050000000,7.52009534836
13712690000000,7.23954963684
13713340000000,6.88221883774
13713970000000,6.56213951111
13714610000000,6.26366138458
13715230000000,5.93003749847
13715870000000,5.61864328384
13716550000000,5.20631217957
13717180000000,4.82510185242
13717830000000,4.48999357224
13718460000000,4.17965459824
13719110000000,3.88964343071
13719740000000,3.57815146446
13720400000000,3.27640104294
13721050000000,2.95201683044
13721680000000,2.53244137764
13722290000000,2.08183050156
13722930000000,1.74787151814
13723560000000,1.41722893715
13724190000000,1.09811222553
