
11944220000000,11.6081457138
11945000000000,11.608168602
11945810000000,11.6081924438
11946560000000,11.5854377747
11947330000000,11.2346019745
11948050000000,10.9261341095
11948770000000,10.6399183273
11949500000000,10.4467258453
11950210000000,10.2180948257
11950900000000,10.0299730301
11951590000000,9.89374256134
11952270000000,9.75515365601
11952940000000,9.65021038055
11953590000000,9.56638908386
11954260000000,9.53915214539
11954930000000,9.50363826752
11955590000000,9.5163898468
11956260000000,9.53925895691
11956940000000,9.60200214386
11957580000000,9.73101329803
11958230000000,9.891289711
11958860000000,10.1306257248
11959530000000,10.4672079086
11960170000000,10.9267883301
11960800000000,11.2825174332
11961450000000,11.6139945984
11962100000000,11.9461612701
11962760000000,12.2833271027
11963390000000,12.5636148453
11964060000000,12.8409633636
11964700000000,13.1442975998
11965350000000,13.5280704498
11965990000000,13.9923582077
11966670000000,14.2998094559
11967270000000,14.6517477036
11967950000000,14.9102039337
11968550000000,15.2426452637
11969210000000,15.4793558121
