
19642170000000,12.7310190201
19642710000000,12.6693353653
19643270000000,12.4179210663
19643800000000,12.1260852814
19644320000000,11.8807239532
19644870000000,11.6159934998
19645390000000,11.3948659897
19645880000000,11.1788730621
19646390000000,10.8922967911
19646890000000,10.6814088821
19647430000000,10.4635648727
19647920000000,10.260137558
19648410000000,10.0548305511
19648890000000,9.84992313385
19649340000000,9.66621208191
19649800000000,9.48065948486
19650260000000,9.3123626709
19650720000000,9.15682888031
19651200000000,8.95060825348
19651650000000,8.75274181366
19652100000000,8.62411499023
19652550000000,8.7132024765
19653020000000,8.81479930878
19653450000000,8.62507724762
19653890000000,8.43490695953
19654320000000,8.22615146637
19654760000000,8.03521442413
19655210000000,7.84459209442
19655680000000,7.64858722687
19656120000000,7.46265554428
19656590000000,7.28061389923
19657040000000,7.13319158554
19657480000000,6.93336725235
19657930000000,6.78272294998
19658360000000,6.5802564621
19658810000000,6.3996591568
19659250000000,6.15668678284
19659710000000,5.94368553162
19660130000000,5.74020290375
19660570000000,5.52817487717
19661000000000,5.36166858673
19661480000000,5.17623186111
19661920000000,4.96234464645
19662390000000,4.76840209961
19662830000000,4.55473327637
19663260000000,4.35815143585
19663690000000,4.15309429169
19664110000000,3.97832107544
19664570000000,3.77607989311
19665020000000,3.54553103447
19665470000000,3.40243506432
19665920000000,3.24116635323
19666360000000,3.04292368889
19666800000000,2.84111070633
19667280000000,2.63605952263
19667700000000,2.40591907501
19668120000000,2.17905712128
19668560000000,1.95755684376
19669020000000,1.72933864594
19669460000000,1.56463301182
19669880000000,1.35310316086
19670320000000,1.16249358654
19670730000000,0.965836346149
19671170000000,0.778889715672
