
13580900000000,12.4280042648
13581690000000,12.0515193939
13582470000000,11.611989975
13583230000000,11.2315711975
13583980000000,10.8994970322
13584730000000,10.4529523849
13585450000000,10.1512269974
13586130000000,9.77402210236
13586860000000,9.44281864166
13587550000000,9.07240867615
13588190000000,8.72899436951
13588860000000,8.40088844299
13589540000000,8.06872558594
13590160000000,7.73377752304
13590830000000,7.42936468124
13591480000000,7.088991642
13592120000000,6.7770690918
13592750000000,6.45691156387
13593390000000,6.16398429871
13594080000000,5.81971979141
13594720000000,5.42402076721
13595320000000,5.03321647644
13595990000000,4.75711631775
13596610000000,4.43320322037
13597240000000,4.13121795654
13597870000000,3.85059523582
13598500000000,3.53921341896
13599160000000,3.22381281853
13599800000000,2.88796830177
13600450000000,2.49631285667
13601120000000,2.05567288399
13601750000000,1.65592730045
13602400000000,1.32666575909
13603050000000,1.00416457653
13603690000000,0.704433619976
