
12052400000000,11.9027776718
12053190000000,11.8983287811
12053990000000,11.8983602524
12054760000000,11.8447303772
12055520000000,11.5057811737
12056310000000,11.1219701767
12057090000000,10.7653532028
12057820000000,10.4070463181
12058570000000,10.0216360092
12059250000000,9.69250488281
12059930000000,9.30577850342
12060660000000,8.97434139252
12061350000000,8.60087203979
12062000000000,8.24770450592
12062690000000,7.91782188416
12063400000000,7.58092355728
12064050000000,7.24933004379
12064710000000,6.90850257874
12065350000000,6.63238286972
12066000000000,6.33245038986
12066650000000,6.02161741257
12067290000000,5.7139043808
12067980000000,5.32888221741
12068590000000,4.9083313942
12069210000000,4.58343839645
12069830000000,4.26715278625
12070480000000,3.95603942871
12071100000000,3.63621091843
12071750000000,3.32181978226
12072420000000,3.01930046082
12073050000000,2.63874363899
12073710000000,2.12325143814
12074380000000,1.74569964409
12074990000000,1.36596727371
12075620000000,1.05601227283
12076280000000,0.739857852459
12076910000000,0.563216924667
12077540000000,0.558322489262
