
19730700000000,14.2342443466
19731250000000,14.0302028656
19731780000000,13.8336219788
19732310000000,13.600153923
19732840000000,13.4054012299
19733380000000,13.2266683578
19733900000000,13.0592079163
19734410000000,12.8975667953
19734920000000,12.7568082809
19735440000000,12.6532659531
19735940000000,12.5247602463
19736440000000,12.409819603
19736920000000,12.3337860107
19737420000000,12.2681846619
19737890000000,12.1850976944
19738350000000,12.1281023026
19738840000000,12.0710763931
19739310000000,12.0413284302
19739810000000,12.0230541229
19740280000000,12.0142059326
19740750000000,12.0084180832
19741200000000,12.0559453964
19741660000000,12.0816640854
19742170000000,12.1733474731
19742620000000,12.167974472
19743090000000,12.2492132187
19743530000000,12.3012838364
19743960000000,12.3597707748
19744410000000,12.4653367996
19744860000000,12.5110673904
19745300000000,12.5436029434
19745730000000,12.6650810242
19746170000000,12.832359314
19746580000000,13.0325489044
19747010000000,13.1803779602
19747430000000,13.4279975891
19747870000000,13.6517305374
19748320000000,13.8839235306
19748750000000,14.0410299301
19749220000000,14.2929992676
19749650000000,14.5546741486
19750080000000,14.7139892578
19750510000000,14.8763017654
19750970000000,15.0511207581
19751400000000,15.264705658
19751870000000,15.4541921616
19752320000000,15.6953392029
19752770000000,15.9668998718
19753200000000,16.177022934
19753660000000,16.4550380707
19754120000000,16.6439685822
19754550000000,16.8547973633
19754990000000,17.0896587372
19755410000000,17.2871894836
19755820000000,17.4701595306
