11499260000000,16.8598499298
11500430000000,16.4324817657
11501570000000,15.9650611877
11502680000000,15.4060964584
11503750000000,14.9130582809
11504850000000,14.4397268295
11505890000000,13.9864149094
11506950000000,13.5657024384
11508000000000,13.0641803741
11509030000000,12.6714773178
11510070000000,12.2133016586
11511090000000,11.8490943909
11512100000000,11.3692445755
11513100000000,10.9464092255
11514080000000,10.5754213333
11515090000000,10.1976642609
11516070000000,9.78220176697
11517000000000,9.40942955017
11517920000000,9.03901100159
11518890000000,8.71570968628
11519810000000,8.4041852951
11520740000000,8.09454917908
11521660000000,7.81026649475
11522590000000,7.75117206573
11523540000000,7.51562643051
11524460000000,7.20676231384
11525410000000,6.91403961182
11526360000000,6.68612098694
11527320000000,6.5874209404
11528240000000,6.52045583725
11529150000000,6.48055887222
11530120000000,6.50342845917
11531070000000,6.55088329315
11532030000000,6.634121418
11532990000000,6.74159860611
11533920000000,6.85203027725
11534910000000,7.05923700333
