11574980000000,11.9579544067
11576140000000,11.5933532715
11577240000000,11.0928544998
11578330000000,10.5526418686
11579420000000,10.0567502975
11580510000000,9.52156448364
11581540000000,8.99888801575
11582610000000,8.50247192383
11583670000000,7.98440885544
11584730000000,7.49176979065
11585730000000,6.99052715302
11586740000000,6.47957849503
11587740000000,5.99064826965
11588720000000,5.51919746399
11589720000000,5.05456256866
11590660000000,4.60678052902
11591610000000,4.12941455841
11592570000000,3.66915297508
11593520000000,3.22254133224
11594470000000,2.78099870682
11595450000000,2.33311223984
11596410000000,1.8551671505
11597310000000,1.39542996883
11598250000000,1.12526631355
11599180000000,0.897907018661
11600110000000,0.459861844778
11601030000000,0.111488230526
11601960000000,0.465456098318
11602870000000,0.988986670971
11603740000000,1.46679401398
11604680000000,1.86197626591
11605630000000,2.29949879646
11606540000000,2.72457003593
11607490000000,3.15116882324
11608460000000,3.61312317848
11609420000000,4.03938579559
11610380000000,4.48886728287
11611350000000,4.93662834167
11612290000000,5.39850282669
