11425010000000,3.81643676758
11426180000000,3.54338407516
11427250000000,3.02320623398
11428340000000,2.4483628273
11429430000000,2.28208804131
11430530000000,1.92810881138
11431630000000,1.45954477787
11432750000000,0.952878236771
11433790000000,0.613200545311
11434860000000,0.370196521282
11435910000000,0.564465105534
11436950000000,1.02893185616
11437960000000,1.50520908833
11439020000000,1.98460018635
11440000000000,2.47996258736
11441030000000,2.94972920418
11442000000000,3.42643642426
11443000000000,3.89823818207
11444070000000,4.38315439224
11445050000000,4.89117383957
11446060000000,5.35504388809
11447010000000,5.85035133362
11447960000000,6.30883169174
11448940000000,6.73817539215
11449860000000,7.22452068329
11450840000000,7.63600349426
11451780000000,8.11504364014
11452730000000,8.55565261841
