
20959980000000,11.7561683655
20960750000000,11.5857543945
20961510000000,11.1597671509
20962310000000,10.8256654739
20963080000000,10.4336957932
20963850000000,10.0312108994
20964590000000,9.64268112183
20965380000000,9.29405784607
20966080000000,8.92421627045
20966780000000,8.6254901886
20967480000000,8.31248092651
20968160000000,7.93416261673
20968880000000,7.56869983673
20969570000000,7.25271511078
20970280000000,6.87900781631
20970950000000,6.547103405
20971610000000,6.25131082535
20972330000000,5.93892335892
20972980000000,5.5986571312
20973650000000,5.28374862671
20974340000000,4.97631549835
20975020000000,4.65150594711
20975690000000,4.30799245834
20976360000000,3.9936068058
20977000000000,3.70594501495
20977630000000,3.39667701721
20978270000000,3.10642457008
20978900000000,2.83362770081
20979540000000,2.57392001152
20980170000000,2.31671118736
20980800000000,2.08991265297
20981410000000,1.89391922951
20982070000000,1.70870804787
20982710000000,1.56064736843
20983320000000,1.46231198311
20983940000000,1.27136790752
20984550000000,1.11540615559
20985160000000,1.01386284828
20985780000000,0.991216599941
20986380000000,1.05572617054
20987010000000,1.29543876648
20987590000000,1.51834452152
20988180000000,1.76815509796
20988820000000,2.05352520943
20989460000000,2.32100820541
20990070000000,2.59053182602
20990670000000,2.83330988884
20991290000000,3.10607171059
20991970000000,3.35814929008
20992590000000,3.70831370354
20993190000000,3.98679614067
20993830000000,4.06100606918
20994470000000,4.15325689316
20995110000000,4.16400957108
20995740000000,4.14065790176
20996360000000,4.15908098221
20996950000000,3.99192380905
20997570000000,3.75311088562
20998230000000,3.52091693878
20998910000000,3.3479988575
20999550000000,3.17253136635
21000170000000,2.99458670616
21000770000000,2.88636612892
21001380000000,2.76591205597
21006760000000,2.70780158043
21007370000000,3.543186903
21007990000000,3.73315095901
21008590000000,3.9562830925
21009200000000,4.17205381393
21009830000000,4.39636611938
21010420000000,4.64499092102
21011040000000,4.86395931244
21011740000000,5.12454891205
21012410000000,5.40622758865
21013060000000,5.69178009033
