10976620000000,9.82933998108
10977720000000,9.30983161926
10978840000000,8.82443237305
10979980000000,8.38744163513
10981020000000,7.96490812302
10982130000000,7.61317777634
10983180000000,7.2640247345
10984260000000,6.9355764389
10985290000000,6.64430999756
10986320000000,6.36465740204
10987380000000,6.15336990356
10988400000000,5.94730997086
10989400000000,5.78700494766
10990400000000,5.70198583603
10991390000000,5.63417053223
10992380000000,5.60827064514
10993350000000,5.62579774857
10994290000000,5.68365383148
10995220000000,5.77877664566
10996160000000,5.90790271759
10997110000000,6.07079935074
10998060000000,6.25598144531
10999000000000,6.55716276169
10999940000000,6.67457199097
11000880000000,6.48044300079
11001860000000,6.44290351868
11002760000000,6.67294883728
11003690000000,6.90988922119
11004620000000,7.1569480896
11005570000000,7.42898702621
11006490000000,7.75348758698
11007440000000,8.11909866333
11008390000000,8.48697471619
11009320000000,8.85090446472
11010250000000,9.22518539429
11011190000000,9.59862422943
11012120000000,9.97202968597
11013080000000,10.3480634689
