
21059860000000,11.2957448959
21060670000000,11.1862459183
21061450000000,10.8020067215
21062170000000,10.3500413895
21062910000000,9.99093532562
21063650000000,9.6120967865
21064360000000,9.29752826691
21065070000000,8.91028404236
21065750000000,8.55025005341
21066480000000,8.2705373764
21067200000000,7.87361764908
21067860000000,7.54092645645
21068590000000,7.20575237274
21069270000000,6.84934282303
21069920000000,6.48729515076
21070620000000,6.21297693253
21071290000000,5.87137842178
21071920000000,5.5142250061
21072560000000,5.20894575119
21073240000000,4.87705755234
21073940000000,4.55691814423
21074590000000,4.17983961105
21075240000000,3.86460661888
21075920000000,3.54108810425
21076550000000,3.17338275909
21077200000000,2.91169810295
21077820000000,2.60977482796
21078430000000,2.30137300491
21079040000000,2.11821460724
21079680000000,2.08517289162
21080330000000,2.10617899895
21080950000000,1.92006969452
21081610000000,1.76926696301
21082260000000,1.66084706783
21082880000000,1.6019961834
21083500000000,1.5712262392
21084110000000,1.60495638847
21084710000000,1.6940870285
21085340000000,1.81520342827
21085940000000,1.9722121954
21086570000000,2.13174295425
21087180000000,2.3277733326
21087780000000,2.50613713264
21088410000000,2.72979927063
21089030000000,2.96712970734
21089630000000,3.2158229351
21090230000000,3.44657301903
21090850000000,3.69290781021
21091460000000,3.93471622467
21092060000000,4.13130092621
21092720000000,4.32848358154
21093340000000,4.51394557953
21093950000000,4.68914031982
21094580000000,4.89228343964
21095190000000,5.09737873077
21095800000000,5.31054639816
