11812210000000,11.5286979675
11813380000000,10.972574234
11814480000000,10.4958333969
11815560000000,10.1520061493
11816640000000,9.75352096558
11817740000000,9.33640193939
11818850000000,8.95637321472
11819970000000,8.61731529236
11821050000000,8.26988315582
11822110000000,8.00840568542
11823180000000,7.72891139984
11824240000000,7.45047140121
11825310000000,7.26341581345
11826400000000,7.10745382309
11827510000000,6.97670173645
11828550000000,6.87008333206
11829570000000,6.81942939758
11830570000000,6.86231184006
11831610000000,6.83178949356
11832580000000,6.51557445526
11833610000000,6.1279091835
11834660000000,5.70101833344
11835580000000,5.26036119461
11836550000000,4.88699150085
11837450000000,4.51760864258
11838400000000,4.1748380661
11839370000000,3.82621693611
11840290000000,3.50060153008
11841280000000,3.23890209198
11842240000000,2.99944162369
11843150000000,2.83009433746
11844040000000,2.73814749718
11844960000000,2.71383213997
11845930000000,2.77219700813
11846840000000,2.90906691551
11847880000000,3.12549996376
11848860000000,3.43619322777
11849770000000,3.73147463799
11850710000000,4.07960128784
11851660000000,4.43312072754
11852570000000,4.78933000565
11853500000000,5.17207050323
