
21248110000000,16.2179374695
21248860000000,15.9516773224
21249620000000,15.6283178329
21250370000000,15.2571563721
21251110000000,14.9227390289
21251820000000,14.590760231
21252550000000,14.2493276596
21253280000000,13.9110813141
21254020000000,13.5969324112
21254700000000,13.2436122894
21255400000000,12.9520082474
21256110000000,12.6280441284
21256800000000,12.2886104584
21257490000000,12.035071373
21258180000000,11.6652412415
21258890000000,11.3282566071
21259590000000,11.0553092957
21260250000000,10.724855423
21260910000000,10.4935569763
21261550000000,10.2821426392
21262230000000,10.0985984802
21262910000000,9.85071563721
21263550000000,9.61741638184
21264250000000,9.37271213531
21264910000000,9.12358379364
21265550000000,8.86466121674
21266200000000,8.67545032501
21266820000000,8.46717262268
21267450000000,8.34777736664
21268060000000,8.36619567871
21268710000000,8.34572887421
21269330000000,8.30871105194
21269940000000,8.30423736572
21270570000000,8.23492050171
21271230000000,8.41315078735
21271880000000,8.69086360931
21272560000000,8.98624324799
21273200000000,9.28359508514
21273840000000,9.57371520996
21274510000000,9.83691978455
21275160000000,10.1782503128
21275810000000,10.4829950333
21276490000000,10.7665958405
21277130000000,11.1251144409
21277800000000,11.4010725021
21278520000000,11.6975231171
21279160000000,12.0711202621
21279860000000,12.424902916
21280530000000,12.7401561737
21281230000000,13.0509881973
21281930000000,13.3453168869
21282640000000,13.7031793594
21283320000000,13.9932842255
21284030000000,14.3628702164
