10880940000000,9.74032592773
10882040000000,9.25802993774
10883170000000,8.7277841568
10884300000000,8.28704166412
10885400000000,7.87468099594
10886530000000,7.48499536514
10887600000000,7.13906383514
10888640000000,6.84213685989
10889660000000,6.57707929611
10890670000000,6.36732721329
10891720000000,6.16992902756
10892710000000,6.00150537491
10893720000000,5.87823915482
10894710000000,5.79038143158
10895690000000,5.73893594742
10896670000000,5.73157835007
10897640000000,5.76112174988
10898590000000,5.83031654358
10899570000000,5.93783092499
10900480000000,6.08383655548
10901410000000,6.26106643677
10902360000000,6.46123838425
10903320000000,6.67007541656
10904270000000,6.53061199188
10905190000000,6.37541103363
10906120000000,6.53894805908
10907050000000,6.61906147003
10908000000000,6.3955245018
10908960000000,6.06248998642
10909920000000,5.62043619156
10910870000000,5.20111179352
10911800000000,4.77181482315
10912730000000,4.33369112015
10913690000000,3.86787080765
10914640000000,3.40494132042
10915630000000,2.95423388481
10916580000000,2.49432659149
10917550000000,2.02616882324
10918510000000,1.57657182217
10919480000000,1.13441538811
