
11011060000000,11.9414739609
11012100000000,11.9414224625
11013210000000,11.8938074112
11014260000000,11.3581209183
11015270000000,10.9555358887
11016300000000,10.5637016296
11017350000000,10.4842824936
11018320000000,10.3693151474
11019320000000,10.3835897446
11020380000000,10.3729658127
11021440000000,10.132610321
11022450000000,9.71751117706
11023490000000,9.27796840668
11024480000000,8.74688148499
11025430000000,8.28811073303
11026400000000,7.80819034576
11027380000000,7.31983470917
11028360000000,6.80091524124
11029340000000,6.35312128067
11030290000000,5.86178874969
11031210000000,5.37148141861
11032150000000,4.92645645142
11033110000000,4.4440946579
11034050000000,3.95444774628
11034940000000,3.52559828758
11035880000000,3.07096004486
11036770000000,2.59940242767
11037740000000,2.17301774025
11038690000000,1.69587123394
11039620000000,1.28573524952
11040560000000,1.07603287697
