
10888310000000,15.9223518372
10889350000000,15.9223880768
10890390000000,15.7084608078
10891420000000,15.2863254547
10892530000000,14.9204998016
10893550000000,14.9951992035
10894590000000,15.3858470917
10895560000000,15.690618515
10896610000000,15.8566970825
10897660000000,16.0969047546
10898700000000,16.2752494812
10899730000000,15.7912101746
10900710000000,15.360663414
10901720000000,14.9181108475
10902720000000,14.4422950745
10903660000000,14.0248851776
10904700000000,13.6111087799
10905720000000,13.1923322678
10906680000000,12.7403841019
10907690000000,12.3495731354
10908690000000,11.9446258545
10909700000000,11.5385446548
10910680000000,11.1684274673
10911660000000,10.7875843048
10912630000000,10.4096126556
10913630000000,10.0247688293
10914650000000,9.64165306091
10915590000000,9.31177806854
10916560000000,9.02099132538
10917550000000,8.74645900726
10918540000000,8.70679569244
