
21059860000000,16.1801128387
21060670000000,16.0782718658
21061450000000,15.6885280609
21062170000000,15.3041505814
21062910000000,14.958943367
21063650000000,14.6222000122
21064360000000,14.2864313126
21065070000000,13.9675931931
21065750000000,13.6333093643
21066480000000,13.3479795456
21067200000000,13.0324544907
21067860000000,12.7142124176
21068590000000,12.4131507874
21069270000000,12.0849294662
21069920000000,11.8259162903
21070620000000,11.5340414047
21071290000000,11.2890291214
21071920000000,11.0445137024
21072560000000,10.7754268646
21073240000000,10.5111646652
21073940000000,10.2699108124
21074590000000,9.98844528198
21075240000000,9.72791290283
21075920000000,9.48090171814
21076550000000,9.2226266861
21077200000000,9.00820827484
21077820000000,8.79164791107
21078430000000,8.59502315521
21079040000000,8.44377231598
21079680000000,8.48761177063
21080330000000,8.46283435822
21080950000000,8.191157341
21081610000000,7.91858768463
21082260000000,7.58350515366
21082880000000,7.3260011673
21083500000000,7.07118415833
21084110000000,6.78405761719
21084710000000,6.52583837509
21085340000000,6.25040626526
21085940000000,5.98555278778
21086570000000,5.69998216629
21087180000000,5.4056801796
21087780000000,5.14841604233
21088410000000,4.85649299622
21089030000000,4.57579469681
21089630000000,4.28488302231
21090230000000,4.02470207214
21090850000000,3.7558991909
21091460000000,3.49267935753
21092060000000,3.29639720917
21092720000000,3.08196759224
21093340000000,2.78173041344
21093950000000,2.50074243546
21094580000000,2.22032475471
21095190000000,1.94555294514
21095800000000,1.67062413692
