11075480000000,10.0926570892
11076610000000,9.65771389008
11077740000000,9.21434211731
11078870000000,8.67287349701
11080000000000,8.11470508575
11081120000000,7.57423830032
11082200000000,7.04951334
11083290000000,6.52929735184
11084380000000,5.99512910843
11085460000000,5.47797203064
11086540000000,4.95313358307
11087580000000,4.42384767532
11088630000000,3.92274403572
11089720000000,3.42182588577
11090770000000,2.91398572922
11091830000000,2.41244721413
11092860000000,1.9353685379
11093910000000,1.52153778076
11094960000000,1.33313024044
11095990000000,0.928462684155
11096950000000,0.511939823627
11097920000000,0.313509494066
11098910000000,0.674204945564
11099890000000,1.16333782673
11100810000000,1.64892542362
11101780000000,2.08151364326
11102720000000,2.55862998962
11103660000000,3.01818227768
11104590000000,3.47265625
11105490000000,3.9238615036
11106420000000,4.31957912445
11107350000000,4.71257066727
11108260000000,5.16762113571
11109140000000,5.59677696228
11110080000000,5.99735641479
11111000000000,6.45798635483
