11345440000000,3.96032881737
11346580000000,3.86857914925
11347720000000,3.3649020195
11348890000000,2.90585780144
11349990000000,2.3411450386
11351100000000,1.84535002708
11351730000000,1.33824121952
11353300000000,0.90542703867
11354390000000,0.832177817822
11355500000000,0.743306577206
11356590000000,0.82771062851
11357610000000,1.25588560104
11358650000000,1.66922736168
11359730000000,2.08710837364
11360800000000,2.60682821274
11361870000000,3.09061741829
11362940000000,3.59883165359
11363990000000,4.11401319504
11365010000000,4.60988950729
11366050000000,5.09572696686
11367080000000,5.58381414413
11368120000000,6.07983255386
11369140000000,6.5686917305
11370190000000,7.06424236298
11371210000000,7.56473016739
11372260000000,8.0467710495
11373280000000,8.52960777283
