10976620000000,17.883687973
10977720000000,17.4678134918
10978840000000,16.9413051605
10979980000000,16.4298019409
10981020000000,16.0325641632
10982130000000,15.3546085358
10983180000000,14.8022069931
10984260000000,14.4237413406
10985290000000,13.8166627884
10986320000000,13.3550205231
10987380000000,12.9521722794
10988400000000,12.3108491898
10989400000000,11.8007907867
10990400000000,11.3029336929
10991390000000,11.1401987076
10992380000000,10.3274841309
10993350000000,9.83306503296
10994290000000,9.37278461456
10995220000000,8.98577213287
10996160000000,8.49514389038
10997110000000,8.12690544128
10998060000000,7.68667221069
10999000000000,7.45491695404
10999940000000,7.46322202682
11000880000000,6.97839736938
11001860000000,6.71428155899
11002760000000,6.16708087921
11003690000000,5.70531129837
11004620000000,5.28526210785
11005570000000,4.9914855957
11006490000000,4.5502166748
11007440000000,4.00161123276
11008390000000,3.55383944511
11009320000000,3.19020199776
11010240000000,2.77664089203
11011190000000,2.32701826096
11012120000000,1.71514511108
11013080000000,1.27169895172
