11345440000000,18.4013175964
11346580000000,18.1417293549
11347720000000,17.7915420532
11348890000000,17.2352809906
11349990000000,16.8236370087
11351100000000,16.7209434509
11352210000000,16.5189990997
11353300000000,16.4611968994
11354390000000,16.5395526886
11355500000000,16.2440643311
11356590000000,15.8724393845
11357610000000,15.42831707
11358650000000,15.0610198975
11359730000000,14.681763649
11360800000000,14.3727121353
11361870000000,14.134721756
11362940000000,14.0186681747
11363990000000,13.8925056458
11365010000000,13.3321180344
11366050000000,13.3877105713
11367080000000,12.8859548569
11368120000000,12.7485246658
11369140000000,12.576874733
11370190000000,12.4614419937
11371210000000,12.298620224
11372260000000,12.234131813
11373280000000,11.9543819427
