11812210000000,3.34911584854
11813380000000,2.86596560478
11814480000000,2.72368550301
11815560000000,2.90355730057
11816640000000,3.16123223305
11817740000000,3.4965493679
11818850000000,3.87736320496
11819970000000,4.28070688248
11821050000000,4.71232509613
11822110000000,5.15542125702
11823180000000,5.62154769897
11824240000000,6.08075666428
11825310000000,6.54238700867
11826400000000,7.00197458267
11827510000000,7.49395513535
11828930000000,8.00125980377
11829570000000,8.4763507843
11830570000000,8.78268146515
11831610000000,8.92117595673
11832580000000,9.08581638336
11833610000000,9.19291305542
11834660000000,9.33196353912
11835580000000,9.48103141785
11836550000000,9.63458633423
11837450000000,9.8006772995
11838400000000,10.0135269165
11839370000000,10.2586841583
11840290000000,10.5333385468
11841280000000,10.7228832245
11842240000000,11.0510053635
11843150000000,11.3002614975
11844040000000,11.5663261414
11844960000000,11.9156045914
11845930000000,12.161444664
11846840000000,12.4887523651
11847880000000,12.7897148132
11848860000000,13.1559009552
11849770000000,13.4817800522
11850710000000,13.8441476822
11851660000000,14.1543092728
11852570000000,14.5832681656
11853500000000,14.9627771378
