
20959980000000,3.63573670387
20960750000000,3.47469902039
20961510000000,3.19787240028
20962310000000,3.0109307766
20963080000000,2.91584157944
20963850000000,2.87640380859
20964590000000,2.89551520348
20965380000000,2.95406460762
20966080000000,3.06444096565
20966780000000,3.19845581055
20967480000000,3.35759520531
20968160000000,3.54521012306
20968880000000,3.758862257
20969570000000,3.98168706894
20970280000000,4.22538471222
20970950000000,4.4854054451
20971610000000,4.73187828064
20972330000000,4.98465394974
20972980000000,5.27770233154
20973650000000,5.55902957916
20974340000000,5.85388183594
20975020000000,6.14163732529
20975690000000,6.44779920578
20976360000000,6.7646150589
20977000000000,7.10445404053
20977630000000,7.38542604446
20978270000000,7.63288593292
20978900000000,7.93369102478
20979540000000,8.22607517242
20980170000000,8.53322696686
20980800000000,8.81300926208
20981410000000,9.08429050446
20982070000000,9.32435512543
20982710000000,9.60354614258
20983320000000,9.84991455078
20983940000000,9.98979091644
20984550000000,10.1240310669
20985160000000,10.3190193176
20985780000000,10.4929018021
20986380000000,10.7475690842
20987010000000,11.0225801468
20987590000000,11.2543973923
20988180000000,11.566163063
20988820000000,11.7666397095
20989460000000,12.1424036026
20990070000000,12.3780231476
20990670000000,12.6436195374
20991290000000,12.8999643326
20991970000000,13.1843194962
20992590000000,13.5187044144
20993420000000,13.8048992157
20993830000000,13.9280900955
20994470000000,13.9601545334
20995110000000,13.9384307861
20995740000000,13.9609489441
20996360000000,13.9801635742
20996950000000,13.8307142258
20997570000000,13.5549278259
20998230000000,13.3813095093
20998910000000,13.1218214035
20999550000000,12.9011163712
21000170000000,12.767996788
21000770000000,12.5889291763
21001380000000,12.4446973801
21006760000000,12.2824478149
21007370000000,11.2147979736
21007990000000,11.1325263977
21008590000000,10.9925279617
21009200000000,10.9062862396
21009830000000,10.7890014648
21010420000000,10.7063436508
21011040000000,10.6478557587
21011740000000,10.6058359146
21012410000000,10.561832428
21013060000000,10.5295362473
