
21320870000000,3.17828989029
21321620000000,2.85638189316
21322360000000,2.52842974663
21323100000000,2.35977602005
21323810000000,2.28790140152
21324540000000,2.18754458427
21325290000000,2.26579976082
21326010000000,2.62171006203
21326770000000,2.93415284157
21327500000000,3.20757985115
21328270000000,3.49782252312
21328980000000,3.84114480019
21329730000000,4.13741254807
21330460000000,4.47924470901
21331220000000,4.78031873703
21331920000000,5.13436985016
21332690000000,5.44456958771
21333420000000,5.7998008728
21334110000000,6.12571048737
21334810000000,6.41407394409
21335570000000,6.73661994934
21336310000000,7.03644895554
21337020000000,7.33782052994
21337760000000,7.54676246643
21338920000000,7.79472541809
21343710000000,8.10658168793
21344430000000,7.35847616196
21345160000000,7.03510141373
21345860000000,6.67826604843
21346560000000,6.35081386566
21347250000000,6.03171825409
21347970000000,5.70586204529
21348680000000,5.37183713913
21349390000000,5.03846788406
21350120000000,4.70850563049
21350840000000,4.35674858093
21351560000000,4.02424430847
21352270000000,3.70259261131
21352970000000,3.36735105515
21353670000000,3.04008436203
21354360000000,2.70603084564
21355090000000,2.39203953743
21355790000000,2.05134630203
21356490000000,1.74453771114
21357210000000,1.48961663246
21357900000000,1.24003398418
21358630000000,0.911761462688
