
21248110000000,17.460899353
21248860000000,17.2252445221
21249620000000,17.0293655396
21250370000000,16.7023735046
21251110000000,16.1631603241
21251820000000,15.8428764343
21252550000000,15.4139976501
21253280000000,15.0687475204
21254020000000,14.7200202942
21254700000000,14.4523963928
21255400000000,14.2049608231
21256110000000,13.7178707123
21256800000000,13.5088090897
21257490000000,13.1487417221
21258180000000,12.681801796
21258890000000,12.3383226395
21259590000000,12.1507987976
21260250000000,11.7026348114
21260910000000,11.7447538376
21261550000000,11.3719778061
21262230000000,11.0097370148
21262910000000,10.4806966782
21263550000000,10.4552354813
21264250000000,9.9080619812
21264910000000,9.54445552826
21265550000000,9.24292469025
21266200000000,9.12440776825
21266820000000,8.6881685257
21267450000000,8.67426109314
21268060000000,8.59712982178
21268710000000,8.74528121948
21269330000000,8.64621829987
21269940000000,8.6690454483
21270570000000,8.55450344086
21271230000000,8.74242782593
21271880000000,9.11050224304
21272560000000,9.4216337204
21273200000000,9.72618961334
21273840000000,10.0299091339
21274510000000,10.3040447235
21275160000000,10.6800909042
21275810000000,10.9959802628
21276490000000,11.2554636002
21277130000000,11.6492795944
21277800000000,11.9464712143
21278520000000,12.4310207367
21279160000000,12.6813097
21279860000000,12.8942842484
21280530000000,13.1843423843
21281230000000,13.4491405487
21281930000000,13.9902000427
21282640000000,14.094669342
21283320000000,14.4281845093
21284030000000,14.8332529068
