11345440000000,10.1651754379
11346580000000,10.0976810455
11347720000000,9.55391597748
11348890000000,9.27568721771
11349990000000,9.14541435242
11351100000000,9.24230384827
11352210000000,9.47107505798
11353300000000,9.68381309509
11354390000000,9.83214855194
11355500000000,9.60109519958
11356590000000,9.30222702026
11357610000000,8.82275295258
11358650000000,8.40725517273
11359730000000,7.97822237015
11360800000000,7.46713113785
11361870000000,6.97529554367
11362940000000,6.46732568741
11363990000000,5.95025157928
11365010000000,5.45730352402
11366050000000,4.97254896164
11367080000000,4.48946523666
11368120000000,3.99573493004
11369140000000,10.3422117233
11370190000000,3.01624059677
11371210000000,2.52074956894
11372260000000,2.04629182816
11373280000000,1.57455003262
