10768740000000,11.7861557007
10769870000000,11.362695694
10771010000000,10.8893995285
10772140000000,10.4545955658
10773220000000,10.0013713837
10774310000000,9.60582256317
10775390000000,9.07429599762
10776460000000,8.65857982635
10777500000000,8.19264698029
10778560000000,7.76351690292
10779600000000,7.40683078766
10780610000000,6.98365116119
10781670000000,6.58027362823
10782710000000,6.20873212814
10783750000000,5.82096385956
10784740000000,5.47107458115
10785700000000,5.16918182373
10786680000000,4.90362501144
10787670000000,4.67251062393
10788660000000,4.46475601196
10789610000000,4.30121326447
10790610000000,4.17613792419
10791550000000,4.08395767212
10792500000000,4.02226018906
10793450000000,4.00689268112
10794400000000,4.03637218475
10795310000000,4.12955999374
10796280000000,4.25694084167
10797160000000,4.43788051605
10798090000000,4.63497686386
10798990000000,4.87356376648
10799880000000,5.12126398087
10800770000000,5.40217638016
10801690000000,5.66881084442
10802630000000,5.52050971985
10803520000000,5.30827474594
10804460000000,5.0221824646
10805380000000,5.03970623016
10806300000000,4.95231246948
10807230000000,4.79375886917
10808190000000,4.66694498062
10809090000000,4.61488389969
10810020000000,4.40297412872
10810920000000,4.28926229477
10811810000000,4.25646162033
10812770000000,4.33037042618
10813680000000,4.54920959473
10814640000000,4.83763074875
10815570000000,5.0956864357
10816530000000,5.35776662827
10817480000000,5.64315223694
