
10888310000000,9.18844890594
10889350000000,9.18847942352
10890390000000,9.04312705994
10891420000000,8.68754482269
10892530000000,8.45478725433
10893560000000,8.70243358612
10894590000000,9.17081165314
10895560000000,9.60127544403
10896610000000,9.91237926483
10897660000000,10.2017774582
10898700000000,10.3267173767
10899730000000,9.82876491547
10900710000000,9.33926773071
10901720000000,8.85170459747
10902720000000,8.33155345917
10903660000000,7.8326830864
10904700000000,7.36929893494
10905720000000,6.8698554039
10906680000000,6.33990430832
10907690000000,5.87678003311
10908690000000,5.36368370056
10909700000000,4.8678894043
10910680000000,4.36670827866
10911660000000,3.88843727112
10912630000000,3.40753412247
10913630000000,2.93683743477
10914650000000,2.44812226295
10915590000000,1.94319343567
10916560000000,1.47699308395
10917550000000,1.03831589222
10918540000000,1.01337194443
