11345440000000,16.9553451538
11346580000000,16.8833503723
11347720000000,16.3555221558
11348890000000,16.0153007507
11349990000000,15.7632722855
11351100000000,15.6490488052
11352210000000,15.672914505
11353300000000,15.7957391739
11354390000000,15.8775100708
11355500000000,15.5803508759
11356590000000,15.2046060562
11357610000000,14.7377510071
11358650000000,14.392786026
11359730000000,13.909318924
11360800000000,13.4711179733
11361870000000,13.0545663834
11362940000000,12.6335611343
11363990000000,12.2284078598
11365010000000,11.7959899902
11366050000000,11.4216651917
11367080000000,11.0432853699
11368120000000,10.6924600601
11369140000000,10.3422117233
11370190000000,9.97347640991
11371210000000,9.60834312439
11372260000000,9.29093933105
11373280000000,9.02818870544
