
11191390000000,11.4242181778
11192440000000,11.4243345261
11193480000000,11.469534874
11194580000000,11.357211113
11195590000000,10.8285655975
11196690000000,10.5791196823
11197680000000,10.461807251
11198710000000,10.4161882401
11199650000000,10.3964700699
11200670000000,10.3165836334
11201640000000,10.4300441742
11202630000000,10.4050073624
11203660000000,9.96559715271
11204670000000,9.46771335602
11205660000000,8.92714691162
11206690000000,8.45152282715
11207680000000,7.9422712326
11208690000000,7.51041936874
11209610000000,7.02862596512
11210580000000,6.64234876633
11211550000000,6.19334459305
11212530000000,5.7431101799
11213430000000,5.25681877136
11214410000000,4.86654186249
11215310000000,4.40591001511
11216270000000,3.98869228363
11217220000000,3.47181916237
11218180000000,2.99273991585
11219060000000,2.53108692169
11220000000000,2.1227107048
11221020000000,1.66995978355
11221960000000,1.26305150986
11222870000000,0.921270847321
11223750000000,0.731130182743
11224640000000,0.820210337639
11225580000000,1.16640782356
11226500000000,1.56758892536
11227360000000,2.00968408585
11228290000000,2.41872262955
11229180000000,2.9031996727
11230090000000,3.35805678368
11231020000000,3.79110527039
11231950000000,4.27294540405
11232860000000,4.71176767349
11233670000000,4.96761894226
11234580000000,4.96762752533
11235480000000,4.96769714355
