
21159370000000,3.14459657669
21160160000000,3.05989336967
21160890000000,2.7762055397
21161620000000,2.67562484741
21162390000000,2.80478811264
21163170000000,2.9723482132
21163890000000,3.18783116341
21164650000000,3.41560697556
21165360000000,3.68186545372
21166120000000,3.91296839714
21166840000000,4.21804141998
21167540000000,4.53426933289
21168250000000,4.83042764664
21169000000000,5.14041090012
21169720000000,5.47971868515
21170400000000,5.79309606552
21171120000000,6.11040735245
21171820000000,6.43000268936
21172530000000,6.74384689331
21173260000000,7.0949921608
21173720000000,7.43161678314
21174670000000,7.71862030029
21175400000000,7.89398765564
21176070000000,8.10085868835
21176750000000,8.31918239594
21177430000000,8.55887889862
21178110000000,8.79782009125
21178760000000,9.02661800385
21179390000000,9.26088619232
21180060000000,9.49502086639
21180690000000,9.7359418869
21181360000000,9.97972869873
21182030000000,10.2437810898
21182660000000,10.5035028458
21183330000000,10.7665700912
21183970000000,11.0154247284
21184600000000,11.2961988449
21185240000000,11.5584468842
21185840000000,11.8570489883
21186480000000,12.1271896362
21187120000000,12.3727083206
21187730000000,12.6698036194
21188350000000,12.915178299
21188970000000,13.1514787674
21189610000000,13.3709039688
21190220000000,13.6981420517
21190870000000,13.9569759369
21191580000000,14.1943426132
