11499260000000,10.0704526901
11500430000000,9.63227081299
11501570000000,9.18099308014
11502680000000,8.78139019012
11503750000000,8.3939781189
11504850000000,8.03306007385
11505900000000,7.69436979294
11506950000000,7.39688873291
11508000000000,7.10795545578
11509030000000,6.85369205475
11510070000000,6.61829328537
11511090000000,6.42008829117
11512100000000,6.25577545166
11513100000000,6.12767553329
11514080000000,6.04151201248
11515090000000,5.97739076614
11516070000000,5.95753002167
11517000000000,5.99086952209
11517920000000,6.03040409088
11518890000000,6.11272382736
11519810000000,6.23391199112
11520740000000,6.37738084793
11521660000000,6.55766248703
11522590000000,6.64146137238
11523540000000,6.4154214859
11524460000000,6.0626282692
11525410000000,5.71967554092
11526360000000,5.31618881226
11527320000000,4.89477300644
11528240000000,4.45473814011
11529150000000,3.99744081497
11530120000000,3.58785104752
11531070000000,3.12054300308
11532030000000,2.69368171692
11532990000000,2.24275875092
11533920000000,1.80497002602
11534910000000,1.38779175282
