
21059860000000,3.18790316582
21060670000000,3.08402228355
21061450000000,2.81264591217
21062170000000,2.66901469231
21062910000000,2.59628605843
21063650000000,2.57258749008
21064360000000,2.59771251678
21065070000000,2.67994022369
21065750000000,2.79101657867
21066480000000,2.93329238892
21067200000000,3.10197615623
21067860000000,3.30300807953
21068590000000,3.51641726494
21069270000000,3.76039814949
21069920000000,4.00648450851
21070620000000,4.25493907928
21071290000000,4.52484846115
21071920000000,4.80769729614
21072560000000,5.04749679565
21073240000000,5.33355140686
21073940000000,5.63586616516
21074590000000,5.92746639252
21075240000000,6.22837877274
21075920000000,6.54912900925
21076550000000,6.84505224228
21077200000000,7.11900806427
21077820000000,7.42305707932
21078620000000,7.71344423294
21079040000000,7.91185665131
21079680000000,7.8896446228
21080330000000,7.91262817383
21080950000000,8.12085342407
21081610000000,8.32709121704
21082260000000,8.59315109253
21082880000000,8.77042961121
21083500000000,8.97892093658
21084110000000,9.20946598053
21084710000000,9.44750404358
21085340000000,9.71119499207
21085940000000,9.98853206635
21086570000000,10.2198905945
21087180000000,10.4830198288
21087780000000,10.7766265869
21088410000000,10.9971485138
21089030000000,11.3528108597
21089630000000,11.6470527649
21090230000000,11.8802852631
21090850000000,12.159825325
21091460000000,12.4041824341
21092060000000,12.574139595
21092720000000,12.8400688171
21093340000000,13.1536207199
21093950000000,13.3874387741
21094580000000,13.6342964172
21095190000000,13.9404945374
21095800000000,14.1815681458
