
20959980000000,9.79623889923
20960750000000,9.5975189209
20961510000000,9.25221920013
20962310000000,8.85958576202
20963080000000,8.50286006927
20963850000000,8.20613098145
20964590000000,7.88790988922
20965380000000,7.60635185242
20966080000000,7.30765104294
20966780000000,7.04145145416
20967480000000,6.7968788147
20968160000000,6.54382514954
20968880000000,6.31145048141
20969570000000,6.08690881729
20970280000000,5.87202262878
20970950000000,5.6721572876
20971610000000,5.49585199356
20972330000000,5.34013271332
20972980000000,5.16883611679
20973650000000,5.04492378235
20974340000000,4.92993068695
20975020000000,4.83508300781
20975690000000,4.75459909439
20976360000000,4.71374368668
20977000000000,4.67841815948
20977630000000,4.67346096039
20978270000000,4.69135093689
20978900000000,4.73023557663
20979540000000,4.78744268417
20980170000000,4.86566972733
20980800000000,4.95953273773
20981410000000,5.0624499321
20982070000000,5.19259262085
20982710000000,5.33912706375
20983320000000,5.45707273483
20983940000000,5.68959474564
20984550000000,5.87467002869
20985160000000,6.0863237381
20985780000000,6.3088517189
20986380000000,6.54046392441
20987010000000,6.75967741013
20987590000000,6.96913719177
20988180000000,7.18726110458
20988820000000,7.40748262405
20989460000000,7.64761161804
20990070000000,7.89109325409
20990670000000,8.0996131897
20991290000000,8.33531188965
20991970000000,8.58532238007
20992590000000,8.89839839935
20993190000000,9.17116069794
20993830000000,9.27481365204
20994470000000,9.28450012207
20995110000000,9.36330413818
20995740000000,9.34737491608
20996360000000,9.38830471039
20996950000000,9.18514060974
20997570000000,8.90298938751
20998230000000,8.61655044556
20998910000000,8.31145381927
20999550000000,7.97743082047
21000170000000,7.67442941666
21000770000000,7.3899269104
21001380000000,7.09786462784
21006760000000,6.80198669434
21007370000000,4.25128650665
21007990000000,3.97932934761
21008590000000,3.68172979355
21009200000000,3.4079451561
21009830000000,3.12254953384
21010420000000,2.82295441628
21011040000000,2.55961489677
21011740000000,2.26646900177
21012410000000,1.9610222578
21013060000000,1.68704664707
