
11011060000000,3.76565074921
11012100000000,3.76560807228
11013210000000,3.7338809967
11014260000000,3.21766161919
11015270000000,2.81682872772
11016300000000,2.31489419937
11017350000000,1.81527018547
11018330000000,1.35108053684
11019320000000,0.913024127483
11020380000000,0.804356217384
11021440000000,0.682253599167
11022450000000,0.831221878529
11023490000000,1.11489963531
11024480000000,1.48694264889
11025430000000,1.89681482315
11026400000000,2.31855988503
11027380000000,2.77864670753
11028360000000,3.24833416939
11029340000000,3.71795606613
11030290000000,4.18968105316
11031210000000,4.65643358231
11032150000000,5.11649608612
11033110000000,5.59497117996
11034050000000,6.04106283188
11034940000000,6.5447435379
11035880000000,6.9450712204
11036770000000,7.39797019958
11037740000000,7.83731794357
11038690000000,8.32139015198
11039620000000,8.77807331085
11040560000000,8.9703874588
