
20959980000000,16.5984516144
20960750000000,16.4145050049
20961510000000,16.0352840424
20962310000000,15.6460800171
20963080000000,15.2623538971
20963850000000,14.9051084518
20964590000000,14.514796257
20965380000000,14.1864624023
20966080000000,13.8108701706
20966780000000,13.4703931808
20967480000000,13.1554374695
20968160000000,12.826210022
20968880000000,12.5099897385
20969570000000,12.1681280136
20970280000000,11.8330402374
20970950000000,11.5108385086
20971610000000,11.2174291611
20972330000000,10.9129333496
20972980000000,10.5930891037
20973650000000,10.277472496
20974340000000,9.98892116547
20975020000000,9.67707252502
20975690000000,9.33312320709
20976360000000,9.06653881073
20977000000000,8.74925994873
20977630000000,8.46321868896
20978270000000,8.19645690918
20978900000000,7.91647195816
20979540000000,7.64999675751
20980170000000,7.42303705215
20980800000000,7.11830186844
20981410000000,6.8625702858
20982070000000,6.64298725128
20982710000000,6.4427857399
20983320000000,6.24191427231
20983940000000,6.14623069763
20984550000000,6.13759374619
20985160000000,6.05082607269
20985780000000,5.96121835709
20986380000000,5.87204742432
20987010000000,5.74036407471
20987590000000,5.62495422363
20988180000000,5.52152299881
20988820000000,5.4313621521
20989460000000,5.36747264862
20990070000000,5.33126831055
20990670000000,5.30276918411
20991290000000,5.33339738846
20991970000000,5.40277194977
20992590000000,5.53071546555
20993190000000,5.65823984146
20993830000000,5.72438049316
20994470000000,5.67313671112
20995110000000,5.79101610184
20995740000000,5.79208230972
20996360000000,5.83974218369
20996950000000,5.69106721878
20997570000000,5.46128749847
20998230000000,5.25267219543
20998910000000,5.0418639183
20999550000000,4.83025503159
21000170000000,4.66402292252
21000770000000,4.51538944244
21001380000000,4.41536140442
21006760000000,4.32705497742
21007370000000,4.72656822205
21007990000000,4.83734607697
21008590000000,5.01966428757
21009200000000,5.19294118881
21009830000000,5.36849212646
21010420000000,5.55138683319
21011040000000,5.73747634888
21011740000000,5.97895240784
21012410000000,6.25889348984
21013060000000,6.51759004593
