11425010000000,10.0353651047
11426180000000,9.74152469635
11427250000000,9.22287273407
11428340000000,8.89635944366
11429430000000,8.778424263
11430530000000,8.90557289124
11431620000000,9.19137954712
11432750000000,9.53023052216
11433790000000,9.67224216461
11434860000000,9.79890918732
11435910000000,9.52482509613
11436950000000,9.20128822327
11437960000000,8.88589668274
11439030000000,8.60222148895
11440000000000,8.30457210541
11441030000000,8.042345047
11442000000000,7.80109262466
11443000000000,7.59028530121
11444070000000,7.38231039047
11445050000000,7.20793962479
11446060000000,7.06778669357
11447010000000,6.95463609695
11447960000000,6.87812995911
11448940000000,6.83165884018
11449860000000,6.87273931503
11450840000000,6.83296966553
11451780000000,6.87441778183
11452730000000,6.95011091232
