
11011060000000,18.1054611206
11012100000000,18.1053981781
11013210000000,18.272605896
11014260000000,17.7026786804
11015270000000,17.1026668549
11016300000000,16.9152870178
11017350000000,16.7188491821
11018320000000,16.775604248
11019320000000,16.6590919495
11020380000000,16.6521949768
11021440000000,16.4583053589
11022450000000,16.1548576355
11023490000000,15.6415090561
11024480000000,15.1492176056
11025430000000,14.5467233658
11026400000000,14.0984659195
11027380000000,13.590628624
11028360000000,13.1343545914
11029340000000,12.6492509842
11030290000000,12.6292133331
11031210000000,11.8612575531
11032150000000,11.2658538818
11033110000000,10.7165956497
11034060000000,10.2506046295
11034940000000,9.81529712677
11035880000000,9.40759181976
11036770000000,9.07645225525
11037740000000,8.59592247009
11038690000000,8.12602138519
11039620000000,7.72909402847
11040560000000,7.53589916229
