10880940000000,11.6216754913
10882040000000,11.1976118088
10883170000000,10.6340198517
10884300000000,10.204826355
10885400000000,9.65583896637
10886530000000,9.14946556091
10887600000000,8.6442193985
10888640000000,8.08429908752
10889660000000,7.60151672363
10890670000000,7.13209486008
10891720000000,6.65985441208
10892710000000,6.16046476364
10893720000000,5.65409421921
10894710000000,5.15262174606
10895690000000,4.68160009384
10896670000000,4.19293212891
10897640000000,3.75045108795
10898590000000,3.27188038826
10899570000000,2.78289556503
10900480000000,2.29618501663
10901410000000,1.85194087029
10902360000000,1.45430493355
10903320000000,1.1228839159
10904270000000,1.29321014881
10905190000000,1.51485085487
10906120000000,1.572717309
10907050000000,1.56605780125
10907990000000,1.52221214771
10908960000000,1.50378072262
10909920000000,1.76837921143
10910870000000,2.06036138535
10911800000000,2.36272001266
10912730000000,2.71548199654
10913690000000,3.12339615822
10914640000000,3.54862260818
10915630000000,3.98410916328
10916580000000,4.42159223557
10917550000000,4.865878582
10918510000000,5.31181526184
10919480000000,5.75284528732
