
21059860000000,17.6335334778
21060670000000,17.3655261993
21061450000000,16.936498642
21062170000000,16.498210907
21062910000000,16.3063335419
21063650000000,15.817281723
21064360000000,15.4666280746
21065070000000,15.2168874741
21065750000000,14.9244689941
21066480000000,14.4627056122
21067200000000,14.2053194046
21067860000000,13.7759695053
21068590000000,13.4099340439
21069270000000,13.0198431015
21069920000000,12.6812753677
21070620000000,12.3537273407
21071290000000,12.1525201797
21071920000000,11.6955690384
21072560000000,11.3885746002
21073240000000,11.1778755188
21073940000000,10.7583150864
21074590000000,10.4169006348
21075240000000,10.0866689682
21075920000000,9.99383640289
21076550000000,9.49206352234
21077200000000,9.34172916412
21077820000000,9.07907390594
21078430000000,8.62093544006
21079040000000,8.45634746552
21079680000000,8.63158130646
21080330000000,8.62865161896
21080950000000,8.26001834869
21081610000000,8.21291351318
21082260000000,7.83159589767
21082880000000,7.73577165604
21083500000000,7.64083433151
21084110000000,7.45297670364
21084710000000,7.34558439255
21085340000000,7.221159935
21085940000000,7.21452140808
21086570000000,7.16453552246
21087180000000,6.91100358963
21087780000000,6.75436258316
21088410000000,6.65959644318
21089030000000,6.51446199417
21089630000000,6.4434633255
21090230000000,6.3842716217
21090850000000,6.34174060822
21091460000000,6.30516242981
21092060000000,6.30391931534
21092720000000,6.2790646553
21093340000000,6.14330482483
21093950000000,6.04529428482
21094580000000,5.9698600769
21095190000000,6.15661334991
21095800000000,5.94109153748
