11574980000000,3.79634332657
11576140000000,3.42850208282
11577240000000,2.91483712196
11578330000000,2.52815771103
11579420000000,2.36040115356
11580510000000,2.30466842651
11581540000000,2.38110041618
11582610000000,2.53991937637
11583670000000,2.79323911667
11584730000000,3.1072511673
11585730000000,3.4752073288
11586740000000,3.85669231415
11587740000000,4.2818312645
11588720000000,4.69579982758
11589720000000,5.1386384964
11590660000000,5.56094932556
11591610000000,6.0010061264
11592570000000,6.3895816803
11593520000000,6.84490966797
11594470000000,7.28463983536
11595450000000,7.72415399551
11596230000000,8.16396045685
11597310000000,8.60904502869
11598250000000,8.91088104248
11599180000000,9.17969417572
11600110000000,9.53918361664
11601030000000,9.93359279633
11601960000000,10.4254894257
11602870000000,10.8694906235
11603740000000,11.2782754898
11604680000000,11.7430877686
11605630000000,12.12150383
11606540000000,12.5157423019
11607490000000,12.9595870972
11608460000000,13.3947944641
11609420000000,13.9041137695
11610380000000,14.2907142639
11611350000000,14.7257165909
11612290000000,15.215918541
