
11191390000000,3.24842429161
11192440000000,3.24854016304
11193480000000,3.24070525169
11194580000000,3.10596442223
11195590000000,2.56161880493
11196690000000,2.43904471397
11197680000000,1.90608894825
11198710000000,1.46043634415
11199650000000,1.0133472681
11200030000000,0.797211289406
11201640000000,0.861335754395
11202630000000,0.866397798061
11203660000000,0.763910055161
11204670000000,0.984766542912
11205660000000,1.35768020153
11206690000000,1.78771424294
11207680000000,2.27239489555
11208690000000,2.7411441803
11209610000000,3.22317790985
11210580000000,3.6692070961
11211550000000,4.13455295563
11212530000000,4.6186337471
11213430000000,5.09678173065
11214410000000,5.52995157242
11215310000000,5.96418523788
11216270000000,6.41076993942
11217220000000,6.90735816956
11218180000000,7.40131235123
11219060000000,7.83624982834
11220000000000,8.28056240082
11221020000000,8.69464111328
11221960000000,9.20785999298
11222870000000,9.63511562347
11223750000000,10.1076946259
11224640000000,10.4825162888
11225580000000,10.906879425
11226500000000,11.3484315872
11227360000000,11.7953662872
11228290000000,12.2548341751
11229180000000,12.6974544525
11230090000000,13.1999187469
11231020000000,13.5717811584
11231950000000,14.0968875885
11232860000000,14.5475578308
11233670000000,14.7814512253
11234580000000,14.7814598083
11235480000000,14.7815284729
