
21248110000000,11.2704048157
21248860000000,11.0197143555
21249620000000,10.7607021332
21250370000000,10.319018364
21251110000000,10.0224485397
21251820000000,9.59956359863
21252550000000,9.25734043121
21253280000000,8.88547420502
21254020000000,8.54508304596
21254700000000,8.26303100586
21255400000000,7.89632987976
21256110000000,7.53219413757
21256800000000,7.19315862656
21257490000000,6.81420278549
21258180000000,6.51557016373
21258890000000,6.17006444931
21259590000000,5.84609460831
21260250000000,5.47974586487
21260910000000,5.20149183273
21261550000000,4.9573135376
21262230000000,4.64117288589
21262910000000,4.32746267319
21263550000000,3.99246811867
21264250000000,3.71905112267
21264910000000,3.39559817314
21265550000000,3.05293774605
21266200000000,2.75671291351
21266820000000,2.45994901657
21267450000000,2.27282547951
21268060000000,2.36884355545
21268710000000,2.42256617546
21269330000000,2.41713380814
21269940000000,2.45306611061
21270570000000,2.35653376579
21271230000000,2.57081961632
21271880000000,2.86368846893
21272560000000,3.17123150826
21273200000000,3.49010300636
21273840000000,3.76581716537
21274510000000,4.05672121048
21275160000000,4.38250255585
21275810000000,4.70869731903
21276490000000,5.0105547905
21277130000000,5.32792663574
21277800000000,5.61790418625
21278520000000,5.96406841278
21279160000000,6.24917554855
21279860000000,6.55535936356
21280530000000,6.85283565521
21281230000000,7.16199207306
21281930000000,7.5080280304
21282640000000,7.79530477524
21283320000000,8.13219928741
21284030000000,8.42869949341
