
21320870000000,16.3945350647
21321620000000,16.1135959625
21322360000000,15.762550354
21323100000000,15.4400110245
21323810000000,15.0910100937
21324540000000,14.9273710251
21325290000000,14.7117471695
21326010000000,14.5027608871
21326770000000,14.3031692505
21327500000000,14.1044168472
21328270000000,13.8514966965
21328980000000,13.5589132309
21329730000000,13.3146533966
21330460000000,13.0369358063
21331220000000,12.8236732483
21331920000000,12.5076847076
21332690000000,12.2375564575
21333420000000,11.9277935028
21334110000000,11.6555528641
21334810000000,11.3964338303
21335570000000,11.1209039688
21336310000000,10.871919632
21337020000000,10.6450567245
21337760000000,10.4115877151
21338490000000,10.1481676102
21343710000000,9.90218448639
21344430000000,10.3122835159
21345160000000,10.5062570572
21345860000000,10.7566051483
21346560000000,10.9771785736
21347250000000,11.196803093
21347970000000,11.424744606
21348680000000,11.6457328796
21349390000000,11.8693113327
21350120000000,12.1207046509
21350840000000,12.3722267151
21351560000000,12.613240242
21352270000000,12.8604326248
21352970000000,13.1158418655
21353670000000,13.3612346649
21354360000000,13.6349849701
21355090000000,13.8912982941
21355790000000,14.2130699158
21356490000000,14.4530258179
21357210000000,14.7516899109
21357900000000,14.8183727264
21358630000000,15.0494279861
