
10787850000000,15.8512153625
10788910000000,15.8512163162
10789910000000,15.8512182236
10790980000000,15.821062088
10791990000000,15.3482589722
10793030000000,14.8457307816
10794010000000,14.3488550186
10795040000000,13.8300457001
10796050000000,13.3199729919
10797090000000,12.8443174362
10798050000000,12.3593654633
10799020000000,12.0439043045
10799990000000,11.6101140976
10800920000000,11.1309566498
10801880000000,10.6906270981
10802810000000,10.2216510773
10803750000000,9.7746295929
10804710000000,9.38765144348
10805640000000,8.96927547455
10806560000000,8.59832763672
10807480000000,8.29737567902
10808420000000,8.01076698303
10809270000000,7.78777694702
10810210000000,7.62448358536
10811170000000,7.48443174362
10812130000000,7.35516881943
10813060000000,7.31609630585
10813980000000,7.19287538528
10814920000000,7.16618347168
10815820000000,6.98330068588
10816780000000,6.65529823303
10817600000000,6.50849580765
10818510000000,6.42784547806
10819370000000,6.40717792511
10820330000000,6.43073034286
10821220000000,6.48928689957
10822160000000,6.55756139755
10823140000000,6.66932821274
10824100000000,6.79252767563
10824990000000,6.94816970825
10825980000000,7.18083095551
10826970000000,7.39644002914
