11499260000000,3.79717874527
11500430000000,3.30240058899
11501570000000,2.79100823402
11502680000000,2.49296665192
11503750000000,2.38337469101
11504850000000,2.39571976662
11505890000000,2.50843191147
11506950000000,2.70350193977
11508000000000,2.95795321465
11509030000000,3.26894664764
11510070000000,3.62925696373
11511090000000,4.03381299973
11512100000000,4.44811153412
11513100000000,4.8587474823
11514080000000,5.27845001221
11515090000000,5.75318431854
11516070000000,6.16760492325
11517000000000,6.64928817749
11517920000000,7.06127214432
11518890000000,7.43482017517
11519810000000,7.88199424744
11520730000000,8.29143619537
11521660000000,8.69343185425
11522590000000,8.83393669128
11523540000000,8.95704555511
11524460000000,9.10023880005
11525410000000,9.26640987396
11526360000000,9.31831550598
11527320000000,9.33793067932
11528240000000,9.3616104126
11529150000000,9.38365745544
11530120000000,9.36452960968
11531070000000,9.42697048187
11532030000000,9.45788669586
11532990000000,9.55289077759
11533920000000,9.67124652863
11534910000000,9.81819343567
