
21059860000000,9.38198375702
21060670000000,9.25781536102
21061450000000,8.92288017273
21062170000000,8.63124275208
21062910000000,8.36089992523
21063650000000,8.09391593933
21064360000000,7.84307432175
21065070000000,7.59211349487
21065750000000,7.36178779602
21066480000000,7.15602731705
21067200000000,6.97119808197
21067860000000,6.78122711182
21068590000000,6.61599063873
21069270000000,6.45479154587
21069920000000,6.32225131989
21070620000000,6.21042823792
21071290000000,6.12367010117
21071920000000,6.05370235443
21072560000000,6.00482702255
21073240000000,5.96976327896
21073940000000,5.95404005051
21074590000000,5.95701932907
21075240000000,5.97868680954
21075920000000,6.01469182968
21076550000000,6.07893610001
21077200000000,6.18574571609
21077820000000,6.23748540878
21078430000000,6.33370351791
21079040000000,6.4150686264
21079680000000,6.48264837265
21080330000000,6.45019674301
21080950000000,6.22337627411
21081610000000,6.01808309555
21082260000000,5.78404331207
21082880000000,5.59466695786
21083500000000,5.47197294235
21084110000000,5.32784843445
21084710000000,5.20915794373
21085340000000,5.09199953079
21085940000000,4.99216890335
21086570000000,4.94366407394
21087180000000,4.9145450592
21087780000000,4.91850280762
21088410000000,4.93113422394
21089030000000,4.96780729294
21089630000000,5.0191411972
21090230000000,5.07728481293
21090850000000,5.16847324371
21091460000000,5.27741861343
21092060000000,5.34363412857
21092720000000,5.46361780167
21093340000000,5.72593832016
21093950000000,5.95161437988
21094580000000,6.21742963791
21095190000000,6.46631813049
21095800000000,6.71526861191
