
21320870000000,9.65469646454
21321620000000,9.41504859924
21322360000000,9.1360502243
21323100000000,8.85319137573
21323810000000,8.57811737061
21324540000000,8.46923446655
21325290000000,8.28993225098
21326010000000,7.99317932129
21326770000000,7.69605016708
21327500000000,7.43224382401
21328270000000,7.13440799713
21328980000000,6.77901315689
21329730000000,6.45935487747
21330460000000,6.1134223938
21331220000000,5.80509853363
21331920000000,5.45338582993
21332690000000,5.11641025543
21333420000000,4.74555492401
21334110000000,4.42306852341
21334810000000,4.12386131287
21335570000000,3.80351233482
21336310000000,3.50124788284
21337020000000,3.18977808952
21337760000000,2.93993473053
21338490000000,2.62624025345
21343710000000,2.31060409546
21344430000000,2.96560263634
21345160000000,3.25400447845
21345860000000,3.57610940933
21346560000000,3.89404940605
21347250000000,4.18635845184
21347970000000,4.50071382523
21348680000000,4.8194732666
21349390000000,5.14241743088
21350120000000,5.46199560165
21350840000000,5.8043847084
21351560000000,6.13000679016
21352270000000,6.43915176392
21352970000000,6.76888132095
21353670000000,7.0956530571
21354360000000,7.42938804626
21355090000000,7.73074293137
21355790000000,8.07092666626
21356490000000,8.37972259521
21357210000000,8.6645565033
21357900000000,8.87435913086
21358630000000,9.167719841
