11812220000000,9.69473075867
11813380000000,9.19931316376
11814480000000,8.7216758728
11815560000000,8.21947860718
11816640000000,7.73019313812
11817740000000,7.22786808014
11818850000000,6.7043337822
11819970000000,6.19981002808
11821050000000,5.67376184464
11822110000000,5.18428897858
11823180000000,4.68210744858
11824240000000,4.18003892899
11825310000000,3.6821000576
11826400000000,3.19516277313
11827510000000,2.68815279007
11828550000000,2.15722727776
11829570000000,1.67068696022
11830570000000,1.38817989826
11831610000000,1.23133015633
11832580000000,0.975801050663
11833610000000,0.992847084999
11834660000000,1.24179577827
11835580000000,1.6301265955
11836550000000,2.01798081398
11837450000000,2.44022202492
11838400000000,2.8529715538
11839370000000,3.30008530617
11840290000000,3.76219391823
11841280000000,4.18709039688
11842240000000,4.65414619446
11843150000000,5.12668943405
11844040000000,5.54577112198
11844960000000,5.98696517944
11845930000000,6.41541481018
11846840000000,6.87427520752
11847880000000,7.32557296753
11848860000000,7.81545066833
11849770000000,8.27523422241
11850710000000,8.72706699371
11851660000000,9.1721496582
11852570000000,9.62797832489
11853500000000,10.0596704483
