
10626010000000,17.139995575
10627130000000,17.1399440765
10628210000000,17.3381481171
10629330000000,16.5549297333
10630420000000,15.9710111618
10631510000000,15.5270395279
10632570000000,14.9905424118
10633660000000,14.5937433243
10634700000000,13.9388341904
10635770000000,13.4442081451
10636830000000,12.9463205338
10637820000000,12.6141195297
10638820000000,12.0106267929
10639880000000,11.5503225327
10640860000000,11.2396783829
10641850000000,10.7714233398
10642820000000,10.2602863312
10643740000000,9.9309015274
10644700000000,9.4720993042
10645700000000,9.01218414307
10646640000000,8.81420898438
10647600000000,8.23646831512
10648560000000,7.83503866196
10649490000000,7.47728347778
10650400000000,7.15225744247
10651330000000,6.87039852142
10652260000000,6.59137201309
10653190000000,6.35525846481
10654110000000,6.15568971634
10655020000000,6.02824163437
10655920000000,5.98848962784
10656830000000,6.32700634003
10657750000000,6.32726621628
10658660000000,6.31926488876
10659570000000,6.21642065048
10660460000000,6.05967712402
10661350000000,5.76892757416
10662270000000,5.52595996857
10663200000000,5.54868936539
10664090000000,5.63194704056
10664950000000,6.16018104553
10665820000000,5.89359092712
10666720000000,6.10450172424
10667630000000,6.35104894638
10668500000000,6.69948005676
10669390000000,7.12621545792
10670330000000,7.35954046249
10671290000000,7.70234489441
10672140000000,7.93437623978
10673070000000,8.48454666138
10674020000000,8.64297103882
10674950000000,9.0810136795
10675880000000,9.39936923981
10676800000000,9.84884548187
10677700000000,10.2259178162
10678640000000,10.6473922729
10679580000000,11.0924549103
10680510000000,11.5853662491
10681470000000,11.9750919342
10682420000000,12.3936071396
10683380000000,12.8525295258
10684360000000,13.4696426392
10685380000000,13.9328832626
10686330000000,14.3053569794
10687320000000,14.9202165604
10688320000000,15.4074420929
10689320000000,15.4646577835
