11812220000000,16.4749546051
11813380000000,15.9432487488
11814480000000,15.4255847931
11815560000000,14.9401988983
11816640000000,14.4860162735
11817740000000,13.9997367859
11818850000000,13.5056190491
11819970000000,13.0357151031
11821050000000,12.5409040451
11822110000000,12.1351366043
11823180000000,11.7010498047
11824240000000,11.2395076752
11825310000000,10.8067274094
11826400000000,10.3780679703
11827510000000,9.92868614197
11828550000000,9.53009700775
11829570000000,9.18821620941
11830570000000,9.04172134399
11831610000000,8.87253189087
11832580000000,8.47084331512
11833610000000,8.0525894165
11834660000000,7.58088445663
11835580000000,7.1285238266
11836550000000,6.77465343475
11837450000000,6.42556285858
11838400000000,6.09626054764
11839370000000,5.73020887375
11840290000000,5.38731050491
11841280000000,5.11814212799
11842240000000,4.82323169708
11843150000000,4.58938932419
11844040000000,4.39828109741
11844960000000,4.27415895462
11845930000000,4.17205047607
11846840000000,4.19007635117
11847880000000,4.23231172562
11848860000000,4.38614559174
11849770000000,4.63929033279
11850710000000,4.94052267075
11851660000000,5.27702522278
11852570000000,5.66348552704
11853500000000,6.05074119568
