
10626010000000,10.9466228485
10627130000000,10.9465713501
10628210000000,10.8304224014
10629330000000,10.3977804184
10630420000000,9.81128120422
10631510000000,9.3163690567
10632570000000,8.80193042755
10633660000000,8.29592514038
10634700000000,7.77267217636
10635770000000,7.31042098999
10636830000000,6.82399320602
10637820000000,6.38687372208
10638820000000,5.91543054581
10639880000000,5.5152592659
10640860000000,5.08635663986
10641850000000,4.70343017578
10642820000000,4.36652088165
10643740000000,4.07848739624
10644700000000,3.82696127892
10645700000000,3.62223339081
10646640000000,3.47352862358
10647600000000,3.40801358223
10648560000000,3.39931821823
10649490000000,3.45238375664
10650400000000,3.57853531837
10651330000000,3.751070261
10652260000000,3.97929692268
10653190000000,4.24573659897
10654110000000,4.54068613052
10655020000000,4.86437034607
10655920000000,5.20067739487
10656830000000,5.56698894501
10657750000000,5.86710262299
10658660000000,5.88205766678
10659570000000,5.7816195488
10660460000000,5.60953903198
10661350000000,5.25027990341
10662270000000,4.86735439301
10663200000000,4.53673267365
10664090000000,4.13693904877
10664950000000,3.7292535305
10665820000000,3.37767696381
10666720000000,3.02218174934
10667630000000,2.72797560692
10668500000000,2.47945833206
10669390000000,2.29484820366
10670330000000,2.16245651245
10671290000000,2.12739491463
10672140000000,2.19746732712
10673070000000,2.34234881401
10674020000000,2.58276963234
10674950000000,2.90518140793
10675880000000,3.26099491119
10676800000000,3.63579058647
10677700000000,4.04669618607
10678640000000,4.43974113464
10679580000000,4.81875371933
10680510000000,5.23102331161
10681470000000,5.67852735519
10682420000000,6.12589645386
10683380000000,6.5207901001
10684360000000,7.02884483337
10685380000000,7.51953411102
10686330000000,8.00740337372
10687320000000,8.43288421631
10688320000000,8.92929840088
10689320000000,9.12755584717
