
21320870000000,17.597486496
21321620000000,17.2463283539
21322360000000,17.0725898743
21323100000000,16.4983348846
21323810000000,16.2370433807
21324540000000,16.0807266235
21325290000000,15.9187841415
21326010000000,15.6907558441
21326770000000,15.7920885086
21327500000000,15.5000782013
21328270000000,15.423532486
21328980000000,15.2087812424
21329730000000,15.1832590103
21330460000000,14.8659744263
21331220000000,14.7053194046
21331920000000,14.6795949936
21332690000000,14.3164224625
21333420000000,14.1363687515
21334110000000,14.1425437927
21334810000000,13.836566925
21335570000000,13.7187280655
21336310000000,13.7914972305
21337020000000,13.5136137009
21337760000000,13.2724685669
21338490000000,12.9195241928
21343710000000,12.9195
21344430000000,13.1623754501
21345160000000,13.2457504272
21345860000000,13.1766052246
21346560000000,13.2682266235
21347250000000,13.4449539185
21347970000000,13.461807251
21348680000000,13.6341257095
21349390000000,13.7103471756
21350120000000,13.8649721146
21350840000000,13.9558191299
21351560000000,14.1509971619
21352270000000,14.2017869949
21352970000000,14.4043579102
21353670000000,14.5424528122
21354360000000,14.6944093704
21355090000000,14.8444242477
21355790000000,15.0294313431
21356490000000,15.4009122849
21357210000000,15.5722351074
21357900000000,15.5069284439
21358630000000,15.8473672867
