
10787850000000,10.9141435623
10788910000000,10.9141283035
10789910000000,10.9141168594
10790980000000,10.892621994
10791990000000,10.4336843491
10793030000000,9.94138240814
10794010000000,9.46417617798
10795040000000,8.96249675751
10796050000000,8.49376392365
10797090000000,8.0215511322
10798050000000,7.50314712524
10799020000000,7.21199417114
10799990000000,6.72089672089
10800920000000,6.27816152573
10801880000000,5.84124135971
10802810000000,5.39598417282
10803750000000,4.94082736969
10804710000000,4.48411226273
10805640000000,4.00993251801
10806560000000,3.56851387024
10807480000000,3.16490054131
10808420000000,2.69526553154
10809270000000,2.2477004528
10810210000000,1.83199489117
10811170000000,1.39892578125
10812130000000,0.956026613712
10813060000000,0.76866465807
10813980000000,0.759267270565
10814920000000,0.81822758913
10815820000000,0.931245565414
10816780000000,1.1922545433
10817600000000,1.65973615646
10818510000000,2.04797768593
10819370000000,2.49687218666
10820330000000,2.916898489
10821220000000,3.40342569351
10822160000000,3.82466769218
10823140000000,4.30757141113
10824100000000,4.77257490158
10824990000000,5.25747489929
10825980000000,5.7060880661
10826970000000,6.14040756226
