11425010000000,18.1905269623
11426180000000,17.870218277
11427250000000,17.2766456604
11428340000000,16.6798458099
11429430000000,16.4110469818
11430530000000,16.2234764099
11431620000000,16.428604126
11432750000000,16.5067634583
11433790000000,16.3658123016
11434860000000,16.2352333069
11435910000000,15.9174623489
11436950000000,15.4363899231
11437960000000,14.9655952454
11439030000000,14.4177103043
11440000000000,14.0458669662
11441030000000,13.6158971786
11442000000000,12.8952074051
11443000000000,12.4470443726
11444070000000,12.0827636719
11445050000000,11.4290437698
11446060000000,11.001367569
11447010000000,10.5307865143
11447960000000,10.2332954407
11448940000000,9.65310955048
11449860000000,9.17461204529
11450840000000,8.76898860931
11451780000000,8.37184333801
11452730000000,7.96588277817
