10976620000000,16.595741272
10977720000000,16.0837841034
10978840000000,15.5957574844
10979980000000,15.0967645645
10981020000000,14.5839309692
10982130000000,14.1198425293
10983180000000,13.6351537704
10984260000000,13.1618480682
10985290000000,12.7408695221
10986320000000,12.2109174728
10987380000000,11.8087663651
10988400000000,11.3605957031
10989400000000,10.9728927612
10990400000000,10.5639600754
10991390000000,10.1539115906
10992380000000,9.7454366684
10993350000000,9.36404418945
10994290000000,8.98785305023
10995220000000,8.62143516541
10996160000000,8.28731918335
10997110000000,7.96070098877
10998060000000,7.7051949501
10999000000000,7.55517244339
10999940000000,7.45840167999
11000880000000,7.12900161743
11001860000000,6.7709569931
11002760000000,6.54897260666
11003690000000,6.29267120361
11004620000000,6.05782747269
11005570000000,5.86563920975
11006490000000,5.75189065933
11007440000000,5.71392202377
11008390000000,5.71310758591
11009320000000,5.76657247543
11010250000000,5.86518144608
11011190000000,6.0079627037
11012120000000,6.20555877686
11013080000000,6.4727191925
