
11191390000000,17.5927696228
11192440000000,17.5928840637
11193480000000,17.6855239868
11194580000000,17.4940872192
11195590000000,17.040058136
11196690000000,16.7501869202
11197680000000,16.6624660492
11198710000000,16.7430400848
11199650000000,16.707201004
11200670000000,16.6422214508
11201640000000,16.8748435974
11202630000000,16.760011673
11203660000000,16.2708377838
11204670000000,16.0320186615
11205660000000,15.2523612976
11206690000000,14.7770080566
11207680000000,14.2415552139
11208690000000,13.7466239929
11209610000000,13.2831525803
11210580000000,12.9843263626
11211550000000,12.3373699188
11212530000000,11.9352827072
11213430000000,11.4565534592
11214410000000,11.2191543579
11215310000000,10.5942277908
11216270000000,10.2895679474
11217220000000,9.61614608765
11218180000000,9.15263366699
11219060000000,8.85130977631
11220000000000,8.40551757812
11221020000000,7.7914853096
11221960000000,7.28985643387
11222870000000,6.93624782562
11223750000000,6.34296798706
11224640000000,6.09843063354
11225580000000,5.47986459732
11226500000000,4.97261857986
11227360000000,4.51812744141
11228290000000,4.40860271454
11229180000000,3.67072534561
11230090000000,3.22599434853
11231020000000,2.71280646324
11231950000000,2.22835016251
11232860000000,1.76232969761
11233670000000,1.56545627117
11234580000000,1.56544816494
11235480000000,1.56538069248
