10880940000000,17.9727611542
10882040000000,17.378408432
10883170000000,16.7858028412
10884300000000,16.3262443542
10885400000000,15.9629487991
10886530000000,15.3340778351
10887600000000,14.7864789963
10888640000000,14.3593902588
10889660000000,13.7943687439
10890670000000,13.3553543091
10891720000000,12.8621778488
10892710000000,12.4855909348
10893720000000,11.8443651199
10894710000000,11.3703966141
10895690000000,10.8532810211
10896670000000,10.3984642029
10897650000000,9.92452812195
10898590000000,9.49888324738
10899570000000,9.09573936462
10900480000000,8.58825492859
10901410000000,8.8791103363
10902360000000,7.82050085068
10903320000000,7.60321903229
10904270000000,7.82591152191
10905190000000,7.85176134109
10906120000000,7.93576860428
10907050000000,7.91526222229
10908000000000,7.8834528923
10908960000000,7.76929426193
10909920000000,7.90036725998
10910870000000,8.10706329346
10911800000000,8.28649330139
10912730000000,8.48477458954
10913690000000,8.74457836151
10914640000000,8.94760799408
10915630000000,9.21133136749
10916580000000,9.49655056
10917550000000,9.99655056
10918510000000,10.2346553802
10919480000000,10.4252376556
