10976620000000,3.56843280792
10977720000000,3.12808394432
10978840000000,2.87943601608
10979980000000,2.81375479698
10981020000000,2.7899723053
10982130000000,2.82705211639
10983180000000,2.95592427254
10984260000000,3.15883946419
10985290000000,3.43912863731
10986320000000,3.75210976601
10987380000000,4.08273744583
10988400000000,4.47922182083
10989400000000,4.86861276627
10990400000000,5.2774515152
10991390000000,5.71289205551
10992380000000,6.14485406876
10993350000000,6.60474443436
10994290000000,7.03181648254
10995220000000,7.41014194489
10996160000000,7.87332582474
10997110000000,8.25524330139
10998020000000,8.66793441772
10999000000000,9.01064968109
10999940000000,9.20118427277
11000880000000,9.43626213074
11001860000000,9.75943756104
11002760000000,10.1632633209
11003690000000,10.6014299393
11004620000000,11.083404541
11005570000000,11.4686403275
11006490000000,11.9348363876
11007440000000,12.3844957352
11008390000000,12.8297586441
11009320000000,13.2634973526
11010240000000,13.6926527023
11011190000000,14.137960434
11012120000000,14.6213788986
11013080000000,14.9819936752
