11425010000000,16.8069000244
11426180000000,16.509759903
11427250000000,16.0322151184
11428340000000,15.4990854263
11429430000000,15.3104896545
11430530000000,15.2713432312
11431620000000,15.4383211136
11432750000000,15.5547714233
11433790000000,15.6046295166
11434860000000,15.6160459518
11435910000000,15.2486410141
11436950000000,14.8299913406
11437960000000,14.3884792328
11439030000000,13.9524459839
11440000000000,13.4941930771
11441030000000,13.0294084549
11442000000000,12.5835046768
11443000000000,12.1410112381
11444070000000,11.7154092789
11445050000000,11.2259187698
11446060000000,10.8171815872
11447010000000,10.3898496628
11447960000000,10.0026168823
11448940000000,9.62632369995
11449860000000,9.23143863678
11450840000000,8.89391994476
11451780000000,8.51229667664
11452730000000,8.19112586975
