11075480000000,16.8699951172
11076610000000,16.437210083
11077740000000,16.0078220367
11078870000000,15.5068626404
11080000000000,14.9994983673
11081120000000,14.5191307068
11082200000000,14.0447177887
11083290000000,13.5889043808
11084380000000,13.1179323196
11085460000000,12.6461801529
11086540000000,12.1724777222
11087580000000,11.6902341843
11088630000000,11.2275686264
11089720000000,10.7841873169
11090770000000,10.4012432098
11091830000000,9.99510765076
11092860000000,9.58964538574
11093910000000,9.30673789978
11094960000000,9.14219284058
11095990000000,8.76552677155
11096950000000,8.26777648926
11097920000000,7.89297676086
11098910000000,7.44918584824
11099890000000,7.0342001915
11100810000000,6.52764511108
11101780000000,6.09133481979
11102720000000,5.65432357788
11103660000000,5.15255069733
11104590000000,4.71041250229
11105490000000,4.2755241394
11106420000000,3.8906416893
11107350000000,3.47421240807
11108260000000,3.03998875618
11109140000000,2.58931469917
11110080000000,2.18307065964
11111000000000,1.7422542572
