
21320870000000,11.4226131439
21321620000000,11.0786724091
21322360000000,10.6944065094
21323100000000,10.3602981567
21323810000000,9.97194957733
21324540000000,9.75546550751
21325290000000,9.58183288574
21326010000000,9.52139377594
21326770000000,9.44493484497
21327500000000,9.33187103271
21328270000000,9.25340843201
21328980000000,9.00899410248
21329730000000,8.88113212585
21330460000000,8.74137687683
21331220000000,8.6147069931
21331920000000,8.41747951508
21332690000000,8.31173706055
21333420000000,8.14077568054
21334110000000,8.02762889862
21334810000000,7.90309333801
21335570000000,7.81773424149
21336310000000,7.74738883972
21337020000000,7.67434597015
21337760000000,7.54654884338
21338490000000,7.4064912796
21343710000000,7.33800506592
21344430000000,7.32236766815
21345160000000,7.30877971649
21345860000000,7.3017745018
21346560000000,7.32775688171
21347250000000,7.37316703796
21347970000000,7.47710847855
21348680000000,7.51394891739
21349390000000,7.59194040298
21350120000000,7.71250867844
21350840000000,7.82181119919
21351560000000,7.98725414276
21352270000000,8.09597492218
21352970000000,8.25357437134
21353670000000,8.36745262146
21354360000000,8.49537849426
21355090000000,8.65082073212
21355790000000,8.80952644348
21356490000000,8.95244884491
21357210000000,9.17179775238
21357900000000,9.24656391144
21358630000000,9.34336090088
