11499260000000,18.1631736755
11500430000000,17.6497402191
11501570000000,17.0716266632
11502680000000,16.5992603302
11503750000000,16.0436916351
11504850000000,15.6712522507
11505890000000,15.0719194412
11506950000000,14.5133447647
11508000000000,14.0670042038
11509030000000,13.5219984055
11510070000000,13.0439777374
11511090000000,12.5675621033
11512100000000,12.0478878021
11513100000000,11.552614212
11514080000000,11.098950386
11515090000000,10.6554431915
11516070000000,10.2345590591
11517000000000,9.74851703644
11517920000000,9.35931396484
11518890000000,8.94600486755
11519810000000,8.47779750824
11520750000000,8.11603164673
11521660000000,7.62169122696
11522590000000,7.57577705383
11523540000000,7.419008255
11524460000000,7.26354265213
11525410000000,7.319917202
11526360000000,7.42350816727
11527320000000,7.64149570465
11528240000000,7.8889131546
11529150000000,8.31007480621
11530120000000,8.56559276581
11531070000000,8.88878631592
11532030000000,9.12069702148
11532990000000,9.47447681427
11533920000000,9.77793693542
11534910000000,10.115149498
