11425010000000,11.966217041
11426180000000,11.6411380768
11427250000000,11.0898637772
11428340000000,10.4590606689
11429430000000,10.2127637863
11430530000000,10.0431232452
11431620000000,9.95593166351
11432750000000,9.97814941406
11433790000000,9.92217445374
11434860000000,9.90969467163
11435910000000,9.45619297028
11436950000000,8.95131969452
11437960000000,8.48733997345
11439020000000,8.03099727631
11440000000000,7.48573255539
11441030000000,7.04343795776
11442000000000,6.5839343071
11443000000000,6.09751844406
11444070000000,5.5936794281
11445050000000,5.11054706573
11446060000000,4.67278432846
11447010000000,4.17941856384
11447960000000,3.74018573761
11448940000000,3.2676820755
11449860000000,2.81799554825
11450840000000,2.39929699898
11451780000000,1.96972215176
11452730000000,1.55797970295
