11812210000000,17.6821651459
11813380000000,17.1477966309
11814480000000,16.6235561371
11815560000000,16.3174762726
11816640000000,16.0377616882
11817740000000,15.5661382675
11818850000000,15.1076221466
11819970000000,14.7547473907
11821050000000,14.6742858887
11822110000000,14.072681427
11823180000000,13.7303228378
11824240000000,13.4595918655
11825310000000,13.1722631454
11826400000000,12.8677034378
11827510000000,6.97670173645
11828550000000,12.4620037079
11829570000000,12.2844295502
11830570000000,11.9819297791
11831610000000,11.8470010757
11832580000000,11.4976110458
11833610000000,11.0986766815
11834660000000,10.5302257538
11835580000000,10.0319442749
11836550000000,9.70013427734
11837450000000,9.15154933929
11838400000000,8.69171047211
11839370000000,8.22957420349
11840290000000,7.75585651398
11841280000000,7.33029031754
11842240000000,6.96039772034
11843150000000,6.41025066376
11844040000000,5.95491170883
11844960000000,5.52318429947
11845930000000,5.068379879
11846840000000,4.97255897522
11847880000000,4.16913604736
11848860000000,3.67499136925
11849770000000,3.20090889931
11850710000000,2.83013820648
11851660000000,2.31851625443
11852570000000,1.84119296074
11853500000000,1.43216276169
