
10626010000000,15.8613910675
10627130000000,15.8613395691
10628210000000,15.7786931992
10629330000000,15.266078949
10630420000000,14.6764202118
10631510000000,14.1267948151
10632570000000,13.5598869324
10633660000000,13.0548477173
10634700000000,12.5027971268
10635770000000,11.9727087021
10636830000000,11.4521045685
10637820000000,10.9043769836
10638820000000,10.4083242416
10639880000000,9.90817737579
10640860000000,9.37957572937
10641850000000,8.87520885468
10642820000000,8.39433956146
10643740000000,7.91803216934
10644700000000,7.46454429626
10645700000000,6.99162769318
10646640000000,6.50961256027
10647600000000,6.02630376816
10648560000000,5.55568313599
10649490000000,5.07735347748
10650400000000,4.61981773376
10651330000000,4.15939760208
10652260000000,3.67366814613
10653190000000,3.220256567
10654110000000,2.7449324131
10655020000000,2.29409813881
10655920000000,1.843526721
10656830000000,1.40301799774
10657750000000,1.05562853813
10658660000000,1.15631997585
10659570000000,1.20310163498
10660460000000,1.300999403
10661350000000,1.67580378056
10662270000000,2.0744702816
10663200000000,2.42364525795
10664090000000,2.88207101822
10664950000000,3.34621214867
10665820000000,3.75502681732
10666720000000,4.17701673508
10667630000000,4.62055873871
10668500000000,5.05743551254
10669390000000,5.49770641327
10670330000000,5.96232271194
10671290000000,6.39546585083
10672140000000,6.90593194962
10673070000000,7.31875658035
10674020000000,7.7835650444
10674950000000,8.27678966522
10675880000000,8.70890617371
10676800000000,9.20730304718
10677700000000,9.67336177826
10678640000000,10.1322975159
10679580000000,10.5829362869
10680510000000,11.043422699
10681470000000,11.5601959229
10682420000000,12.004904747
10683380000000,12.4562234879
10684360000000,12.8964891434
10685380000000,13.4434480667
10686330000000,13.8981533051
10687320000000,14.3979568481
10688320000000,14.8722190857
10689320000000,15.0531482697
