
10787850000000,9.12986183167
10788910000000,9.12986850739
10789910000000,9.12987422943
10790980000000,9.09541893005
10791990000000,8.6635017395
10793030000000,8.20238208771
10794010000000,7.7351641655
10795040000000,7.30609989166
10796050000000,6.8567943573
10797090000000,6.47338533401
10798050000000,6.1347193718
10799020000000,5.90663003922
10799990000000,5.5891084671
10800920000000,5.29615354538
10801880000000,5.05095386505
10802810000000,4.81608104706
10803750000000,4.64262580872
10804710000000,4.5512304306
10805640000000,4.50412797928
10806560000000,4.57234668732
10807480000000,4.72704029083
10808420000000,4.979575634
10809270000000,5.29919719696
10810210000000,5.61844921112
10811170000000,5.98979234695
10812130000000,6.37641525269
10813060000000,6.54484653473
10813980000000,6.41671180725
10814920000000,6.3065738678
10815820000000,6.05846834183
10816780000000,5.70714569092
10817600000000,5.24056482315
10818510000000,4.8546423912
10819370000000,4.39498758316
10820330000000,3.97879385948
10821220000000,3.4861638546
10822160000000,3.07174539566
10823140000000,2.59060144424
10824100000000,2.13472819328
10824990000000,1.64597451687
10825980000000,1.2218503952
10826970000000,0.834963917732
