
20959980000000,17.9168148041
20960750000000,17.7778587341
20961510000000,17.5909404755
20962310000000,17.0260925293
20963080000000,16.8219738007
20963850000000,16.2161197662
20964590000000,15.9708299637
20965380000000,15.4941902161
20966080000000,15.0885543823
20966780000000,14.9338512421
20967480000000,14.442773819
20968160000000,14.1171388626
20968880000000,13.8185663223
20969570000000,13.4388427734
20970280000000,13.0542840958
20970950000000,12.6848239899
20971610000000,12.4429531097
20972330000000,12.1623382568
20972980000000,11.9654750824
20973650000000,11.4367179871
20974340000000,11.304104805
20975020000000,10.9139986038
20975690000000,10.4723176956
20976360000000,10.1103000641
20977000000000,9.82818126678
20977630000000,9.50535488129
20978270000000,9.19541168213
20978900000000,8.9026632309
20979540000000,8.7377538681
20980170000000,8.4251909256
20980800000000,7.99900484085
20981410000000,8.12670516968
20982070000000,7.46935081482
20982710000000,7.17175865173
20983320000000,7.13937473297
20983940000000,6.71847581863
20984550000000,6.59834527969
20985160000000,6.32242679596
20985780000000,6.39977073669
20986380000000,5.77431631088
20987010000000,5.46405649185
20987590000000,5.23053741455
20988180000000,5.43206167221
20988820000000,4.59561681747
20989460000000,4.29593324661
20990070000000,4.11727809906
20990670000000,3.73889088631
20991290000000,3.47769618034
20991970000000,3.20609235764
20992590000000,2.96605396271
20993190000000,2.5153427124
20993830000000,2.45228385925
20994470000000,2.4227001667
20995110000000,2.34464001656
20995740000000,2.66040253639
20996360000000,2.3666138649
20996950000000,2.5372595787
20997570000000,3.03759384155
20998230000000,3.03343939781
20998910000000,3.56233286858
20999550000000,3.78068089485
21000170000000,3.90242028236
21000770000000,4.15436267853
21001380000000,4.4580283165
21006760000000,6.7898986
21007370000000,7.20944738388
21007990000000,7.48622941971
21008590000000,7.78817081451
21009200000000,8.06768035889
21009830000000,8.34426021576
21010420000000,8.65732479095
21011040000000,8.9084148407
21011740000000,9.21933460236
21012410000000,9.56921100616
21013060000000,9.87611103058
