
10888310000000,2.72473502159
10889350000000,2.72477650642
10890390000000,2.61018705368
10891420000000,2.44594454765
10892530000000,2.28617620468
10893550000000,1.83474552631
10894590000000,1.3915964365
10895560000000,0.983733057976
10896610000000,0.537331163883
10897660000000,0.53781658411
10898320000000,0.756214022636
10899730000000,0.595867872238
10900710000000,0.936245381832
10901720000000,1.35724008083
10902720000000,1.84260237217
10903660000000,2.31704735756
10904700000000,2.77516126633
10905720000000,3.27285599709
10906680000000,3.78925085068
10907690000000,4.25115060806
10908690000000,4.75790977478
10909700000000,5.25517368317
10910680000000,5.75362300873
10911660000000,6.25181245804
10912630000000,6.71316432953
10913630000000,7.18326234818
10914650000000,7.67003011703
10915590000000,8.17560577393
10916560000000,8.65389347076
10917550000000,9.11465263367
10918540000000,9.14334583282
