11179930000000,3.39708638191
11181110000000,2.91921567917
11182210000000,2.72973489761
11183280000000,2.66730880737
11184380000000,2.69596743584
11185440000000,2.81360697746
11186500000000,2.97095918655
11187540000000,3.19817662239
11188600000000,3.49180746078
11189600000000,3.85693073273
11190660000000,4.19730472565
11191650000000,4.62283802032
11192640000000,5.05672645569
11193660000000,5.436855793
11194590000000,5.88910770416
11195580000000,6.29347133636
11196550000000,6.70049238205
11197510000000,7.15448665619
11198430000000,7.51779270172
11199370000000,7.94288635254
11200330000000,8.3549747467
11201130000000,8.72598266602
11202250000000,8.91941452026
11203200000000,9.14743900299
11204160000000,9.3941822052
11205070000000,9.77699661255
11206010000000,10.2134342194
11206950000000,10.541847229
11207880000000,10.9275064468
11208800000000,11.2290697098
11209730000000,11.5165338516
11210630000000,11.9517707825
11211570000000,12.353477478
11212510000000,12.7511425018
11213490000000,13.1475019455
11214390000000,13.5513525009
11215350000000,13.9282455444
11216290000000,14.3096847534
