
21159370000000,9.371758461
21160160000000,9.2722530365
21160890000000,8.96030902863
21161620000000,8.7513589859
21162390000000,8.38810920715
21163170000000,8.02276706696
21163890000000,7.64334964752
21164650000000,7.28919649124
21165360000000,6.90555620193
21166120000000,6.59021425247
21166840000000,6.23224258423
21167540000000,5.87685966492
21168250000000,5.53707695007
21169000000000,5.19461250305
21169720000000,4.81986570358
21170400000000,4.47200918198
21171120000000,4.13673305511
21171820000000,3.78937983513
21172530000000,3.46332931519
21173260000000,3.09934663773
21173980000000,2.74124836922
21174670000000,2.46126627922
21175400000000,2.23987627029
21176070000000,1.99081683159
21176750000000,1.74278378487
21177430000000,1.53133642673
21178110000000,1.37829697132
21178760000000,1.29168891907
21179390000000,1.30271542072
21180060000000,1.39079797268
21180690000000,1.54594004154
21181360000000,1.75039803982
21182030000000,2.00394701958
21182660000000,2.26764130592
21183330000000,2.539945364
21183970000000,2.83441662788
21184600000000,3.13586735725
21185240000000,3.42700862885
21185840000000,3.73002839088
21186480000000,4.01342821121
21187120000000,4.31242179871
21187730000000,4.61745405197
21188350000000,4.88054275513
21188970000000,5.12987422943
21189610000000,5.41579723358
21190220000000,5.75165462494
21190870000000,6.02635860443
21191580000000,6.34731531143
