10976620000000,11.7278089523
10977720000000,11.2341461182
10978840000000,10.7411746979
10979980000000,10.1992549896
10981020000000,9.68707275391
10982130000000,9.23289394379
10983180000000,8.63961410522
10984260000000,8.13949012756
10985290000000,7.61498308182
10986320000000,7.1336016655
10987380000000,6.62516069412
10988400000000,6.10862827301
10989400000000,5.61201810837
10990400000000,5.13009166718
10991390000000,4.63546180725
10992380000000,4.13930177689
10993350000000,3.64364361763
10994290000000,3.19644832611
10995220000000,2.72466921806
10996160000000,2.25826215744
10997110000000,1.79486751556
10998050000000,1.3598498106
10999000000000,0.996436715126
10999940000000,0.807711899281
11000880000000,0.635823786259
11001860000000,0.448360830545
11002760000000,0.369424551725
11003690000000,0.742138981819
11004620000000,1.23211157322
11005570000000,1.6803958416
11006490000000,2.10492372513
11007440000000,2.55312752724
11008390000000,3.01166415215
11009320000000,3.42693042755
11010250000000,3.88739156723
11011190000000,4.37009859085
11012120000000,4.76867198944
11013080000000,5.20480060577
