
11011060000000,10.1063814163
11012100000000,10.1063747406
11013210000000,10.0761756897
11014260000000,9.58053684235
11015280000000,9.17953205109
11016300000000,9.13721466064
11017350000000,9.39792060852
11018320000000,9.67299461365
11019320000000,9.95473194122
11020380000000,10.043554306
11021440000000,9.8505153656
11022450000000,9.38003253937
11023490000000,8.98790168762
11024480000000,8.58327293396
11025430000000,8.23582458496
11026400000000,7.92724275589
11027380000000,7.61212158203
11028360000000,7.3411283493
11029340000000,7.08112668991
11030290000000,6.85517501831
11031210000000,6.66484165192
11032150000000,6.51460456848
11033110000000,6.39413881302
11034060000000,6.32400941849
11034940000000,6.29816389084
11035880000000,6.30807542801
11036770000000,6.35800647736
11037740000000,6.43748521805
11038690000000,6.56201410294
11039620000000,6.71486282349
11040560000000,6.75938510895
