11075480000000,18.2298069
11076610000000,17.7107429504
11077740000000,17.3512992859
11078870000000,16.9212551117
11080000000000,16.7037734985
11081120000000,16.3241462708
11082200000000,15.7844591141
11083290000000,15.4308586121
11084380000000,15.1349029541
11085460000000,14.8949403763
11086540000000,14.5522823334
11087580000000,14.0581665039
11088630000000,13.6834173203
11089720000000,13.6584005356
11090770000000,13.1513938904
11091830000000,13.073299408
11092860000000,12.5698184967
11093910000000,12.3047065735
11094960000000,12.2984380722
11095990000000,11.8633728027
11096950000000,11.4090795517
11097920000000,11.4847049713
11098910000000,10.8104515076
11099890000000,10.4414167404
11100810000000,10.065788269
11101780000000,9.97764110565
11102720000000,9.36714172363
11103660000000,9.02962112427
11104590000000,8.72046661377
11105490000000,8.40723228455
11106420000000,8.167760849
11107350000000,7.86667823792
11108260000000,7.78770637512
11109140000000,7.30235719681
11110090000000,7.12696647644
11111000000000,6.99125146866
