11499260000000,11.9529314041
11500430000000,11.4505281448
11501570000000,10.918970108
11502680000000,10.3971090317
11503750000000,9.88433170319
11504850000000,9.33725070953
11505890000000,8.85723018646
11506950000000,8.33354568481
11508000000000,7.87883710861
11509030000000,7.36687660217
11510070000000,6.84174871445
11511090000000,6.33787631989
11512100000000,5.87964582443
11513100000000,5.39491415024
11514080000000,4.9065079689
11515090000000,4.41672134399
11516070000000,3.91985249519
11517000000000,3.46102333069
11517920000000,2.99502968788
11518890000000,2.59675884247
11519810000000,2.14182686806
11520740000000,1.73167598248
11521660000000,1.30457389355
11522590000000,1.16762602329
11523540000000,1.03981387615
11524460000000,1.08830559254
11525410000000,1.24930667877
11526360000000,1.5902094841
11527320000000,2.00728535652
11528240000000,2.43535661697
11529150000000,2.89837050438
11530120000000,3.30069756508
11531070000000,3.76734280586
11532030000000,4.20191335678
11532990000000,4.66017150879
11533920000000,5.10786724091
11534910000000,5.54314470291
