10768740000000,18.2662258148
10769870000000,17.7160339355
10771010000000,17.1651496887
10772140000000,16.6388969421
10773220000000,16.2662906647
10774310000000,15.7230768204
10775390000000,15.2504405975
10776460000000,14.8433637619
10777500000000,14.4337377548
10778560000000,13.9275941849
10779600000000,13.6987342834
10780610000000,13.0386066437
10781670000000,12.7171812057
10782710000000,12.3011188507
10783750000000,11.8694343567
10784740000000,11.3653793335
10785700000000,10.9876747131
10786680000000,10.87433815
10787670000000,10.4180030823
10788660000000,9.87614154816
10789610000000,9.50734901428
10790610000000,9.13535690308
10791550000000,9.03510856628
10792500000000,8.38090133667
10793450000000,8.06797790527
10794400000000,7.73013496399
10795310000000,7.41163825989
10796280000000,7.16950321198
10797160000000,7.05733823776
10798090000000,6.6489648819
10798990000000,6.45336151123
10799880000000,6.56222581863
10800770000000,6.26363563538
10801690000000,6.29572439194
10802630000000,6.25793743134
10803520000000,6.3553442955
10804460000000,6.36919403076
10805380000000,6.47645950317
10806300000000,6.45891857147
10807230000000,6.07945728302
10808190000000,5.63401889801
10809090000000,5.30807638168
10810020000000,4.85222578049
10810920000000,4.46186113358
10811810000000,3.97966074944
10812770000000,4.61468410492
10813680000000,3.03789544106
10814640000000,2.56885504723
10815570000000,2.14766716957
10816530000000,1.69896090031
10817480000000,1.6396176815
