
21159370000000,17.4384899139
21160160000000,17.3148040771
21160890000000,16.936750412
21161620000000,16.6949043274
21162390000000,16.3602905273
21163170000000,16.0454940796
21163890000000,15.959646225
21164650000000,15.5638818741
21165360000000,15.2510757446
21166120000000,14.9233751297
21166840000000,14.8660945892
21167540000000,14.6157941818
21168250000000,14.3206510544
21169000000000,14.0327558517
21169720000000,13.7879476547
21170400000000,13.6387348175
21171120000000,13.4288129807
21171820000000,13.1224317551
21172530000000,12.9561691284
21173260000000,12.9279756546
21173980000000,12.6967372894
21174670000000,12.5086917877
21175400000000,12.3161211014
21176070000000,12.0756835938
21176750000000,11.7898855209
21177430000000,11.6319351196
21178110000000,11.1027460098
21178760000000,10.9255056381
21179390000000,10.5244636536
21180060000000,10.2527112961
21180690000000,9.98629665375
21181360000000,9.72691059113
21182030000000,9.46773529053
21182660000000,9.23797798157
21183330000000,8.99084758759
21183970000000,8.94637012482
21184600000000,8.46813106537
21185240000000,8.24030208588
21185840000000,8.05145931244
21186480000000,7.81714391708
21187120000000,7.61001014709
21187730000000,7.42185401917
21188350000000,7.28788805008
21188970000000,7.28301239014
21189610000000,6.94972038269
21190220000000,6.80685997009
21190870000000,6.71389770508
21191580000000,6.62218952179
