10880940000000,16.513961792
10882040000000,16.0459899902
10883170000000,15.4848957062
10884300000000,15.0018539429
10885400000000,14.4922657013
10886530000000,14.0186929703
10887600000000,13.5558099747
10888640000000,13.1036510468
10889660000000,12.6686048508
10890670000000,12.270813942
10891720000000,11.833026886
10892710000000,11.4234733582
10893720000000,11.0259199142
10894710000000,10.6273870468
10895690000000,10.2900838852
10896670000000,9.88589668274
10897640000000,9.46712684631
10898590000000,9.12711429596
10899570000000,8.76545143127
10900480000000,8.44293212891
10901410000000,8.17009162903
10902360000000,7.91289138794
10903320000000,7.69467067719
10904270000000,7.77086782455
10905190000000,7.92004346848
10906120000000,8.0703458786
10907050000000,8.05853557587
10908000000000,7.92157554626
10908960000000,7.67737674713
10909920000000,7.54348897934
10910870000000,7.47128152847
10911800000000,7.31575775146
10912730000000,7.18276309967
10913690000000,7.09500837326
10914640000000,7.02295160294
10915630000000,7.01212024689
10916580000000,7.05798768997
10917550000000,7.10502910614
10918510000000,7.18343257904
10919480000000,7.36507511139
