11179930000000,9.72956752777
11181110000000,9.13017272949
11182210000000,8.6447353363
11183280000000,8.23174381256
11184380000000,7.85067510605
11185440000000,7.4763879776
11186500000000,7.15559196472
11187540000000,6.87443304062
11188600000000,6.59486675262
11189600000000,6.34713125229
11190660000000,6.15098762512
11191650000000,5.97989702225
11192640000000,5.85526895523
11193660000000,5.7686715126
11194590000000,5.71641492844
11195580000000,5.70735168457
11196550000000,5.74238586426
11197510000000,5.81861972809
11198440000000,5.98063659668
11199370000000,6.15286493301
11200330000000,6.33515310287
11201270000000,6.53083753586
11202250000000,6.57047224045
11203200000000,6.55918121338
11204160000000,6.28860378265
11205070000000,6.13237953186
11206010000000,6.04682302475
11206950000000,5.97901105881
11207880000000,5.95312690735
11208810000000,5.84510803223
11209730000000,5.82770967484
11210630000000,5.88509368896
11211570000000,5.95833683014
11212510000000,6.0671505928
11213490000000,6.19666862488
11214390000000,6.34958314896
11215350000000,6.58131694794
11216290000000,6.87404680252
