
10888310000000,10.903260231
10889350000000,10.903301239
10890390000000,10.7439603806
10891420000000,10.2351722717
10892530000000,9.82834434509
10893550000000,9.71149635315
10894590000000,9.88848114014
10895560000000,10.0704374313
10896610000000,10.0829553604
10897660000000,10.3171958923
10898700000000,10.490477562
10899730000000,10.0736026764
10900710000000,9.76912784576
10901720000000,9.36294078827
10902720000000,9.05799198151
10903660000000,8.76388549805
10904700000000,8.50317287445
10905720000000,8.23469734192
10906680000000,7.95070505142
10907690000000,7.69727516174
10908690000000,7.50996685028
10909700000000,7.30795383453
10910680000000,7.15224218369
10911660000000,7.01419448853
10912630000000,6.86973953247
10913630000000,6.79590082169
10914650000000,6.75202846527
10915590000000,6.74781227112
10916560000000,6.78282499313
10917550000000,6.83710861206
10918540000000,6.83290338516
