11574980000000,18.1849327087
11576140000000,17.7974357605
11577240000000,17.2609634399
11578330000000,16.7852096558
11579420000000,16.4144458771
11580510000000,15.8488588333
11581540000000,15.1707258224
11582610000000,14.6564979553
11583670000000,14.19049263
11584730000000,13.644618988
11585730000000,13.1435804367
11586740000000,12.6476392746
11587740000000,12.3562402725
11588720000000,11.7192115784
11589720000000,11.2718172073
11590660000000,10.9883403778
11591610000000,10.365322113
11592570000000,9.92509651184
11593520000000,9.52091789246
11594470000000,9.08443164825
11595450000000,8.64659404755
11596410000000,8.19944858551
11597310000000,8.09525489807
11598250000000,7.56537008286
11599180000000,7.26442575455
11600110000000,6.94819784164
11601030000000,6.47988176346
11601960000000,5.9878783226
11602870000000,5.49603939056
11603740000000,5.1026763916
11604680000000,4.684466362
11605630000000,4.30121850967
11606540000000,3.95035529137
11607490000000,3.42120909691
11608460000000,3.0766415596
11609420000000,2.50676321983
11610380000000,2.01183867455
11611350000000,1.57662284374
11612290000000,1.12028110027
