11345440000000,12.127158165
11346580000000,11.9841804504
11347720000000,11.4584798813
11348890000000,11.0929784775
11349990000000,10.6163158417
11351100000000,10.3434591293
11352210000000,10.1698656082
11353300000000,10.1235847473
11354390000000,10.2338924408
11355500000000,9.9471950531
11356590000000,9.54322433472
11357610000000,9.08466625214
11358650000000,8.7122220993
11359730000000,8.45849609375
11360800000000,8.18526554108
11361870000000,7.89908409119
11362940000000,7.67281150818
11363990000000,7.3895316124
11365010000000,7.19653606415
11366050000000,7.02323436737
11367080000000,6.87788391113
11368120000000,6.73551464081
11369140000000,6.61868858337
11370190000000,6.58224534988
11371210000000,6.58893632889
11372260000000,6.63261413574
11373280000000,6.70093536377
