
21248110000000,9.41531658173
21248860000000,9.20871925354
21249620000000,8.9024066925
21250370000000,8.59545993805
21251110000000,8.32296276093
21251820000000,8.05432891846
21252550000000,7.78545808792
21253280000000,7.52795934677
21254020000000,7.27941465378
21254700000000,7.03119373322
21255400000000,6.81344985962
21256110000000,6.58880710602
21256800000000,6.40365314484
21257490000000,6.18960380554
21258180000000,6.02408075333
21258890000000,5.85984420776
21259590000000,5.71056604385
21260250000000,5.57617378235
21260910000000,5.48167943954
21261550000000,5.4596657753
21262230000000,5.47899866104
21262910000000,5.49780273438
21263550000000,5.51925134659
21264250000000,5.55988407135
21264910000000,5.61952209473
21265550000000,5.69824838638
21266200000000,5.78930473328
21266820000000,5.90396785736
21267450000000,5.98815393448
21268060000000,5.86469364166
21268710000000,5.78719997406
21269330000000,5.74170255661
21269940000000,5.68135643005
21270570000000,5.70534133911
21271230000000,5.69752311707
21271880000000,5.69817018509
21272560000000,5.71729230881
21273200000000,5.75665283203
21273840000000,5.7993812561
21274510000000,5.87724018097
21275160000000,5.98109340668
21275810000000,6.09913063049
21276490000000,6.23606157303
21277130000000,6.40606737137
21277800000000,6.60664796829
21278520000000,6.78483438492
21279160000000,7.04719829559
21279860000000,7.27148866653
21280530000000,7.53188753128
21281230000000,7.78997278214
21281930000000,8.0688829422
21282640000000,8.36163330078
21283320000000,8.64504241943
21284030000000,8.94929504395
