
21159370000000,11.30884552
21160160000000,11.1169462204
21160890000000,10.7503461838
21161620000000,10.4895267487
21162390000000,10.196975708
21163170000000,9.90293502808
21163890000000,9.65874767303
21164650000000,9.37916374207
21165360000000,9.09030151367
21166120000000,8.77920055389
21166840000000,8.61393260956
21167540000000,8.38451576233
21168250000000,8.16838264465
21169000000000,7.97566175461
21169720000000,7.81452798843
21170400000000,7.5909485817
21171120000000,7.40571880341
21171820000000,7.27119636536
21172530000000,7.1574139595
21173260000000,7.05030536652
21173980000000,6.95944213867
21174670000000,6.94125556946
21175400000000,6.79582118988
21176070000000,6.59423971176
21176750000000,6.39018297195
21177430000000,6.18718528748
21178110000000,5.99295377731
21178760000000,5.80345726013
21179390000000,5.64547109604
21180060000000,5.49833583832
21180690000000,5.36331510544
21181360000000,5.25108766556
21182030000000,5.13676786423
21182660000000,5.0485906601
21183330000000,4.98379945755
21183970000000,4.93623161316
21184600000000,4.90248298645
21185240000000,4.89539003372
21185840000000,4.92638206482
21186480000000,4.94617080688
21187120000000,4.99768972397
21187730000000,5.07174110413
21188350000000,5.14777088165
21188970000000,5.20000696182
21189610000000,5.29534339905
21190220000000,5.4215555191
21190870000000,5.55301189423
21191580000000,5.72284507751
