
10787850000000,17.2945079803
10788910000000,17.2944927216
10789910000000,17.2944812775
10790980000000,17.0966415405
10791990000000,16.8124217987
10793030000000,16.1262798309
10794010000000,15.6374187469
10795040000000,15.146188736
10796050000000,14.6084766388
10797090000000,14.1772413254
10798050000000,13.8953008652
10799020000000,13.4197416306
10799990000000,13.0922346115
10800920000000,12.5675401688
10801880000000,12.1242895126
10802810000000,11.4989023209
10803750000000,11.2331104279
10804710000000,10.8252363205
10805640000000,10.0668497086
10806560000000,9.65144538879
10807480000000,9.25931930542
10808420000000,8.87889385223
10809270000000,8.34931755066
10810210000000,8.11707115173
10811170000000,7.5989408493
10812130000000,7.25577497482
10813060000000,7.14826440811
10813980000000,7.11974287033
10814920000000,7.10602045059
10815820000000,7.05417299271
10816780000000,7.19119691849
10817600000000,7.37731218338
10818510000000,7.56762742996
10819370000000,7.83292388916
10820330000000,8.16762542725
10821220000000,8.61472702026
10822160000000,8.81182193756
10823140000000,9.36475944519
10824100000000,9.51142692566
10824990000000,9.90986919403
10825980000000,10.3313302994
10826970000000,10.6251888275
