
10787850000000,2.78028440475
10788910000000,2.78027272224
10789910000000,2.78026247025
10790980000000,2.77464008331
10791990000000,2.70174670219
10793030000000,2.74353265762
10794010000000,2.88245582581
10795040000000,3.09139728546
10796050000000,3.371571064
10797090000000,3.65234851837
10798050000000,3.93934845924
10799020000000,4.15859889984
10799990000000,4.50970602036
10800920000000,4.89486026764
10801880000000,5.26130151749
10802810000000,5.66277980804
10803750000000,6.06664466858
10804710000000,6.53884553909
10805640000000,6.92297506332
10806560000000,7.27156209946
10807480000000,7.5637049675
10808420000000,7.87816810608
10809270000000,8.15966415405
10810210000000,8.45886611938
10811930000000,8.74475002289
10812130000000,9.09441566467
10813060000000,9.25664520264
10813980000000,9.28892421722
10814920000000,9.28307437897
10815820000000,9.36760425568
10816780000000,9.50917053223
10817600000000,9.51305866241
10818510000000,9.48054599762
10819370000000,9.44367027283
10820330000000,9.46645641327
10821220000000,9.41585826874
10822160000000,9.42078781128
10823140000000,9.45760250092
10824100000000,9.57114315033
10824990000000,9.69574642181
10825980000000,9.82837772369
10826970000000,10.002995491
