10768740000000,3.61831831932
10769870000000,3.22025680542
10771010000000,2.78163862228
10772140000000,2.70584845543
10773220000000,2.83434844017
10774310000000,3.02638554573
10775390000000,3.29763436317
10776460000000,3.61566019058
10777500000000,3.96468472481
10778560000000,4.34125614166
10779600000000,4.73024749756
10780610000000,5.15723323822
10781670000000,5.56791639328
10782710000000,5.98417377472
10783750000000,6.41955041885
10784740000000,6.87515354156
10785700000000,7.31901454926
10786680000000,7.72174406052
10787670000000,8.13761043549
10788660000000,8.55680561066
10789610000000,9.01501846313
10790610000000,9.412109375
10791550000000,9.84530258179
10792500000000,10.2395706177
10793450000000,10.693444252
10794400000000,11.1418275833
10795310000000,11.5921468735
10796280000000,12.0033359528
10797160000000,12.4722738266
10798090000000,12.8574581146
10798990000000,13.2893638611
10799880000000,13.6991996765
10801530000000,14.1660671234
10801690000000,14.4946422577
10802630000000,14.2688512802
10803520000000,13.9070386887
10804460000000,13.542181015
10805380000000,13.497879982
10806300000000,13.3574352264
10807230000000,13.4366817474
10808190000000,13.6149950027
10809090000000,13.7360858917
10810020000000,13.7043609619
10810920000000,13.6866254807
10811810000000,13.8780260086
10812770000000,14.105679512
10813680000000,14.2914075851
10814640000000,14.5946493149
10815570000000,14.8573484421
10816530000000,15.1271238327
10817480000000,15.4479055405
