
21248110000000,3.16175198555
21248860000000,2.96718478203
21249620000000,2.75769233704
21250370000000,2.65156912804
21251110000000,2.60530328751
21251820000000,2.60624051094
21252550000000,2.66417694092
21253280000000,2.75959777832
21254020000000,2.89544200897
21254700000000,3.06568908691
21255400000000,3.25375342369
21256110000000,3.48196983337
21256800000000,3.71095228195
21257490000000,3.96927595139
21258180000000,4.21455335617
21258890000000,4.49176740646
21259590000000,4.78160142899
21260250000000,5.1019282341
21260910000000,5.34023332596
21261550000000,5.5608215332
21262230000000,5.76000165939
21262910000000,6.04112482071
21263550000000,6.30558919907
21264250000000,6.57271003723
21264910000000,6.81089067459
21265550000000,7.1486697197
21266120000000,7.36183166504
21266820000000,7.63918542862
21267450000000,7.80633306503
21268060000000,7.74003314972
21268710000000,7.71943235397
21269330000000,7.75941896439
21269940000000,7.73658943176
21270570000000,7.85246944427
21271230000000,7.61521530151
21271880000000,7.28051805496
21272560000000,6.99757099152
21273200000000,6.67843294144
21273840000000,6.40086555481
21274510000000,6.050344944
21275160000000,5.77812767029
21275810000000,5.42937660217
21276490000000,5.11027050018
21277130000000,4.76369428635
21277800000000,4.44864082336
21278520000000,4.1416554451
21279160000000,3.76175928116
21279860000000,3.4708814621
21280530000000,3.14664411545
21281230000000,2.83380484581
21281930000000,2.51897716522
21282640000000,2.17620372772
21283320000000,1.86708152294
21284030000000,1.54504644871
