
11011060000000,16.880941391
11012100000000,16.8809146881
11013210000000,16.8538894653
11014260000000,16.3525676727
11015280000000,15.9694929123
11016300000000,15.7071914673
11017350000000,15.7787799835
11018320000000,15.909901619
11019320000000,16.047246933
11020380000000,16.0719604492
11021440000000,15.8224697113
11022450000000,15.3426675797
11023490000000,14.8824119568
11024480000000,14.4274864197
11025430000000,13.9285135269
11026400000000,13.4911689758
11027380000000,13.01263237
11028360000000,12.6109294891
11029340000000,12.1176252365
11030290000000,11.6646738052
11031210000000,11.2542457581
11032150000000,10.81483078
11033110000000,10.398194313
11034060000000,9.97845363617
11034940000000,9.57873725891
11035880000000,9.22466850281
11036770000000,8.87690162659
11037740000000,8.52459430695
11038690000000,8.1670293808
11039620000000,7.84130096436
11040560000000,7.70609712601
