10768740000000,16.7407722473
10769870000000,16.3391933441
10771020000000,15.8839330673
10772140000000,15.4175777435
10773220000000,14.8750495911
10774310000000,14.3720712662
10775390000000,13.8338012695
10776460000000,13.35297966
10777500000000,12.8450708389
10778560000000,12.3438205719
10779600000000,11.8471870422
10780610000000,11.3485193253
10781670000000,10.8778438568
10782710000000,10.4129829407
10783750000000,9.90997409821
10784740000000,9.40361499786
10785700000000,8.92058849335
10786680000000,8.47256088257
10787670000000,8.02192783356
10788660000000,7.56585359573
10789610000000,7.08952951431
10790610000000,6.65483236313
10791550000000,6.21396064758
10792500000000,5.76187944412
10793450000000,5.32722854614
10794400000000,4.86612272263
10795310000000,4.40076494217
10796280000000,3.97326564789
10797160000000,3.49942398071
10798090000000,3.09539008141
10798990000000,2.65606427193
10799880000000,2.23240113258
10800770000000,1.81260716915
10801690000000,1.42461252213
10802630000000,1.6643178463
10803520000000,2.02545022964
10804460000000,2.38959717751
10805380000000,2.47652244568
10806300000000,2.52900743484
10807230000000,2.40543651581
10808190000000,2.29895448685
10809090000000,2.3406496048
10810020000000,2.62951540947
10810920000000,2.96608638763
10811810000000,3.43002820015
10812770000000,3.90668129921
10813680000000,4.39928388596
10814640000000,4.87048578262
10815570000000,5.31135988235
10816530000000,5.73272752762
10817480000000,6.19498872757
