11179930000000,17.7205047607
11181110000000,17.1823482513
11182210000000,16.5830097198
11183280000000,16.0565376282
11184380000000,15.7745666504
11185440000000,15.1949625015
11186500000000,14.5742826462
11187540000000,14.0456867218
11188600000000,13.5274000168
11189600000000,13.0672082901
11190660000000,12.5455265045
11191650000000,12.1432380676
11192640000000,11.511425972
11193660000000,11.2883834839
11194590000000,10.5381307602
11195580000000,10.115653038
11196550000000,9.8033323288
11197510000000,9.30273246765
11198430000000,8.83338451385
11199370000000,8.39440536499
11200330000000,7.94680213928
11201270000000,7.89805316925
11202250000000,7.45061159134
11203200000000,7.25789117813
11204160000000,6.92070198059
11205070000000,6.65325164795
11206010000000,6.45875167847
11206950000000,6.36227321625
11207880000000,5.9936299324
11208800000000,5.91424608231
11209730000000,5.89434051514
11210630000000,5.59197044373
11211570000000,5.51084280014
11212510000000,5.47904825211
11213490000000,5.53984451294
11214390000000,5.61805534363
11215350000000,5.70305395126
11216290000000,6.15598201752
