10768740000000,9.95875930786
10769870000000,9.57286834717
10771010000000,9.08682823181
10772140000000,8.70240402222
10773220000000,8.19195365906
10774310000000,7.71576976776
10775390000000,7.21521472931
10776460000000,6.73431921005
10777500000000,6.2656583786
10778560000000,5.80379486084
10779600000000,5.36208057404
10780610000000,4.90985059738
10781670000000,4.49946069717
10782710000000,4.10652923584
10783750000000,3.72927999496
10784740000000,3.37892484665
10785700000000,3.08409905434
10786680000000,2.86398482323
10787670000000,2.70382213593
10788660000000,2.62183189392
10789610000000,2.63174319267
10790610000000,2.71801257133
10791550000000,2.88531780243
10792500000000,3.12281322479
10793450000000,3.41347551346
10794400000000,3.74465823174
10795310000000,4.10992383957
10796280000000,4.46561861038
10797160000000,4.86500501633
10798090000000,5.23209428787
10798990000000,5.61939287186
10799880000000,6.0064573288
10800770000000,6.4115281105
10801690000000,6.76676511765
10802630000000,6.53589344025
10803520000000,6.17960691452
10804460000000,5.87606716156
10805380000000,5.76369476318
10806300000000,5.74110031128
10807230000000,6.00225543976
10808190000000,6.41241455078
10809090000000,6.70989894867
10810020000000,7.02959394455
10810920000000,7.29185056686
10811810000000,7.68830633163
10812770000000,8.12247085571
10813680000000,8.56426143646
10814640000000,9.00480556488
10815570000000,9.43114089966
10816530000000,9.85204601288
10817480000000,10.3054189682
