
21159370000000,16.1667938232
21160160000000,16.0600814819
21160890000000,15.695775032
21161620000000,15.4351472855
21162390000000,15.0742683411
21163170000000,14.7333927155
21163890000000,14.3713445663
21164650000000,14.0188026428
21165360000000,13.654709816
21166120000000,13.356502533
21166840000000,13.0243263245
21167540000000,12.7013511658
21168250000000,12.4267988205
21169000000000,12.1155881882
21169720000000,11.7989387512
21170400000000,11.4896497726
21171120000000,11.1778612137
21171820000000,10.8866767883
21172530000000,10.6004514694
21173260000000,10.2705783844
21173980000000,9.97632980347
21174670000000,9.76192378998
21175400000000,9.5326757431
21176070000000,9.23180961609
21176750000000,8.90982627869
21177430000000,8.58163261414
21178110000000,8.25398921967
21178760000000,7.91931247711
21179390000000,7.60831689835
21180060000000,7.29366207123
21180690000000,6.98305797577
21181360000000,6.66925239563
21182030000000,6.34278345108
21182660000000,6.02042293549
21183330000000,5.70997667313
21183970000000,5.39745283127
21184600000000,5.06453132629
21185240000000,4.76813030243
21185840000000,4.44901514053
21186480000000,4.16397190094
21187120000000,3.85538434982
21187730000000,3.55166935921
21188350000000,3.27175426483
21188970000000,3.02341222763
21189610000000,2.72699856758
21190220000000,2.41981244087
21190870000000,2.11652421951
21191580000000,1.80881011486
