
10626010000000,9.1199426651
10627130000000,9.11989212036
10628210000000,9.00735092163
10629330000000,8.50494670868
10630420000000,8.00309944153
10631510000000,7.50084209442
10632570000000,7.00943899155
10633660000000,6.54175615311
10634700000000,6.07264614105
10635770000000,5.64205646515
10636830000000,5.21097135544
10637820000000,4.80685663223
10638820000000,4.46325778961
10639880000000,4.13492298126
10640860000000,3.82986283302
10641850000000,3.59410214424
10642820000000,3.42486000061
10643740000000,3.31866288185
10644700000000,3.28625392914
10645700000000,3.32037687302
10646640000000,3.41494560242
10647600000000,3.55775594711
10648560000000,3.7626786232
10649490000000,4.01936292648
10650400000000,4.31103610992
10651330000000,4.61568593979
10652260000000,4.98179292679
10653190000000,5.34624910355
10654110000000,5.7170381546
10655020000000,6.11925125122
10655920000000,6.51749372482
10656830000000,6.9119143486
10657750000000,7.26389884949
10658660000000,7.43626976013
10659570000000,7.34703969955
10660460000000,7.13465118408
10661350000000,6.87305641174
10662270000000,6.6921172142
10663200000000,6.41719484329
10664090000000,6.06151247025
10664950000000,5.77927207947
10665820000000,5.5922961235
10666720000000,5.40182924271
10667630000000,5.20723581314
10668500000000,5.03556680679
10669400000000,4.88841247559
10670330000000,4.80580186844
10671290000000,4.76116895676
10672140000000,4.75925636292
10673070000000,4.79928255081
10674020000000,4.88004159927
10674950000000,5.00605106354
10675880000000,5.1756362915
10676800000000,5.38032341003
10677700000000,5.61977291107
10678640000000,5.87631750107
10679580000000,6.16789054871
10680510000000,6.47611904144
10681470000000,6.80492019653
10682420000000,7.15660667419
10683380000000,7.47782373428
10684360000000,7.8425784111
10685390000000,8.21980285645
10686330000000,8.64222240448
10687320000000,9.02304077148
10688320000000,9.4650182724
10689330000000,9.61110687256
