
11191390000000,16.4420890808
11192440000000,17.5928840637
11193480000000,16.4469413757
11194580000000,16.3279285431
11195590000000,15.8692426682
11196690000000,15.6307249069
11197680000000,15.7810983658
11198710000000,15.9153003693
11199650000000,16.0662078857
11200670000000,16.0546684265
11201640000000,16.0637054443
11202630000000,16.0297641754
11203660000000,15.5984449387
11204670000000,15.0577163696
11205660000000,14.5744800568
11206690000000,14.1056184769
11207680000000,13.5543012619
11208690000000,13.0903081894
11209610000000,12.5954179764
11210580000000,12.1292266846
11211550000000,11.6709213257
11212530000000,11.191324234
11213430000000,10.767914772
11214410000000,10.3135519028
11215310000000,9.8896074295
11216270000000,9.47383308411
11217220000000,9.01278781891
11218180000000,8.56817913055
11219060000000,8.12939548492
11220000000000,7.74432945251
11221020000000,7.35079288483
11221960000000,6.9704246521
11222870000000,6.64445734024
11223750000000,6.34630298615
11224640000000,6.1127409935
11225580000000,5.8924446106
11226500000000,5.74912929535
11227360000000,5.65331315994
11228290000000,5.59493684769
11229180000000,5.59249353409
11230090000000,5.68405103683
11231020000000,5.75708341599
11231950000000,5.95832681656
11232860000000,6.18014192581
11233670000000,6.28376340866
11234580000000,6.28377437592
11235480000000,6.28383588791
