10880940000000,3.50196456909
10882040000000,3.12083101273
10883170000000,2.95146036148
10884300000000,2.89585971832
10885400000000,2.88983178139
10886530000000,2.97050762177
10887600000000,3.1020591259
10888640000000,3.27260255814
10889660000000,3.49062943459
10890670000000,3.74740052223
10891720000000,4.04689788818
10892710000000,4.40798664093
10893720000000,4.80263137817
10894710000000,5.18824195862
10895690000000,5.65115976334
10896670000000,6.00953197479
10897640000000,6.45362472534
10898590000000,6.87618637085
10899570000000,7.3060836792
10900480000000,7.77696990967
10901410000000,8.16003990173
10902730000000,8.5518321991
10903320000000,8.94926071167
10904270000000,8.75931167603
10905190000000,8.49047470093
10906120000000,8.42192459106
10907050000000,8.55436134338
10907990000000,8.49772644043
10908960000000,8.61632442474
10909920000000,8.55739212036
10910870000000,8.51200866699
10911800000000,8.5837392807
10912730000000,8.69451904297
10913690000000,8.75891304016
10914640000000,8.85157012939
10915630000000,8.96731758118
10916580000000,9.11530780792
10917550000000,9.28282833099
10918510000000,9.45857715607
10919480000000,9.6522808075
