
13049040000000,27.4971084595
13049680000000,28.4542617798
13050280000000,29.4238853455
13050940000000,30.3480224609
13051530000000,31.511516571
13052120000000,32.5709114075
13052700000000,33.75573349
13053270000000,34.8952484131
13053890000000,36.1817741394
13054440000000,37.5190544128
13055000000000,38.8858985901
13055550000000,40.2966651917
13056120000000,41.7804527283
13056700000000,43.4251441956
13057260000000,45.2030487061
13057790000000,47.0382385254
13058350000000,48.8514328003
13058900000000,50.926738739
13059430000000,74.45753479
13060010000000,88.9374389648
13060560000000,94.7715759277
13061110000000,98.7890396118
13061640000000,103.67880249
13062190000000,107.071311951
13062730000000,109.615974426
13063280000000,112.07358551
13063810000000,116.133468628
13064340000000,121.154624939
13064860000000,122.540756226
13065390000000,126.960868835
13065920000000,127.70980072
13066440000000,129.733337402
13066960000000,132.823791504
13067480000000,134.9662323
13068020000000,136.590682983
13068560000000,137.799591064
13069090000000,139.290359497
13069690000000,140.410400391
