
13279760000000,29.5352802277
13280380000000,31.2188434601
13280970000000,32.2664108276
13281570000000,33.2441520691
13282200000000,34.1039772034
13282790000000,35.1055412292
13283390000000,35.4705696106
13283970000000,36.8329429626
13284570000000,38.1700325012
13285160000000,39.70860672
13285750000000,41.3344078064
13286390000000,42.9685707092
13286960000000,44.8759536743
13287520000000,46.8041496277
13288090000000,48.8832244873
13288630000000,50.8702888489
13289180000000,53.0595359802
13289740000000,49.0221710205
13290280000000,29.9743728638
13290820000000,23.6109962463
13291350000000,18.0231494904
13291910000000,15.9607563019
13292430000000,16.7929058075
13292960000000,16.3781414032
13293500000000,16.5824928284
13294020000000,17.6876125336
13294530000000,18.9603767395
13295060000000,20.4764633179
13295600000000,19.856344223
13296110000000,17.0694408417
13296660000000,15.6437273026
13297180000000,17.5200710297
13297710000000,19.9100990295
13298220000000,23.170923233
13298750000000,30.2944736481
13299270000000,36.1230392456
13299790000000,44.3750610352
