
18970360000000,34.4920845032
18970760000000,34.4919509888
18971160000000,34.2969284058
18971560000000,34.2753257751
18971960000000,34.9439849854
18972370000000,35.6623001099
18972800000000,36.3855133057
18973210000000,37.2346496582
18973610000000,38.0435295105
18974000000000,38.8808174133
18974410000000,39.7723121643
18974820000000,40.6132545471
18975210000000,41.6524429321
18975600000000,42.581111908
18975980000000,43.6027297974
18976410000000,44.6066017151
18976800000000,45.7590751648
18977180000000,46.8958969116
18977570000000,48.0191001892
18977950000000,49.1471099854
18978330000000,50.2737960815
18978710000000,51.5864639282
18979100000000,52.881477356
18979470000000,54.2965202332
18979850000000,55.6219444275
18980240000000,57.2275085449
18980620000000,73.4683380127
18981000000000,95.8095092773
18981370000000,104.009468079
18981760000000,105.580276489
18982130000000,107.769226074
18982500000000,109.682350159
18982890000000,114.821685791
18983270000000,119.285842896
18983640000000,119.170478821
18984020000000,120.715843201
18984380000000,122.223335266
18984750000000,123.452735901
18985150000000,124.78616333
18985500000000,126.078292847
18985870000000,127.326469421
18986230000000,128.473449707
18986600000000,129.586975098
18986960000000,130.721099854
18987320000000,131.76133728
18987680000000,132.772186279
18988050000000,133.744354248
18988420000000,134.691207886
18988790000000,135.658584595
18989130000000,136.543106079
18989490000000,135.415908813
18989850000000,136.204559326
18990190000000,136.866195679
18990550000000,133.434768677
18990950000000,131.576797485
18991310000000,132.75793457
