
19224750000000,35.418384552
19225170000000,36.7886619568
19225580000000,36.5449905396
19225970000000,36.9750442505
19226380000000,37.7433204651
19226780000000,38.0628700256
19227220000000,39.4032707214
19227620000000,40.0672302246
19228020000000,40.8529968262
19228430000000,42.190826416
19228840000000,42.8414382935
19229230000000,44.2294311523
19229640000000,45.2790679932
19230020000000,46.0468940735
19230410000000,47.6981239319
19230810000000,48.6618347168
19231190000000,49.6303291321
19231560000000,51.3642311096
19231960000000,52.4638404846
19232340000000,53.6801948547
19232710000000,55.3278045654
19233080000000,56.5280456543
19233470000000,57.9060783386
19233860000000,59.5288581848
19234230000000,60.9331626892
19234590000000,62.5664710999
19234980000000,63.9622268677
19235350000000,65.6039886475
19235710000000,67.4129714966
19236070000000,68.7648010254
19236450000000,70.1977844238
19236820000000,72.1849365234
19237180000000,73.6743545532
19237550000000,75.2050476074
19237900000000,77.0045700073
19238250000000,90.2923355103
19238600000000,113.001075745
19238970000000,131.386459351
19239330000000,141.244812012
19239680000000,142.545043945
19240030000000,147.127761841
19240410000000,149.771896362
19240790000000,152.26322937
19241140000000,155.641098022
19241500000000,158.826248169
19241840000000,158.325134277
19242190000000,159.073303223
19242540000000,160.604629517
19242900000000,162.016937256
19243250000000,161.488632202
19243600000000,160.560150146
19243940000000,161.469512939
19244290000000,161.900527954
19244660000000,162.357955933
19245040000000,163.068908691
19245430000000,163.937271118
19245800000000,169.141998291
19246150000000,172.002059937
19246500000000,171.885192871
19246860000000,171.94984436
19247250000000,172.095001221
