
10755900000000,30.0839557648
10756450000000,30.0838127136
10757060000000,30.0836830139
10757660000000,30.0835361481
10758250000000,30.083398819
10758860000000,30.0832576752
10759470000000,29.973947525
10760100000000,28.7338809967
10760700000000,29.8797645569
10761280000000,31.8919219971
10761890000000,36.8582000732
10762480000000,38.6102638245
10763100000000,40.6781005859
10763680000000,42.2194671631
10764240000000,43.7328224182
10764810000000,45.4154167175
10765360000000,47.0429954529
10765920000000,49.5370979309
10766470000000,52.4540290833
10767020000000,58.4515228271
10767530000000,60.4516601562
10768100000000,62.6236343384
10768650000000,64.7315216064
10769220000000,65.880355835
10769750000000,64.5984039307
10770290000000,64.4547119141
10770810000000,65.8681716919
10771330000000,74.2300567627
10771900000000,90.9548034668
10772420000000,112.809356689
10772950000000,136.11026001
10773450000000,155.017715454
10774010000000,161.268966675
10774540000000,161.683120728
10775050000000,156.004821777
10775570000000,150.209518433
10776080000000,155.817398071
10776590000000,158.164657593
10777150000000,158.652999878
10777680000000,158.851837158
10778220000000,159.331100464
10778760000000,159.878799438
10779300000000,159.74697876
10779820000000,156.614990234
10780340000000,163.722686768
10780830000000,163.191223145
10781360000000,163.191680908
