
13279760000000,29.6628818512
13280380000000,29.9706954956
13280970000000,30.9782562256
13281570000000,31.936384201
13282200000000,33.3708114624
13282790000000,34.8102912903
13283390000000,36.8358879089
13283970000000,38.1215171814
13284570000000,39.4924087524
13285160000000,40.9663200378
13285750000000,42.4909858704
13286390000000,44.011920929
13286960000000,45.9469947815
13287520000000,47.7433013916
13288090000000,49.6549682617
13288630000000,51.6957778931
13289180000000,53.7140846252
13289740000000,61.7402496338
13290280000000,84.8941116333
13290820000000,94.4736709595
13291350000000,103.671127319
13291910000000,109.21194458
13292430000000,111.963951111
13292960000000,115.670829773
13293500000000,118.721809387
13294020000000,120.994216919
13294530000000,122.919456482
13295060000000,124.831947327
13295600000000,129.3984375
13296110000000,135.665725708
13296660000000,140.182495117
13297180000000,141.45513916
13297710000000,142.730773926
13298220000000,143.630508423
13298750000000,141.508102417
13299270000000,142.27154541
13299790000000,143.355102539
