
10622930000000,34.2414245605
10623530000000,43.4915771484
10624150000000,32.2897377014
10624760000000,35.2376823425
10625330000000,36.5196723938
10625920000000,36.4338035583
10626500000000,36.9973335266
10627090000000,38.3059883118
10627670000000,39.7156295776
10628220000000,41.1876792908
10628800000000,42.6941490173
10629330000000,44.4441566467
10629890000000,46.0155029297
10630430000000,47.7887039185
10630980000000,50.4883728027
10631560000000,66.5858078003
10632110000000,103.021316528
10632660000000,107.064277649
10633180000000,108.790725708
10633740000000,111.070877075
10634310000000,112.419578552
10634850000000,114.658157349
10635410000000,116.833312988
10635950000000,118.732818604
10636470000000,120.868766785
10637020000000,120.973297119
10637560000000,121.298927307
10638080000000,122.531471252
10638610000000,124.643157959
10639160000000,126.246810913
10639690000000,127.280395508
10640210000000,126.627845764
10640720000000,127.959999084
10641260000000,129.540237427
10641780000000,130.903335571
