
13355100000000,1.47342121601
13355730000000,1.61323034763
13356340000000,1.62662708759
13356920000000,1.8031835556
13357540000000,1.87400352955
13358130000000,2.0255613327
13358690000000,2.21489048004
13359290000000,2.27913713455
13359880000000,2.42885661125
13360480000000,2.53466391563
13361060000000,2.68347477913
13361600000000,2.85944008827
13362160000000,2.99765133858
13362690000000,3.21971726418
13363280000000,3.4106194973
13363860000000,3.71644616127
13364420000000,3.96953010559
13364980000000,4.33160209656
13365520000000,4.68289422989
13366060000000,5.16116952896
13366590000000,9.02032852173
13367160000000,19.3599510193
13367690000000,35.6101303101
13368220000000,51.1403121948
13368750000000,57.5092964172
13369280000000,67.4627914429
13369820000000,80.1951141357
13370350000000,97.0994873047
13370860000000,108.865684509
13371400000000,119.330307007
13371930000000,128.840377808
13372470000000,134.751678467
13373000000000,140.542282104
13373540000000,148.148086548
13374070000000,155.249771118
13374610000000,157.419006348
13375100000000,159.255691528
13375630000000,160.764038086
