
11044200000000,32.2510490417
11044800000000,32.2510375977
11045400000000,32.2510223389
11046020000000,32.2510108948
11046620000000,28.6351909637
11047260000000,29.6000423431
11047840000000,31.9389362335
11048430000000,35.3944282532
11049100000000,38.1538352966
11049660000000,39.6639099121
11050240000000,41.0059661865
11050820000000,42.4793701172
11051410000000,44.0154914856
11051980000000,44.6942176819
11052560000000,45.914680481
11053120000000,47.4260520935
11053690000000,49.3723754883
11054220000000,51.33411026
11054770000000,53.3250999451
11055330000000,55.4292182922
11055880000000,57.7293510437
11056400000000,60.1512794495
11056950000000,62.571308136
11057500000000,74.7747268677
11058030000000,109.63911438
11058550000000,131.664245605
11059080000000,137.822158813
11059600000000,139.298583984
11060120000000,141.078842163
11060630000000,138.794204712
11061230000000,133.727630615
11061760000000,137.770095825
11062300000000,138.518707275
11062820000000,139.932327271
11063350000000,141.307571411
11063950000000,142.541564941
11064490000000,143.910903931
11065040000000,145.05065918
11065560000000,146.225402832
11066090000000,146.111877441
11066600000000,143.716278076
11067120000000,140.718566895
11067660000000,141.349304199
11068160000000,141.381576538
