
18970360000000,4.03186035156
18970760000000,4.03178882599
18971160000000,3.64183545113
18971560000000,3.09975004196
18971960000000,3.15008687973
18972370000000,3.23258495331
18972800000000,3.29725241661
18973210000000,3.39603972435
18973610000000,3.49530386925
18974000000000,3.59587335587
18974410000000,3.72589159012
18974820000000,3.81631040573
18975210000000,3.95518302917
18975600000000,4.08088970184
18975980000000,4.22782039642
18976410000000,4.37354946136
18976800000000,4.54903459549
18977180000000,4.72111606598
18977570000000,4.90348815918
18977950000000,5.06621170044
18978330000000,5.24667930603
18978710000000,5.48561191559
18979100000000,5.7347202301
18979470000000,6.02514648438
18979850000000,6.32341337204
18980240000000,6.84756326675
18980620000000,21.9042072296
18981000000000,43.0618591309
18981370000000,51.0256958008
18981760000000,53.5210571289
18982130000000,56.9461021423
18982500000000,60.0967063904
18982890000000,66.8519287109
18983270000000,73.249168396
18983640000000,75.2084197998
18984020000000,79.0021820068
18984380000000,83.2346954346
18984750000000,86.8681411743
18985150000000,90.9573822021
18985500000000,95.0370178223
18985870000000,99.0633239746
18986230000000,102.79838562
18986600000000,106.428466797
18986960000000,110.114089966
18987320000000,113.453414917
18987680000000,116.635726929
18988050000000,119.643470764
18988420000000,122.486549377
18988780000000,125.305267334
18989130000000,127.804046631
18989490000000,128.050765991
18989850000000,130.230575562
18990190000000,132.137191772
18990550000000,129.70866394
18990950000000,128.926498413
18991310000000,131.309158325
