
13142690000000,24.9434375763
13143280000000,26.9188194275
13143920000000,27.7894210815
13144550000000,28.777130127
13145170000000,29.8084564209
13145730000000,30.9024085999
13146340000000,31.915769577
13146950000000,34.1156654358
13147540000000,35.1788368225
13148090000000,37.3501968384
13148660000000,38.0049629211
13149250000000,39.9501342773
13149800000000,41.4066200256
13150370000000,43.3025932312
13150930000000,45.1003875732
13151490000000,47.107963562
13152050000000,49.1743087769
13152610000000,51.4121055603
13153150000000,44.3562431335
13153700000000,12.3805789948
13154250000000,12.251865387
13154800000000,12.932346344
13155350000000,13.7525997162
13155870000000,14.6097898483
13156400000000,15.3319797516
13156920000000,15.438958168
13157450000000,15.396689415
13157980000000,16.6175308228
13158590000000,18.0948677063
13159110000000,20.0614624023
13159630000000,20.7250442505
13160140000000,17.2047290802
13160670000000,19.7562274933
13161200000000,22.6169929504
13161710000000,26.5743217468
13162250000000,31.5615959167
13162770000000,39.155506134
