
11232840000000,0.307893544436
11233460000000,0.307896047831
11234080000000,0.307896584272
11234720000000,0.307897090912
11235340000000,0.307897418737
11235950000000,1.33509004116
11236540000000,1.93464314938
11237170000000,0.961966693401
11237760000000,0.792713284492
11238350000000,2.53115129471
11238930000000,4.37042856216
11239500000000,6.87985038757
11240110000000,7.16016960144
11240680000000,7.49732637405
11241260000000,6.82628917694
11241810000000,1.39504015446
11242380000000,1.98766577244
11242950000000,2.10708618164
11243520000000,2.24162793159
11244070000000,2.21503782272
11244620000000,1.15542507172
11245190000000,4.34658908844
11245720000000,6.51054763794
11246270000000,7.32776403427
11246830000000,7.98628425598
11247390000000,7.694211483
11247920000000,8.70088481903
11248440000000,11.9638471603
11248980000000,41.6647758484
11249490000000,72.5598373413
11250020000000,84.685218811
11250550000000,93.3505935669
11251090000000,101.498329163
11251640000000,109.78591156
11252170000000,117.421150208
11252710000000,123.592758179
11253210000000,128.664794922
11253750000000,131.898300171
11254300000000,134.78692627
11254850000000,138.847839355
11255400000000,142.211532593
11255920000000,145.183074951
11256480000000,147.663970947
11257000000000,149.917663574
11257520000000,149.880966187
11258050000000,160.923736572
11258560000000,161.568206787
