
13279760000000,0.394630372524
13280380000000,0.278775006533
13280970000000,0.274410545826
13281570000000,0.260720491409
13282200000000,0.0552617907524
13282790000000,0.313305258751
13283390000000,1.17959785461
13283970000000,1.20064091682
13284570000000,1.2822971344
13285160000000,1.32576906681
13285750000000,1.36053216457
13286390000000,1.39452564716
13286960000000,1.52860081196
13287520000000,1.58640038967
13288090000000,1.64799141884
13288630000000,1.83323347569
13289180000000,1.92828691006
13289740000000,8.14085960388
13290280000000,29.5694484711
13290820000000,39.0204544067
13291350000000,49.3078384399
13291910000000,56.0620384216
13292430000000,61.6374320984
13292960000000,68.5562820435
13293500000000,75.6879577637
13294020000000,82.4491119385
13294530000000,88.8177337646
13295060000000,95.4462356567
13295600000000,105.020828247
13296110000000,115.751960754
13296660000000,123.803329468
13297180000000,128.504501343
13297710000000,132.792419434
13298220000000,136.176345825
13298750000000,136.152603149
13299270000000,138.740539551
13299790000000,141.467147827
