
10948820000000,1.14515316486
10949430000000,1.14515399933
10950020000000,1.14515459538
10950640000000,1.1451536417
10951270000000,1.14515507221
10951900000000,1.14515590668
10952500000000,1.14515483379
10953160000000,0.076020039618
10953770000000,0.30939668417
10954360000000,0.311565607786
10954990000000,0.336091458797
10955580000000,0.332270622253
10956160000000,0.341507732868
10956720000000,0.341699331999
10957290000000,0.360115557909
10957840000000,0.353534072638
10958420000000,0.359488874674
10958980000000,0.326304763556
10959560000000,0.334010154009
10960120000000,0.360255599022
10960690000000,0.353551149368
10961240000000,0.424800306559
10961790000000,0.441379368305
10962340000000,12.7090930939
10962890000000,35.7937049866
10963420000000,50.0592842102
10963970000000,53.6743888855
10964500000000,57.9488716125
10965040000000,62.6492233276
10965560000000,67.7978897095
10966090000000,72.912109375
10966610000000,78.7879104614
10967120000000,84.6507568359
10967660000000,90.6276168823
10968170000000,96.8486938477
10968700000000,102.440422058
10969220000000,108.233581543
10969760000000,113.462783813
10970260000000,118.498352051
10970810000000,122.772460938
10971350000000,126.975761414
10971880000000,130.69644165
10972470000000,134.196060181
10972980000000,137.333435059
10973510000000,130.490646362
10974030000000,123.013977051
10974580000000,119.242080688
