
10496200000000,2.53870010376
10496780000000,1.35721898079
10497370000000,1.40683281422
10497960000000,1.51890277863
10498600000000,1.5986199379
10499180000000,1.69003069401
10499760000000,1.89652049541
10500340000000,1.84642767906
10500930000000,1.99311935902
10501480000000,2.09584569931
10502030000000,2.24476861954
10502580000000,2.36694931984
10503120000000,17.9982814789
10503670000000,41.0544319153
10504240000000,51.6384925842
10504810000000,54.6636581421
10505350000000,58.1263389587
10505900000000,61.7207984924
10506420000000,65.5438690186
10506970000000,63.8349647522
10507520000000,68.2948226929
10508050000000,73.0528259277
10508590000000,78.2426376343
10509140000000,83.8607711792
10509680000000,90.3379211426
10510220000000,95.341468811
10510750000000,100.201507568
10511260000000,104.812545776
10511770000000,109.186950684
10512280000000,113.210243225
10512800000000,116.942131042
10513320000000,120.79624176
10513880000000,124.055465698
10514410000000,127.666053772
10514960000000,136.312896729
