
18970360000000,27.7979316711
18970760000000,27.7979278564
18971160000000,28.4163131714
18971560000000,29.5500049591
18971960000000,30.2255058289
18972370000000,30.8949966431
18972800000000,31.6153106689
18973210000000,32.4189147949
18973610000000,33.1807250977
18974000000000,33.9827308655
18974410000000,34.796081543
18974820000000,35.64453125
18975210000000,36.6461868286
18975600000000,37.5515480042
18975980000000,38.5425071716
18976410000000,39.5299110413
18976800000000,40.6663131714
18977180000000,41.8137893677
18977570000000,42.9416275024
18977950000000,44.1494674683
18978330000000,45.3396339417
18978710000000,46.6943016052
18979100000000,48.0405769348
18979470000000,49.5197677612
18979850000000,50.8928260803
18980240000000,52.194644928
18980620000000,38.155292511
18981000000000,17.7149162292
18981370000000,11.9652891159
18981760000000,12.4626722336
18982130000000,12.4802818298
18982500000000,12.4824857712
18982890000000,9.26441383362
18983270000000,5.75579929352
18983640000000,7.59932994843
18984020000000,7.75985956192
18984380000000,8.13425922394
18984750000000,8.49991321564
18985150000000,8.95034694672
18985500000000,9.45063209534
18985870000000,10.0128822327
18986230000000,10.6081733704
18986600000000,11.2758436203
18986960000000,12.0815401077
18987320000000,12.9557876587
18987680000000,13.9603300095
18988050000000,15.1373472214
18988420000000,16.5176525116
18988780000000,18.2672786713
18989130000000,20.2917537689
18989490000000,24.4213161469
18989850000000,27.6661872864
18990190000000,31.949804306
18990550000000,40.5539169312
18990950000000,50.3687324524
18991310000000,61.4798660278
