
10622930000000,3.29583954811
10623530000000,11.7877416611
10624150000000,0.178735688329
10624760000000,1.69754445553
10625330000000,1.88590908051
10625920000000,0.687798321247
10626500000000,0.0168503858149
10627090000000,0.0342713333666
10627670000000,0.0342372655869
10628220000000,0.0598993264139
10628800000000,0.0260220207274
10629330000000,0.0247547626495
10629890000000,0.0529081970453
10630430000000,0.051586471498
10630990000000,0.75567817688
10631560000000,16.1885223389
10632110000000,51.9319114685
10632660000000,55.9704284668
10633180000000,59.0762023926
10633740000000,62.9542655945
10634310000000,66.3827972412
10634850000000,71.0386352539
10635410000000,75.9478683472
10635950000000,80.8789978027
10636470000000,86.3941345215
10637020000000,89.6895599365
10637560000000,94.2189178467
10638080000000,98.7368164062
10638610000000,104.156211853
10639160000000,108.819145203
10639690000000,112.896682739
10640210000000,114.907814026
10640720000000,118.637458801
10641260000000,122.445587158
10641780000000,125.913345337
