
11044200000000,29.6758785248
11044800000000,29.6758518219
11045400000000,29.6758270264
11046020000000,29.6758022308
11046620000000,34.6811408997
11047260000000,35.7399101257
11047840000000,35.775970459
11048430000000,34.3607025146
11049100000000,34.0072288513
11049660000000,35.4058837891
11050240000000,36.6949501038
11050820000000,38.1126899719
11051410000000,39.6534042358
11051980000000,42.1376724243
11052560000000,44.5055809021
11053120000000,46.6383285522
11053690000000,48.5990753174
11054220000000,50.6854705811
11054770000000,52.8309440613
11055330000000,55.1042022705
11055880000000,57.5986480713
11056400000000,60.2405090332
11056950000000,62.7638626099
11057500000000,55.2192764282
11058030000000,24.3727607727
11058550000000,5.67486381531
11059080000000,0.65939873457
11059600000000,1.03294956684
11060120000000,0.936792552471
11060630000000,4.60846328735
11061230000000,11.1809415817
11061760000000,9.76795864105
11062300000000,11.5738296509
11062820000000,12.7444295883
11063350000000,14.2664728165
11063950000000,16.0272903442
11064490000000,18.8198776245
11065040000000,22.0729904175
11065560000000,26.9918041229
11066090000000,34.8472442627
11066600000000,49.6178245544
11067120000000,64.6965713501
11067660000000,65.3907089233
11068160000000,65.3460693359
