
13355100000000,30.3847885132
13355730000000,31.4806022644
13356340000000,32.4092140198
13356920000000,33.6172294617
13357540000000,34.6894721985
13358130000000,35.9152793884
13358690000000,37.2555770874
13359290000000,38.4389686584
13359880000000,39.8612861633
13360480000000,41.3108406067
13361060000000,42.8737792969
13361600000000,44.5083999634
13362160000000,46.051525116
13362690000000,47.8378639221
13363280000000,49.5267562866
13363860000000,51.6683921814
13364420000000,53.7495727539
13364980000000,55.954574585
13365520000000,58.2120742798
13366060000000,60.5770683289
13366590000000,66.2260131836
13367160000000,77.2950439453
13367690000000,94.3722381592
13368220000000,107.124053955
13368750000000,109.451721191
13369280000000,114.469528198
13369820000000,121.02104187
13370350000000,131.724472046
13370860000000,136.472137451
13371400000000,140.540634155
13371930000000,144.656906128
13372470000000,146.020248413
13373000000000,148.227249146
13373540000000,152.991699219
13374070000000,158.01675415
13374610000000,158.784164429
13375100000000,159.455871582
13375630000000,160.095672607
