
11232840000000,29.9456748962
11233460000000,29.945690155
11234080000000,29.9457054138
11234720000000,29.94572258
11235340000000,29.9457378387
11235950000000,31.7839031219
11236540000000,33.2266960144
11237170000000,33.2362823486
11237760000000,32.587436676
11238350000000,31.9480781555
11238930000000,31.3087482452
11239500000000,30.1203670502
11240110000000,31.3011703491
11240680000000,32.5421218872
11241260000000,34.9154891968
11241810000000,44.9527816772
11242380000000,47.1667366028
11242950000000,49.0874595642
11243520000000,51.0582237244
11244070000000,53.0364646912
11244620000000,53.8863601685
11245190000000,50.5215873718
11245720000000,50.8024253845
11246270000000,52.8822517395
11246830000000,55.3034172058
11247390000000,58.9433898926
11247920000000,61.7064743042
11248440000000,62.4109420776
11248980000000,37.4950447083
11249490000000,12.0320606232
11250020000000,7.40960264206
11250550000000,7.81280183792
11251090000000,8.3152513504
11251640000000,9.02544879913
11252170000000,9.80927848816
11252710000000,10.665678978
11253210000000,12.5282764435
11253750000000,15.2950363159
11254300000000,18.5784397125
11254850000000,21.3901996613
11255400000000,24.8420848846
11255920000000,29.7379188538
11256480000000,36.0281333923
11257000000000,45.9609107971
11257520000000,61.1937789917
11258050000000,56.2580909729
11258560000000,56.1386451721
