
10562600000000,32.6486587524
10563200000000,33.6914100647
10563800000000,34.8320960999
10564390000000,36.0983772278
10564970000000,37.1080627441
10565550000000,37.7674789429
10566120000000,38.7548828125
10566690000000,40.1215362549
10567230000000,41.5744132996
10567840000000,43.1362724304
10568410000000,44.8651161194
10568960000000,46.7021141052
10569520000000,48.5982589722
10570060000000,48.8173446655
10570600000000,39.411190033
10571180000000,3.28484177589
10571720000000,9.87439346313
10572280000000,2.011241436
10572870000000,6.18585443497
10573400000000,6.56464290619
10573930000000,6.94381189346
10574470000000,7.37669277191
10575010000000,7.89144134521
10575550000000,8.49449443817
10576080000000,9.13246631622
10576620000000,9.88331508636
10577150000000,10.9016819
10577680000000,11.8865404129
10578210000000,13.3023881912
10578740000000,14.9177885056
10579250000000,17.2092571259
10579790000000,20.3370037079
10580300000000,24.6917629242
10580850000000,30.2437438965
