
10753660000000,7.12129259109
10754240000000,4.88863611221
10754840000000,1.17055618763
10755420000000,2.03443956375
10756040000000,2.12689113617
10756650000000,2.23957300186
10757210000000,2.32740569115
10757780000000,2.47422003746
10758380000000,2.61002111435
10758920000000,2.78397464752
10759470000000,2.93605089188
10760020000000,3.12833356857
10760560000000,3.3564491272
10761110000000,4.63147830963
10761660000000,17.665933609
10762230000000,45.8018035889
10762780000000,52.3855323792
10763320000000,56.5762329102
10763860000000,60.8747062683
10764390000000,65.5746536255
10764940000000,70.4655609131
10765490000000,76.0564193726
10766010000000,81.7236862183
10766530000000,87.3439559937
10767050000000,93.02293396
10767580000000,98.6143875122
10768100000000,104.067390442
10768630000000,109.460617065
10769160000000,114.342987061
10769700000000,118.881393433
10770230000000,123.364295959
10770780000000,131.147705078
10771310000000,138.234619141
