
13355100000000,28.2760791779
13355730000000,29.1861591339
13356340000000,30.1823997498
13356920000000,31.1541881561
13357540000000,32.208114624
13358130000000,33.2724876404
13358690000000,34.398525238
13359280000000,35.6250991821
13359880000000,36.9613800049
13360480000000,38.4411315918
13361060000000,39.9840164185
13361600000000,41.5791931152
13362160000000,43.173614502
13362690000000,44.9203147888
13363280000000,46.7217330933
13363860000000,48.7667274475
13364420000000,50.994178772
13364980000000,53.2232704163
13365520000000,55.6540298462
13366060000000,58.08045578
13366590000000,57.5582122803
13367160000000,52.323261261
13367690000000,40.9819488525
13368220000000,31.8977680206
13368750000000,34.2441329956
13369280000000,33.7394676208
13369820000000,31.8044223785
13370350000000,25.3439750671
13370860000000,24.2079620361
13371400000000,23.6609706879
13371930000000,22.6995334625
13372470000000,24.9194602966
13373000000000,26.5169773102
13373540000000,26.071187973
13374070000000,25.5184307098
13374610000000,29.1841182709
13375100000000,34.2615432739
13375630000000,40.4354515076
