
19292390000000,4.89265346527
19292810000000,4.89289665222
19293210000000,4.65460157394
19293620000000,4.78905200958
19294020000000,4.90764665604
19294440000000,4.98938274384
19294840000000,5.20640802383
19295230000000,5.35483646393
19295640000000,6.5621547699
19296070000000,10.1869459152
19296490000000,15.1336259842
19296880000000,20.0986442566
19297260000000,24.8816165924
19297640000000,38.125289917
19298010000000,53.9751205444
19298380000000,53.6986656189
19298750000000,51.7919197083
19299180000000,52.3983383179
19299560000000,53.6108436584
19299930000000,55.1057395935
19300310000000,56.7372283936
19300680000000,58.7092208862
19301080000000,60.4082374573
19301510000000,62.4959106445
19301880000000,65.7288284302
19302280000000,68.0262527466
19302700000000,70.8820114136
19303110000000,74.0197372437
19303480000000,77.1538085938
19303900000000,79.9607315063
19304280000000,83.3776626587
19304660000000,86.415145874
19305010000000,89.5150375366
19305380000000,92.4119644165
19305740000000,95.2869949341
19306110000000,98.1633834839
19306500000000,101.134841919
19306860000000,104.077911377
19307210000000,106.784736633
19307590000000,109.466148376
19307950000000,112.140274048
19308310000000,114.60332489
19308660000000,116.962844849
19309020000000,119.069313049
19309400000000,121.252807617
19309760000000,123.492446899
