
10496200000000,33.1052474976
10496780000000,32.9786300659
10497370000000,34.0099258423
10497960000000,35.1707229614
10498600000000,36.3486671448
10499180000000,37.7723236084
10499760000000,39.2375450134
10500340000000,40.4870452881
10500930000000,42.0440292358
10501480000000,43.5995445251
10502030000000,45.2566375732
10502580000000,46.8915023804
10503120000000,63.8831214905
10503670000000,87.2169418335
10504240000000,97.1770477295
10504810000000,99.4168930054
10505350000000,101.807258606
10505900000000,104.064453125
10506420000000,106.243469238
10506970000000,102.68309021
10507520000000,105.034416199
10508050000000,107.379127502
10508590000000,110.050842285
10509140000000,112.835227966
10509680000000,116.227333069
10510220000000,118.129432678
10510750000000,119.910110474
10511260000000,121.626701355
10511770000000,123.236106873
10512280000000,124.751945496
10512800000000,126.151275635
10513320000000,127.696144104
10513880000000,129.012786865
10514410000000,130.608551025
10514960000000,138.69732666
