
10689400000000,29.2423973083
10690000000000,30.2231330872
10690610000000,31.2464694977
10691180000000,32.325214386
10691790000000,33.4003791809
10692350000000,34.6348342896
10692910000000,35.8506126404
10693490000000,38.2008857727
10694070000000,41.3716850281
10694700000000,43.0428199768
10695310000000,44.8548660278
10695860000000,47.2628898621
10696420000000,48.9810409546
10697010000000,50.9796485901
10697610000000,54.0032997131
10698140000000,89.2542495728
10698670000000,95.2796401978
10699180000000,98.7369232178
10699720000000,104.189735413
10700260000000,108.768409729
10700810000000,111.202919006
10701330000000,118.158164978
10701840000000,120.302307129
10702400000000,122.350990295
10702940000000,124.430999756
10703480000000,126.366142273
10704020000000,128.208312988
10704540000000,129.961166382
10705090000000,131.569091797
10705590000000,133.153289795
10706110000000,134.554855347
10706640000000,135.943496704
10707160000000,136.802963257
10707690000000,131.447509766
10708220000000,132.937561035
