
10948820000000,31.1928958893
10949430000000,31.1929588318
10950020000000,31.1930160522
10950640000000,31.1930713654
10951270000000,31.1931324005
10951900000000,31.1931915283
10952500000000,31.1932525635
10953160000000,30.1596946716
10953770000000,30.9917602539
10954360000000,32.022102356
10954990000000,33.0924758911
10955580000000,34.2998352051
10956160000000,35.5286026001
10956720000000,36.801864624
10957290000000,38.0877380371
10957840000000,39.4758110046
10958420000000,40.9381408691
10958980000000,42.5873336792
10959560000000,44.2106590271
10960120000000,46.0475883484
10960690000000,47.9384727478
10961240000000,49.8669624329
10961790000000,51.9804878235
10962340000000,41.4132499695
10962890000000,18.8277492523
10963420000000,8.48305797577
10963970000000,9.14121818542
10964500000000,9.6287984848
10965040000000,10.1984586716
10965560000000,10.8106565475
10966090000000,11.5037097931
10966610000000,12.2798709869
10967120000000,13.1997413635
10967660000000,14.2109956741
10968170000000,15.4620389938
10968700000000,16.8183097839
10969220000000,18.5850124359
10969760000000,20.6028575897
10970260000000,23.2433624268
10970810000000,26.2768268585
10971350000000,30.5076522827
10971880000000,35.9824180603
10972470000000,43.7512283325
10972980000000,55.4245643616
10973510000000,69.3382415771
10974030000000,78.2695846558
10974580000000,82.9721298218
