
19224750000000,1.49632930756
19225170000000,2.60227227211
19225580000000,1.7348306179
19225970000000,1.33315587044
19226380000000,1.34065973759
19226780000000,0.804112195969
19227220000000,1.31217610836
19227620000000,1.01434218884
19228020000000,0.882094502449
19228430000000,1.30150055885
19228840000000,0.962124168873
19229230000000,1.27758586407
19229640000000,1.35081136227
19230020000000,0.93994307518
19230410000000,1.52577495575
19230810000000,1.39021754265
19231190000000,1.1060860157
19231560000000,1.67677688599
19231960000000,1.53016805649
19232340000000,1.35972690582
19232710000000,1.73345816135
19233080000000,1.61713314056
19233470000000,1.54877209663
19233860000000,1.79400205612
19234230000000,1.57475221157
19234590000000,1.71884477139
19234980000000,1.68143820763
19235350000000,1.54788208008
19235710000000,1.76354420185
19236070000000,1.58010065556
19236450000000,1.26838004589
19236820000000,1.33479392529
19237180000000,1.14475536346
19237550000000,0.792602956295
19237900000000,0.69340223074
19238250000000,11.8322200775
19238600000000,30.7757587433
19238970000000,47.0987510681
19239330000000,61.1407432556
19239680000000,72.7991333008
19240030000000,87.29322052
19240410000000,100.256942749
19240790000000,115.22807312
19241140000000,127.734237671
19241500000000,137.644302368
19241840000000,142.790664673
19242190000000,146.955337524
19242540000000,151.346084595
19242900000000,154.982940674
19243250000000,156.487640381
19243600000000,156.779174805
19243940000000,159.098709106
19244290000000,160.770599365
19244660000000,162.136459351
19245040000000,163.687271118
19245430000000,165.267349243
19245800000000,171.093826294
19246150000000,174.383651733
19246500000000,174.400695801
19246860000000,174.538909912
19247250000000,174.796829224
