
19153360000000,33.1292114258
19153790000000,33.1290283203
19154220000000,40.6435050964
19154640000000,41.2050743103
19155030000000,37.0851249695
19155440000000,37.3600006104
19155840000000,37.8221740723
19156240000000,38.406047821
19156630000000,38.306678772
19157060000000,38.5554618835
19157450000000,39.4324760437
19157840000000,39.269859314
19158240000000,40.8090324402
19158630000000,41.3128929138
19159040000000,41.927646637
19159450000000,42.4732055664
19159840000000,42.611289978
19160220000000,43.3565635681
19160590000000,44.2882995605
19160970000000,44.5641822815
19161380000000,45.7123451233
19161750000000,47.1611442566
19162110000000,48.0792121887
19162490000000,49.4107475281
19162870000000,50.7045631409
19163240000000,52.0498695374
19163600000000,53.4568367004
19163960000000,54.8409385681
19164320000000,56.2724876404
19164710000000,57.7353515625
19165070000000,59.3575401306
19165430000000,60.9407119751
19165790000000,62.5592880249
19166150000000,64.2466812134
19166510000000,66.0279159546
19166870000000,71.2258300781
19167250000000,92.7798614502
19167600000000,117.872306824
19167980000000,132.851409912
19168330000000,137.656738281
19168710000000,139.05859375
19169060000000,140.331008911
19169420000000,141.465087891
19169780000000,142.530960083
19170130000000,143.637329102
19170490000000,144.580429077
19170840000000,145.579696655
19171190000000,146.765945435
19171540000000,147.31072998
19171890000000,148.319595337
19172240000000,149.398574829
19172590000000,150.020797729
19172960000000,150.717315674
19173320000000,152.193862915
19173700000000,153.086578369
19174080000000,153.716827393
19174440000000,153.907470703
19174810000000,154.512695312
19175160000000,155.121032715
19175530000000,155.617172241
19175890000000,156.121429443
19176240000000,156.632751465
