
19224750000000,32.1844406128
19225170000000,31.3625640869
19225580000000,32.8837661743
19225970000000,34.1452026367
19226380000000,34.9085044861
19226780000000,36.3211479187
19227220000000,36.6752548218
19227620000000,37.9692649841
19228020000000,39.0497283936
19228430000000,39.5956840515
19228840000000,40.967502594
19229230000000,41.7786026001
19229640000000,42.7425346375
19230020000000,44.3908462524
19230410000000,44.9451675415
19230810000000,46.2722396851
19231190000000,47.8987083435
19231560000000,48.6105918884
19231960000000,50.1243095398
19232340000000,51.8146972656
19232710000000,52.8823547363
19233080000000,54.4887008667
19233470000000,56.1772079468
19233860000000,57.5512771606
19234230000000,59.6080245972
19234590000000,61.186416626
19234980000000,62.9227104187
19235350000000,65.0889358521
19235710000000,66.7686004639
19236070000000,68.8423156738
19236450000000,71.108001709
19236820000000,73.322303772
19237180000000,75.5409469604
19237550000000,77.9484024048
19237900000000,80.1651992798
19238250000000,69.0732421875
19238600000000,47.4504699707
19238970000000,30.8014144897
19239330000000,23.1819038391
19239680000000,24.0219669342
19240030000000,21.2715110779
19240410000000,20.4610919952
19240790000000,19.6389331818
19241140000000,17.9581394196
19241500000000,16.1506099701
19241840000000,18.044839859
19242190000000,18.5469112396
19242540000000,18.3241519928
19242900000000,18.1307735443
19243250000000,20.1992435455
19243600000000,22.3041572571
19243940000000,23.1715717316
19244290000000,24.8021736145
19244660000000,26.3389339447
19245040000000,28.0706348419
19245430000000,29.9807872772
19245800000000,27.8337478638
19246150000000,28.3079109192
19246500000000,31.3402900696
19246860000000,34.4887580872
19247250000000,38.6407470703
