
10755900000000,33.094581604
10756450000000,33.0944252014
10757060000000,33.0942802429
10757660000000,33.0941200256
10758250000000,33.0939712524
10758860000000,33.0938148499
10759470000000,33.5359725952
10760100000000,35.7415542603
10760700000000,36.8934745789
10761280000000,37.3388175964
10761890000000,34.7163925171
10762480000000,35.6049537659
10763100000000,36.2872123718
10763680000000,37.8359947205
10764240000000,39.2828941345
10764810000000,40.8001098633
10765360000000,42.3503036499
10765920000000,43.4917526245
10766470000000,44.3341903687
10767020000000,42.1204223633
10767530000000,44.3947486877
10768100000000,46.1389694214
10768650000000,48.8953666687
10769220000000,52.2074203491
10769750000000,59.5949783325
10770290000000,64.5461196899
10770810000000,68.8698730469
10771330000000,65.4221801758
10771890000000,54.8665924072
10772420000000,40.2400093079
10772950000000,22.8147010803
10773450000000,8.15632247925
10774010000000,3.92465591431
10774540000000,4.72610664368
10775050000000,11.2311677933
10775570000000,19.0920543671
10776080000000,16.5016174316
10776590000000,16.8198623657
10777150000000,18.9060935974
10777680000000,22.2740116119
10778220000000,25.886302948
10778760000000,30.4119300842
10779300000000,37.3950195312
10779820000000,51.0915985107
10780340000000,51.2292060852
10780830000000,51.6179580688
10781360000000,51.6028862
