
10948820000000,29.1761550903
10949430000000,29.1762180328
10950020000000,29.1762771606
10950640000000,29.1763343811
10951270000000,29.1763935089
10951900000000,29.1764545441
10952500000000,29.1765174866
10953160000000,30.5856361389
10953770000000,31.8672485352
10954360000000,32.9011764526
10954990000000,34.0193634033
10955580000000,35.2162590027
10956160000000,36.4592704773
10956720000000,37.7268638611
10957290000000,39.0412788391
10957840000000,40.4053649902
10958420000000,41.8658714294
10958980000000,43.4329872131
10959560000000,45.0522575378
10960120000000,46.9154586792
10960690000000,48.7615203857
10961240000000,50.7928466797
10961790000000,52.887840271
10962340000000,66.7861862183
10962890000000,91.3218078613
10963420000000,105.035346985
10963970000000,107.453727722
10964500000000,109.976409912
10965040000000,112.405052185
10965560000000,114.769332886
10966090000000,116.843864441
10966610000000,119.046592712
10967120000000,121.036308289
10967660000000,122.968032837
10968170000000,124.887893677
10968700000000,126.581726074
10969220000000,128.322860718
10969760000000,129.941940308
10970260000000,131.53175354
10970810000000,132.953414917
10971350000000,134.418762207
10971880000000,135.799560547
10972470000000,137.189376831
10972980000000,138.425491333
10973510000000,130.964416504
10974030000000,123.465950012
10974580000000,119.663101196
