
19292390000000,30.6843929291
19292810000000,30.6844520569
19293210000000,31.3282756805
19293620000000,32.0816993713
19294020000000,32.8565559387
19294440000000,33.7270622253
19294840000000,34.558631897
19295230000000,35.4425964355
19295640000000,35.2971343994
19296070000000,33.0871887207
19296490000000,29.8375759125
19296880000000,26.5434875488
19297260000000,23.4516716003
19297640000000,11.3517427444
19298010000000,3.1923494339
19298380000000,1.20242857933
19298750000000,1.75684463978
19299180000000,2.76392436028
19299560000000,3.80395150185
19299930000000,4.36230611801
19300310000000,4.92508840561
19300680000000,5.32874727249
19301080000000,5.92656993866
19301510000000,6.55509328842
19301880000000,6.573969841
19302280000000,6.95268106461
19302700000000,7.27819871902
19303110000000,7.63000297546
19303480000000,8.09802436829
19303900000000,8.50703144073
19304280000000,8.96856117249
19304660000000,9.50766563416
19305010000000,10.117102623
19305380000000,10.7897815704
19305740000000,11.5529708862
19306110000000,12.4579257965
19306500000000,13.5465116501
19306860000000,14.7735118866
19307210000000,16.2324790955
19307590000000,17.9137268066
19307950000000,20.1386833191
19308310000000,22.8210506439
19308660000000,26.2620658875
19309020000000,30.4992008209
19309400000000,36.5200424194
19309760000000,45.4359397888
