
10753660000000,26.6229171753
10754240000000,30.2731876373
10754840000000,35.2778205872
10755420000000,35.7412490845
10756040000000,37.1239509583
10756650000000,38.6492271423
10757210000000,40.2574577332
10757780000000,41.8021736145
10758380000000,43.5438079834
10758920000000,45.4518089294
10759470000000,47.3164329529
10760020000000,49.1872634888
10760560000000,51.3394470215
10761110000000,52.546081543
10761660000000,41.1444892883
10762230000000,11.7340497971
10762780000000,8.53348922729
10763320000000,9.02744483948
10763860000000,9.55118274689
10764390000000,10.1191577911
10764940000000,10.7358608246
10765490000000,11.5075435638
10766010000000,12.359459877
10766530000000,13.3025960922
10767050000000,14.391254425
10767580000000,15.7039251328
10768100000000,17.2386302948
10768630000000,19.1824073792
10769160000000,21.4923171997
10769700000000,24.4002742767
10770230000000,28.4684791565
10770780000000,28.5079479218
10771310000000,29.2822875977
