
11151020000000,2.06904768944
11151650000000,2.06905388832
11152250000000,1.74954915047
11152890000000,1.86655473709
11153480000000,1.96083390713
11154080000000,2.05869293213
11154640000000,2.16683197021
11155260000000,2.25217461586
11155870000000,2.40201973915
11156440000000,2.5258231163
11157030000000,2.63975334167
11157580000000,2.79859113693
11158240000000,2.94949221611
11158810000000,3.19078540802
11159370000000,3.38132357597
11159930000000,3.62276816368
11160490000000,3.87428736687
11161040000000,4.18422698975
11161610000000,4.59042072296
11162170000000,4.9622297287
11162740000000,5.51306056976
11163270000000,6.14343690872
11163810000000,6.89713335037
11164350000000,21.8287372589
11164890000000,57.7065696716
11165420000000,83.4719390869
11165960000000,95.1220779419
11166500000000,103.221244812
11167030000000,110.619812012
11167600000000,114.623603821
11168110000000,110.611167908
11168620000000,116.587692261
11169150000000,122.147026062
11169680000000,127.05532074
11170270000000,131.562103271
11170810000000,133.24710083
11171330000000,133.75843811
11171850000000,136.122879028
11172410000000,139.177322388
11172940000000,141.986404419
11173460000000,144.340927124
11173990000000,146.472915649
11174510000000,147.396881104
