
10562600000000,0.578951060772
10563200000000,0.528617680073
10563800000000,0.524079203606
10564390000000,0.587436974049
10564970000000,0.350481629372
10565550000000,0.257988959551
10566120000000,0.713990688324
10566690000000,0.864014029503
10567230000000,0.979651451111
10567840000000,1.01876759529
10568410000000,1.25281667709
10568960000000,1.33694326878
10569520000000,1.43971073627
10570060000000,3.38894271851
10570600000000,14.3530244827
10571180000000,49.6152458191
10571720000000,65.7952651978
10572280000000,57.6918640137
10572870000000,57.4730987549
10573400000000,61.7617721558
10573930000000,66.1016387939
10574470000000,70.5630493164
10575010000000,75.4575119019
10575550000000,80.5732421875
10576080000000,85.6678161621
10576620000000,91.0570220947
10577150000000,96.5362014771
10577680000000,101.6717453
10578210000000,106.662445068
10578740000000,111.314796448
10579250000000,115.719863892
10579790000000,118.865486145
10580300000000,122.46043396
10580850000000,125.977096558
