
10755900000000,1.63257956505
10756450000000,1.63256943226
10757060000000,1.6325596571
10757660000000,1.63255083561
10758250000000,1.63254141808
10758860000000,1.63253200054
10759470000000,1.91403448582
10760100000000,3.66193652153
10760700000000,3.71785449982
10761280000000,2.99308586121
10761890000000,0.732631385326
10762480000000,1.15330278873
10763100000000,1.85144162178
10763680000000,1.86464691162
10764240000000,1.92300438881
10764810000000,2.04016304016
10765360000000,2.12050056458
10765920000000,2.86318778992
10766470000000,3.99101924896
10767020000000,8.29680728912
10767530000000,8.5055475235
10768100000000,9.14160633087
10768650000000,9.43513679504
10769220000000,9.06069087982
10769750000000,5.57874202728
10770290000000,3.51808905602
10770810000000,2.64839267731
10771330000000,8.86382675171
10771900000000,25.9496307373
10772420000000,51.3033065796
10772950000000,82.1610946655
10773450000000,111.920181274
10774010000000,128.396255493
10774540000000,136.968917847
10775050000000,136.412979126
10775570000000,135.296920776
10776080000000,144.994445801
10776590000000,150.274154663
10777150000000,152.954055786
10777680000000,155.165374756
10778220000000,157.147964478
10778760000000,158.884780884
10779300000000,159.743545532
10779820000000,157.625106812
10780340000000,165.385940552
10780830000000,164.840774536
10781360000000,164.841491699
