
10689400000000,2.09156012535
10690000000000,2.22403359413
10690610000000,2.3148162365
10691180000000,2.42299199104
10691790000000,2.56723737717
10692350000000,2.68093347549
10692910000000,2.80702781677
10693490000000,1.8807374239
10694070000000,0.164813548326
10694700000000,0.166223421693
10695310000000,0.199894815683
10695860000000,0.255632251501
10696420000000,0.0877573266625
10697010000000,0.0836137235165
10697610000000,0.905261158943
10698140000000,34.2955627441
10698670000000,40.200138092
10699180000000,44.0236740112
10699720000000,50.214805603
10700260000000,56.1645622253
10700810000000,60.8013153076
10701330000000,70.4241256714
10701840000000,75.7349319458
10702400000000,81.4361953735
10702940000000,87.7321014404
10703480000000,93.8912506104
10704020000000,99.9594268799
10704540000000,105.810142517
10705090000000,111.146530151
10705590000000,116.301994324
10706110000000,120.705535889
10706640000000,124.894546509
10707160000000,128.319458008
10707690000000,125.276672363
10708220000000,128.739349365
