
13142690000000,4.50239276886
13143280000000,3.41761541367
13143920000000,3.54982042313
13144550000000,3.70434403419
13145170000000,3.85409188271
13145730000000,4.02302932739
13146340000000,4.18250608444
13146950000000,3.45407056808
13147540000000,3.88161349297
13148090000000,3.30134916306
13148660000000,4.17174386978
13149250000000,3.98534536362
13149800000000,4.34203195572
13150370000000,4.46797513962
13150930000000,4.77197360992
13151490000000,5.03045272827
13152050000000,5.4019818306
13152610000000,5.80316257477
13153150000000,14.9572029114
13153700000000,47.3413314819
13154250000000,51.8972244263
13154800000000,56.0326309204
13155350000000,60.7620735168
13155870000000,65.8158340454
13156400000000,71.3025588989
13156920000000,78.2372817993
13157450000000,85.0970687866
13157980000000,91.1788482666
13158590000000,97.4264907837
13159110000000,104.162956238
13159630000000,110.864379883
13160140000000,121.620628357
13160670000000,126.077827454
13161200000000,130.080230713
13161710000000,133.773010254
13162250000000,136.881134033
13162770000000,139.83555603
