
19153360000000,31.2305870056
19153790000000,31.2307395935
19154220000000,24.3333110809
19154640000000,25.1058139801
19155030000000,30.9341945648
19155440000000,32.0081291199
19155840000000,33.1361503601
19156240000000,34.0857925415
19156630000000,35.7744522095
19157060000000,37.0296134949
19157450000000,38.0478439331
19157840000000,39.9150733948
19158240000000,40.191947937
19158630000000,41.5364112854
19159030000000,42.8281326294
19159450000000,44.5133285522
19159840000000,46.5174369812
19160220000000,48.0659675598
19160590000000,49.3735542297
19160970000000,51.3022613525
19161380000000,52.5743331909
19161750000000,53.8417778015
19162110000000,55.2624969482
19162490000000,56.6492424011
19162870000000,58.1645393372
19163240000000,59.7613639832
19163600000000,61.4418449402
19163960000000,63.0841789246
19164320000000,64.7774505615
19164710000000,66.5458221436
19165070000000,68.4290618896
19165430000000,70.2670135498
19165790000000,72.1674804688
19166150000000,74.0838623047
19166510000000,75.9407043457
19166870000000,73.1864624023
19167250000000,53.3369789124
19167600000000,28.7647075653
19167980000000,15.1827468872
19168330000000,12.0368061066
19168710000000,12.3101959229
19169060000000,12.8190460205
19169410000000,13.3556480408
19169780000000,13.8493928909
19170130000000,14.4901762009
19170490000000,15.125787735
19170840000000,15.8020458221
19171190000000,16.3033618927
19171540000000,17.2467441559
19171890000000,18.0848197937
19172240000000,18.7189617157
19172590000000,19.9212417603
19172960000000,21.1097049713
19173320000000,21.8258037567
19173700000000,22.9526004791
19174080000000,24.847738266
19174440000000,27.4362239838
19174810000000,29.8890972137
19175160000000,32.7496376038
19175530000000,36.2135810852
19175890000000,40.3846626282
19176240000000,45.4080085754
