
11232840000000,30.6552696228
11233460000000,30.6552906036
11234080000000,30.6553058624
11234720000000,30.6553230286
11235340000000,30.6553401947
11235950000000,29.204668045
11236540000000,29.4576320648
11237170000000,31.455198288
11237760000000,34.3060760498
11238350000000,37.1455078125
11238930000000,40.0939254761
11239500000000,43.7597084045
11240110000000,45.2459220886
11240680000000,46.8439941406
11241260000000,47.4884414673
11241810000000,40.6227989197
11242380000000,41.5372467041
11242950000000,43.2154006958
11243520000000,44.9370346069
11244070000000,47.02110672
11244620000000,50.0250473022
11245190000000,57.5844993591
11245720000000,61.5380897522
11246270000000,64.3229141235
11246830000000,66.8124389648
11247390000000,68.4622421265
11247920000000,71.3248138428
11248440000000,76.1232452393
11248980000000,103.654319763
11249490000000,130.985839844
11250020000000,137.582794189
11250550000000,139.396560669
11251090000000,141.017410278
11251640000000,142.590362549
11252170000000,144.121246338
11252710000000,145.423706055
11253210000000,145.994064331
11253750000000,145.777786255
11254300000000,145.505050659
11254850000000,146.690490723
11255400000000,147.799667358
11255920000000,148.834411621
11256480000000,149.813842773
11257000000000,150.719573975
11257520000000,149.608093262
11258050000000,160.146057129
11258560000000,160.734680176
