
10496200000000,29.1299762726
10496780000000,31.4532585144
10497370000000,32.4955062866
10497960000000,33.5599555969
10498600000000,34.7205619812
10499180000000,36.1474876404
10499760000000,37.3880805969
10500340000000,38.9414520264
10500930000000,40.4459266663
10501480000000,42.0657234192
10502030000000,43.7258148193
10502580000000,45.4420928955
10503120000000,30.9663791656
10503670000000,10.166926384
10504240000000,2.71303606033
10504810000000,3.13021731377
10505350000000,3.3050057888
10505900000000,3.50118207932
10506420000000,3.75508570671
10506970000000,9.77777957916
10507520000000,10.2517147064
10508050000000,10.898399353
10508590000000,10.9727230072
10509140000000,11.1448965073
10509680000000,10.7504138947
10510220000000,11.8134059906
10510750000000,13.1751995087
10511260000000,14.7354974747
10511770000000,16.7647476196
10512280000000,19.2715091705
10512800000000,22.6835422516
10513320000000,27.7661781311
10513880000000,34.8311691284
10514410000000,47.7461624146
10514960000000,45.5726890564
