
10753660000000,39.3913230896
10754240000000,38.254524231
10754840000000,35.5467834473
10755420000000,37.5376739502
10756040000000,38.8699989319
10756650000000,40.343006134
10757210000000,41.8233032227
10757780000000,43.3398971558
10758380000000,44.9751968384
10758920000000,46.7846832275
10759470000000,48.492767334
10760020000000,50.2461166382
10760560000000,52.2350769043
10761110000000,55.2884941101
10761660000000,68.9345016479
10762230000000,98.3202819824
10762780000000,103.886199951
10763320000000,106.564407349
10763860000000,108.985847473
10764390000000,111.351402283
10764940000000,113.564460754
10765490000000,115.848320007
10766010000000,117.973846436
10766530000000,119.947692871
10767050000000,121.851585388
10767580000000,123.653755188
10768100000000,125.405967712
10768630000000,127.140731812
10769160000000,128.744155884
10769700000000,130.281402588
10770230000000,131.86567688
10770780000000,137.45652771
10771310000000,142.668518066
