
13142690000000,33.1648635864
13143280000000,32.8402519226
13143920000000,33.8484687805
13144550000000,34.9893035889
13145170000000,36.1449279785
13145730000000,37.3751602173
13146340000000,38.5059089661
13146950000000,38.9772872925
13147540000000,40.6192893982
13148090000000,41.3082962036
13148660000000,43.3850364685
13149250000000,44.5590362549
13149800000000,46.2702636719
13150370000000,47.9031486511
13150930000000,49.7237319946
13151490000000,51.5686073303
13152050000000,53.5825271606
13152610000000,55.6859931946
13153150000000,66.3106002808
13153700000000,100.574905396
13154250000000,103.912200928
13154800000000,106.432319641
13155350000000,108.948768616
13155870000000,111.333343506
13156400000000,113.771766663
13156920000000,116.982322693
13157450000000,120.148704529
13157980000000,122.104728699
13158590000000,124.040039062
13159110000000,126.09311676
13159630000000,129.072647095
13160140000000,136.387512207
13160670000000,137.694824219
13161200000000,139.012527466
13161710000000,140.291488647
13162250000000,141.455612183
13162770000000,142.619033813
