
19079970000000,30.9994449615
19080380000000,30.9994564056
19080790000000,30.9994716644
19081200000000,31.8277854919
19081610000000,32.3475036621
19082010000000,33.0826072693
19082400000000,33.823928833
19082780000000,34.6135063171
19083170000000,35.3822364807
19083570000000,36.1781082153
19083980000000,37.0513954163
19084380000000,38.0087585449
19084770000000,38.9636077881
19085150000000,39.9108581543
19085550000000,40.8879127502
19085960000000,41.959777832
19086340000000,43.1381645203
19086720000000,51.0856246948
19087120000000,72.4839172363
19087500000000,95.1482315063
19087900000000,99.2334823608
19088280000000,99.0365142822
19088660000000,98.526260376
19089040000000,98.4238052368
19089420000000,100.89074707
19089790000000,102.354454041
19090170000000,103.716506958
19090600000000,105.243453979
19090980000000,107.020736694
19091340000000,108.393386841
19091710000000,109.877204895
19092080000000,111.209686279
19092450000000,112.598930359
19092820000000,113.891441345
19093210000000,115.239715576
19093580000000,116.524642944
19093940000000,117.811279297
19094340000000,118.991020203
19094700000000,119.051368713
19095060000000,114.837280273
19095420000000,115.717857361
19095780000000,116.637664795
19096170000000,117.832176208
19096540000000,119.00868988
19096920000000,120.106864929
19097280000000,121.28603363
19097650000000,122.292854309
19098000000000,119.40776062
19098360000000,120.079399109
19098710000000,121.081199646
19099090000000,122.017028809
19099450000000,123.059120178
19099820000000,123.978675842
19100160000000,124.9324646
19100520000000,125.790870667
