
11151020000000,28.1616344452
11151650000000,28.1617126465
11152250000000,28.9143047333
11152890000000,29.8042392731
11153480000000,30.8585548401
11154080000000,31.8855323792
11154640000000,33.0166015625
11155260000000,34.1429252625
11155870000000,35.4267196655
11156440000000,36.7867088318
11157030000000,38.200969696
11157570000000,39.6835021973
11158240000000,41.2279663086
11158810000000,43.1453056335
11159370000000,44.9246940613
11159930000000,46.8034057617
11160490000000,48.8186836243
11161040000000,50.9370193481
11161610000000,53.1714248657
11162170000000,55.6410751343
11162740000000,58.1844902039
11163270000000,61.0080108643
11163810000000,63.6667480469
11164350000000,52.3344535828
11164890000000,21.2438240051
11165420000000,4.2136349678
11165960000000,1.18430292606
11166500000000,1.66997158527
11167030000000,1.24230754375
11167600000000,0.735383987427
11168110000000,11.1710538864
11168620000000,12.0903902054
11169150000000,13.2662200928
11169680000000,14.7439222336
11170270000000,16.6451625824
11170810000000,21.6432476044
11171330000000,27.6956043243
11171850000000,33.5390701294
11172410000000,39.7521362305
11172940000000,50.3651123047
11173460000000,64.1641387939
11173990000000,82.5274124146
11174510000000,86.217124939
