
11151020000000,32.7189445496
11151650000000,32.7190322876
11152250000000,32.828414917
11152890000000,33.9356498718
11153480000000,35.1496353149
11154080000000,36.3365707397
11154640000000,37.6356430054
11155260000000,38.8772468567
11155870000000,40.3809738159
11156440000000,41.8920783997
11157030000000,43.4197120667
11157580000000,45.0759429932
11158240000000,46.7504043579
11158810000000,48.8939208984
11159370000000,50.7830963135
11159930000000,52.8096961975
11160490000000,54.9186439514
11161040000000,57.1509895325
11161610000000,59.5642662048
11162170000000,61.993057251
11162740000000,64.6372756958
11163270000000,67.4189224243
11163810000000,70.0812606812
11164350000000,85.7531585693
11164890000000,120.512817383
11165420000000,139.545578003
11165960000000,145.586135864
11166500000000,147.315505981
11167030000000,148.178390503
11167600000000,147.230178833
11168110000000,137.911605835
11168620000000,139.240341187
11169150000000,140.66734314
11169680000000,141.966217041
11170270000000,143.242416382
11170810000000,142.09803772
11171330000000,140.34487915
11171850000000,140.654083252
11172410000000,142.019790649
11172940000000,143.157714844
11173460000000,144.199966431
11173990000000,145.185897827
11174510000000,145.889709473
