
19292390000000,39.2491416931
19292810000000,39.2496643066
19293210000000,39.3548965454
19293620000000,40.2238578796
19294020000000,41.0771598816
19294440000000,41.928817749
19294840000000,42.9803771973
19295230000000,43.9411468506
19295640000000,45.9443092346
19296070000000,50.4989242554
19296490000000,56.3038482666
19296880000000,61.9786453247
19297260000000,67.2477645874
19297640000000,80.9483108521
19298010000000,96.7932357788
19298380000000,96.1481933594
19298750000000,93.8485717773
19299180000000,94.1484298706
19299560000000,94.9221801758
19299930000000,95.9132995605
19300310000000,96.9336624146
19300680000000,98.207649231
19301080000000,99.144317627
19301510000000,100.258575439
19301880000000,102.254020691
19302280000000,103.454322815
19302700000000,104.927970886
19303110000000,106.481140137
19303480000000,107.927207947
19303900000000,109.18800354
19304280000000,110.713218689
19304660000000,111.993057251
19305010000000,113.265151978
19305380000000,114.423988342
19305740000000,115.555793762
19306110000000,116.66292572
19306500000000,117.806678772
19306860000000,118.968360901
19307210000000,120.008407593
19307590000000,121.089157104
19307950000000,122.151916504
19308310000000,123.140647888
19308660000000,124.10030365
19309020000000,124.964813232
19309400000000,125.896408081
19309760000000,126.895881653
