
10689400000000,33.3894462585
10690000000000,34.5925636292
10690610000000,35.7496376038
10691180000000,36.9857940674
10691790000000,38.2788505554
10692350000000,39.6511154175
10692910000000,41.0183448792
10693490000000,41.4003372192
10694070000000,41.0469551086
10694700000000,42.6843032837
10695310000000,44.5198020935
10695860000000,45.9864807129
10696420000000,48.0139160156
10697010000000,49.9953460693
10697610000000,51.3538627625
10698140000000,17.742729187
10698670000000,14.8938045502
10699180000000,14.7322130203
10699720000000,12.4462690353
10700260000000,10.9701251984
10700810000000,11.6258916855
10701330000000,7.60892868042
10701840000000,7.8504486084
10702400000000,8.36686897278
10702940000000,9.03028011322
10703480000000,9.75067424774
10704020000000,10.5978631973
10704540000000,11.6053209305
10705090000000,12.7741651535
10705590000000,14.2611646652
10706110000000,15.9693632126
10706640000000,18.2268257141
10707160000000,21.8381843567
10707690000000,33.2163925171
10708220000000,39.7396278381
