
19079970000000,1.79017734528
19080380000000,1.79020524025
19080790000000,1.79022741318
19081200000000,1.14138865471
19081610000000,1.37588477135
19082010000000,1.39003717899
19082400000000,1.43299233913
19082780000000,1.46344614029
19083170000000,1.50352990627
19083570000000,1.55005133152
19083980000000,1.60032975674
19084380000000,1.65547549725
19084770000000,1.71010017395
19085150000000,1.76174354553
19085550000000,1.82606637478
19085960000000,1.89853298664
19086340000000,1.97839796543
19086720000000,5.04810714722
19087120000000,25.5890407562
19087500000000,47.5171661377
19087900000000,51.6172027588
19088280000000,51.6504936218
19088660000000,51.5007667542
19089040000000,51.6590805054
19089420000000,54.5786972046
19089790000000,56.6190071106
19090170000000,58.6438713074
19090600000000,61.004737854
19090980000000,63.9139060974
19091340000000,66.3476028442
19091710000000,69.0782165527
19092080000000,71.705657959
19092450000000,74.5807952881
19092820000000,77.3829040527
19093210000000,80.4114227295
19093580000000,83.4611206055
19093940000000,86.5776901245
19094340000000,89.5392150879
19094700000000,91.604019165
19095060000000,89.0902709961
19095420000000,91.7246551514
19095780000000,94.4306640625
19096170000000,97.4053573608
19096540000000,100.466087341
19096920000000,103.328208923
19097280000000,106.312965393
19097650000000,109.077674866
19098000000000,107.708938599
19098360000000,109.775543213
19098710000000,112.240722656
19099090000000,114.531448364
19099450000000,116.999649048
19099820000000,119.201751709
19100160000000,121.452934265
19100520000000,123.378997803
