
13215160000000,33.2928619385
13215780000000,34.8496627808
13216440000000,35.9774131775
13217100000000,34.4642906189
13217720000000,35.8397331238
13218340000000,37.0346069336
13218930000000,38.3709793091
13219510000000,39.6662864685
13220160000000,41.0241622925
13220750000000,42.5341377258
13221340000000,44.1414794922
13221950000000,45.789276123
13222510000000,47.6271934509
13223050000000,49.3568572998
13223640000000,51.150390625
13224210000000,53.2206001282
13224760000000,55.3699913025
13225310000000,57.5402145386
13225860000000,59.779132843
13226390000000,71.829498291
13226910000000,88.6122512817
13227450000000,110.160598755
13227980000000,119.25958252
13228510000000,121.594520569
13229020000000,123.685630798
13229540000000,125.725868225
13230080000000,127.646080017
13230610000000,129.503997803
13231130000000,131.258285522
13231710000000,132.919891357
13232250000000,134.641403198
13232760000000,136.193908691
13233270000000,138.922103882
13233780000000,140.185348511
13234300000000,141.417129517
13234820000000,142.609893799
13235330000000,143.704742432
