
13049040000000,1.25610840321
13049680000000,0.982988595963
13050280000000,1.02753210068
13050940000000,1.0493439436
13051530000000,1.06861269474
13052120000000,1.08086204529
13052700000000,1.07395493984
13053270000000,1.14122962952
13053890000000,1.09887599945
13054440000000,1.16965043545
13055000000000,1.25181686878
13055550000000,1.33759140968
13056120000000,1.37990915775
13056700000000,1.49283802509
13057260000000,1.5868717432
13057790000000,1.68789291382
13058350000000,1.77900314331
13058900000000,1.90047073364
13059430000000,20.0935192108
13060010000000,33.4703407288
13060560000000,39.5747795105
13061110000000,44.1747436523
13061640000000,50.066078186
13062190000000,55.349155426
13062730000000,60.4953269958
13063280000000,66.1025924683
13063810000000,73.8479003906
13064340000000,83.3615570068
13064860000000,88.9977416992
13065390000000,98.1323165894
13065920000000,103.251808167
13066440000000,109.793167114
13066960000000,116.817466736
13067480000000,122.379592896
13068020000000,127.159515381
13068560000000,131.114273071
13069090000000,134.937728882
13069690000000,138.010971069
