
13215160000000,25.5535926819
13215780000000,25.5681266785
13216440000000,26.4165534973
13217100000000,30.2183990479
13217720000000,31.1988277435
13218340000000,32.3230552673
13218930000000,33.6193656921
13219510000000,34.8443222046
13220160000000,36.2021446228
13220750000000,37.8410949707
13221340000000,39.4183692932
13221940000000,41.1562004089
13222510000000,42.9132537842
13223050000000,44.7894706726
13223640000000,46.6299476624
13224210000000,48.9039649963
13224760000000,51.0218353271
13225310000000,53.4059066772
13225860000000,55.8023834229
13226390000000,47.713092804
13226910000000,34.7385787964
13227450000000,17.0325069427
13227980000000,11.8216876984
13228510000000,12.5488119125
13229020000000,13.382976532
13229540000000,14.2872943878
13230080000000,15.3331832886
13230610000000,16.5167732239
13231130000000,17.9936180115
13231710000000,19.6502323151
13232250000000,21.9040260315
13232760000000,24.4624538422
13233270000000,25.4746189117
13233780000000,28.8785152435
13234300000000,33.384601593
13234820000000,39.3456764221
13235330000000,47.2752723694
