
19079970000000,34.6584091187
19080380000000,34.6584777832
19080790000000,34.6585350037
19081200000000,34.1880569458
19081610000000,35.1741828918
19082010000000,35.9249534607
19082400000000,36.736618042
19082780000000,37.5687332153
19083170000000,38.3977279663
19083570000000,39.2627906799
19083980000000,40.207233429
19084380000000,41.2386245728
19084770000000,42.2607574463
19085150000000,43.266494751
19085550000000,44.3202896118
19085960000000,45.4732093811
19086340000000,46.7330589294
19086720000000,40.6174736023
19087120000000,19.8819484711
19087500000000,1.47609472275
19087900000000,4.13250160217
19088280000000,2.48462152481
19088660000000,0.301261901855
19089040000000,1.48789167404
19089420000000,0.556265592575
19089790000000,0.668987572193
19090170000000,0.779231607914
19090600000000,0.795195519924
19090980000000,0.765357136726
19091340000000,0.81216353178
19091710000000,0.80405408144
19092080000000,0.843361496925
19092450000000,0.885483026505
19092820000000,0.925263345242
19093210000000,0.953262984753
19093580000000,1.02103114128
19093940000000,1.06029701233
19094340000000,1.11744880676
19094700000000,2.41370892525
19095060000000,7.45308113098
19095420000000,7.96680355072
19095780000000,8.72449970245
19096170000000,9.26938152313
19096540000000,10.0229349136
19096920000000,10.8521680832
19097280000000,11.8269195557
19097650000000,13.1740903854
19098000000000,18.2473258972
19098360000000,20.0068969727
19098710000000,22.633480072
19099090000000,25.8781738281
19099450000000,30.5953617096
19099820000000,36.8097496033
19100160000000,46.2935752869
19100520000000,57.9723129272
