
11044200000000,1.89823770523
11044800000000,1.89824402332
11045400000000,1.89824843407
11046020000000,1.89825367928
11046620000000,2.41181135178
11047260000000,2.44453167915
11047840000000,1.27313864231
11048430000000,1.17599034309
11049100000000,2.82818174362
11049660000000,2.99884819984
11050240000000,3.13848686218
11050820000000,3.30092167854
11051410000000,3.4552128315
11051980000000,2.7134437561
11052560000000,2.30593967438
11053120000000,2.19238376617
11053690000000,2.39904308319
11054220000000,2.57304787636
11054770000000,2.75751399994
11055330000000,2.97429656982
11055880000000,3.23968958855
11056400000000,3.55541872978
11056950000000,3.97074580193
11057500000000,14.1020421982
11058030000000,47.7125778198
11058550000000,72.0313796997
11059080000000,83.7331085205
11059600000000,91.0665512085
11060120000000,98.5297317505
11060630000000,101.46660614
11061230000000,101.521179199
11061760000000,111.008163452
11062300000000,116.334953308
11062820000000,121.715072632
11063350000000,126.717987061
11063950000000,130.897918701
11064490000000,135.280075073
11065040000000,138.617263794
11065560000000,141.794723511
11066090000000,143.239059448
11066600000000,142.311141968
11067120000000,140.199874878
11067660000000,140.919021606
11068160000000,140.950195312
