
13215160000000,4.32703971863
13215780000000,5.16689825058
13216440000000,5.39524173737
13217100000000,2.82983994484
13217720000000,3.11642360687
13218340000000,3.2489066124
13218930000000,3.38854122162
13219510000000,3.54769492149
13220160000000,3.69119167328
13220750000000,3.80678510666
13221340000000,4.01875972748
13221940000000,4.20277118683
13222510000000,4.50981903076
13223050000000,4.72833013535
13223640000000,5.02462768555
13224210000000,5.34474468231
13224760000000,5.82067394257
13225310000000,6.26090431213
13225860000000,6.80861568451
13226390000000,17.3014087677
13226910000000,33.8687362671
13227450000000,54.8118591309
13227980000000,65.8232727051
13228510000000,72.0986709595
13229020000000,78.5127487183
13229540000000,85.3072738647
13230080000000,92.1910705566
13230610000000,99.0673141479
13231130000000,105.802406311
13231710000000,112.003868103
13232250000000,118.285331726
13232760000000,123.590942383
13233270000000,129.139877319
13233780000000,132.998855591
13234300000000,136.527008057
13234820000000,139.688598633
13235330000000,142.437713623
