
10622930000000,27.9893321991
10623530000000,20.6567058563
10624150000000,33.7339668274
10624760000000,33.0618209839
10625330000000,34.1365966797
10625920000000,36.5968437195
10626500000000,38.7324333191
10627090000000,40.1988716125
10627670000000,41.7419700623
10628220000000,43.4080619812
10628800000000,44.9907722473
10629330000000,46.9099235535
10629890000000,48.6928596497
10630430000000,50.6378669739
10630990000000,51.9310455322
10631560000000,37.6240348816
10632110000000,2.64363336563
10632660000000,1.08556425571
10633180000000,1.83134937286
10633740000000,1.92841041088
10634310000000,3.13867044449
10634850000000,3.48414230347
10635410000000,3.69487667084
10635950000000,4.13613510132
10636470000000,4.41268539429
10637020000000,6.45772027969
10637560000000,8.98421478271
10638080000000,10.385966301
10638610000000,11.0867090225
10639160000000,12.4016199112
10639690000000,14.7489919662
10640210000000,19.0363292694
10640720000000,22.426361084
10641260000000,26.8129806519
10641780000000,33.8930664062
