
10562600000000,30.4468307495
10563200000000,31.5320472717
10563800000000,32.6123657227
10564390000000,33.6814956665
10564970000000,35.0903320312
10565550000000,36.8733558655
10566120000000,38.6754302979
10566690000000,40.1992759705
10567230000000,41.7244987488
10567840000000,43.1972808838
10568410000000,45.1711044312
10568960000000,46.9364852905
10569520000000,48.7726249695
10570060000000,52.5788421631
10570600000000,64.8440475464
10571180000000,101.754638672
10571720000000,116.891014099
10572280000000,106.720169067
10572870000000,104.769523621
10573400000000,107.302070618
10573930000000,109.612220764
10574470000000,111.763931274
10575010000000,113.920906067
10575550000000,116.000289917
10576080000000,117.956390381
10576620000000,119.9426651
10577150000000,121.837135315
10577680000000,123.674827576
10578210000000,125.355766296
10578740000000,126.988174438
10579250000000,128.477096558
10579790000000,129.230957031
10580300000000,130.385940552
10580850000000,131.780395508
