
13049040000000,30.2443008423
13049680000000,30.6474285126
13050280000000,31.7112064362
13050940000000,32.682056427
13051530000000,33.8855438232
13052120000000,34.969619751
13052700000000,36.137878418
13053270000000,37.4065589905
13053890000000,38.6011924744
13054440000000,40.0648727417
13055000000000,41.5771102905
13055550000000,43.1290473938
13056120000000,44.6583213806
13056700000000,46.4713363647
13057260000000,48.3601341248
13057790000000,50.2985610962
13058350000000,52.1799583435
13058900000000,54.3370857239
13059430000000,32.5226783752
13060010000000,20.7410640717
13060560000000,18.6215267181
13061110000000,18.3527965546
13061640000000,17.0254135132
13062190000000,17.0962467194
13062730000000,18.210187912
13063280000000,19.3345508575
13063810000000,18.8776016235
13064340000000,17.1295585632
13064860000000,18.9387054443
13065390000000,17.5940322876
13065920000000,20.156036377
13066440000000,21.9511165619
13066960000000,22.737165451
13067480000000,24.32903862
13068020000000,27.3968238831
13068560000000,31.7448768616
13069090000000,36.9285545349
13069690000000,43.9969787598
