
19153360000000,1.78153920174
19153790000000,1.78137159348
19154220000000,9.06344795227
19154640000000,9.09829425812
19155030000000,4.18545436859
19155440000000,3.85177254677
19155840000000,3.61081123352
19156240000000,3.51276803017
19156630000000,2.70113515854
19157060000000,2.26836514473
19157450000000,2.30006408691
19157840000000,1.36106991768
19158240000000,2.08719038963
19158630000000,1.75961947441
19159040000000,1.5246707201
19159450000000,1.08964300156
19159840000000,0.252711266279
19160220000000,0.0403790436685
19160590000000,0.116296507418
19160970000000,0.859925508499
19161380000000,0.83373773098
19161750000000,0.631889283657
19162110000000,0.805165231228
19162490000000,0.738168656826
19162870000000,0.755239725113
19163240000000,0.789879381657
19163600000000,0.835241317749
19163960000000,0.881605088711
19164320000000,0.935210466385
19164710000000,1.02180445194
19165070000000,1.08928132057
19165430000000,1.1709086895
19165790000000,1.28643524647
19166150000000,1.39316868782
19166510000000,1.45009410381
19166870000000,2.56471729279
19167250000000,21.8271694183
19167600000000,42.9454650879
19167980000000,56.4919052124
19168330000000,67.4840927124
19168710000000,73.8863296509
19169060000000,81.0886383057
19169420000000,88.1998443604
19169780000000,95.0053863525
19170130000000,102.423210144
19170490000000,108.7707901
19170840000000,115.037452698
19171190000000,120.922912598
19171540000000,125.194526672
19171880000000,130.068374634
19172240000000,134.145706177
19172590000000,137.505935669
19172960000000,140.459594727
19173320000000,144.069366455
19173700000000,146.609375
19174080000000,148.81262207
19174440000000,150.342453003
19174810000000,152.077972412
19175160000000,153.666015625
19175530000000,155.008453369
19175890000000,156.26071167
19176240000000,157.42855835
