
11191390000000,48.0222206116
11192440000000,48.0155258179
11193480000000,48.0139350891
11194580000000,49.5857505798
11195590000000,53.4969825745
11196690000000,26.4916782379
11197680000000,23.5185165405
11198710000000,16.8396263123
11199650000000,27.113817215
11200670000000,30.4284706116
11201630000000,13.2671194077
11202630000000,64.7588500977
11203660000000,104.753517151
11204670000000,133.033126831
11205660000000,146.914398193
11206690000000,155.640441895
11207680000000,160.926544189
11208690000000,164.227310181
11209610000000,166.603530884
11210580000000,164.980514526
11211550000000,165.682617188
11212530000000,166.842346191
11213430000000,167.868515015
11214410000000,160.971008301
11215310000000,160.854049683
11216270000000,162.139953613
11217220000000,163.00718689
11218180000000,162.55632019
11219060000000,163.187103271
11220000000000,163.887557983
11221020000000,164.070663452
11221960000000,163.952667236
11222870000000,159.49822998
11223750000000,159.406936646
11224640000000,159.432739258
11225580000000,155.411254883
11226500000000,156.569763184
11227360000000,157.543869019
11228290000000,158.289535522
11229180000000,159.167144775
11230090000000,159.905166626
11231020000000,160.515701294
11231950000000,161.236175537
11232860000000,161.853713989
11233670000000,155.362533569
11234580000000,155.376693726
11235480000000,155.37739563
