10976620000000,10.4241580963
10977720000000,11.1268882751
10978840000000,11.4811182022
10979980000000,5.16141796112
10981020000000,0.725028336048
10982130000000,0.692441940308
10983180000000,0.740368425846
10984260000000,0.669244110584
10985290000000,0.561558961868
10986320000000,0.557163596153
10987380000000,0.562476217747
10988400000000,0.616567134857
10989400000000,1.95058441162
10990400000000,2.659501791
10991390000000,2.71794843674
10992380000000,2.82984900475
10993350000000,2.96811032295
10994290000000,3.11621832848
10995220000000,3.30140566826
10996160000000,3.45047545433
10997110000000,3.63858675957
10998050000000,5.49094057083
10999000000000,18.2278213501
10999940000000,59.9439048767
11000880000000,31.4196605682
11001860000000,3.771930933
11002760000000,6.32581806183
11003690000000,6.4321308136
11004620000000,6.92842149734
11005570000000,7.15954256058
11006490000000,0.592418074608
11007440000000,3.36828780174
11008390000000,2.89971542358
11009320000000,1.25440990925
11010240000000,0.364302873611
11011190000000,0.0320174470544
11012120000000,0.185595482588
11013080000000,7.42831993103
