11425010000000,27.7875480652
11426180000000,32.8940925598
11427250000000,53.9083061218
11428340000000,61.8674049377
11429430000000,91.6398086548
11430530000000,111.862037659
11431620000000,131.489105225
11432750000000,131.420791626
11433790000000,103.561416626
11434860000000,57.3134269714
11435910000000,47.1154518127
11436950000000,49.388256073
11437960000000,51.7733459473
11439020000000,53.3766212463
11440000000000,55.4527282715
11441030000000,58.2359542847
11442000000000,61.2607498169
11443000000000,64.2586593628
11444070000000,67.6311950684
11445050000000,71.3374633789
11446060000000,74.8724441528
11447010000000,78.6573944092
11447960000000,82.3453292847
11448940000000,86.1411132812
11449860000000,90.0147628784
11450840000000,93.6643295288
11451780000000,97.4949188232
11452730000000,101.079460144
