11075480000000,13.5762042999
11076610000000,13.4805135727
11077740000000,7.84216213226
11078870000000,27.5068302155
11080000000000,28.1980743408
11081120000000,27.9671611786
11082200000000,29.1113796234
11083290000000,25.8411922455
11084380000000,26.1174449921
11085460000000,27.0128135681
11086540000000,28.5681438446
11087580000000,29.8148517609
11088630000000,31.1049613953
11089720000000,32.4964942932
11090770000000,34.0732765198
11091830000000,35.7346496582
11092860000000,37.5394935608
11093910000000,25.5376110077
11094960000000,19.9938831329
11095990000000,4.64994335175
11096950000000,16.3751659393
11097920000000,11.6212882996
11098910000000,7.47955226898
11099890000000,7.26169490814
11100810000000,7.49890995026
11101780000000,7.50094413757
11102720000000,8.38620376587
11103650000000,9.10336971283
11104590000000,9.71867084503
11105490000000,9.4711561203
11106420000000,5.0848031044
11107350000000,0.223208159208
11108260000000,0.129618346691
11109140000000,1.79129755497
11110080000000,8.09277915955
11111000000000,10.2096042633
