11812210000000,13.4567975998
11813380000000,6.30793237686
11814480000000,15.97123909
11815560000000,16.3380031586
11816640000000,18.2386665344
11817740000000,20.723531723
11818850000000,21.5531139374
11819970000000,22.3953971863
11821050000000,24.0092468262
11822110000000,28.4365024567
11823180000000,29.6274318695
11824240000000,30.9470291138
11825310000000,32.2883605957
11826400000000,33.8958053589
11827510000000,35.5202255249
11828550000000,37.3319129944
11829570000000,39.2197151184
11830570000000,19.4586162567
11831600000000,8.0859003067
11832580000000,25.1388626099
11833610000000,26.7570972443
11834660000000,29.2204990387
11835580000000,32.6063652039
11836550000000,34.6136856079
11837450000000,36.9181671143
11838400000000,39.4552078247
11839370000000,42.3628845215
11840280000000,45.7973327637
11841280000000,49.3842735291
11842240000000,53.7648010254
11843150000000,58.4884529114
11844040000000,63.3331108093
11844960000000,68.8929672241
11845930000000,74.8198852539
11846840000000,81.4171524048
11847880000000,87.9823760986
11848860000000,95.2934188843
11849770000000,102.159202576
11850710000000,108.285430908
11851660000000,114.031661987
11852570000000,119.625152588
11853500000000,124.281921387
