
21059860000000,0.6491792202
21060670000000,0.194796741009
21061450000000,0.246842384338
21062170000000,0.230446204543
21062910000000,0.24364246428
21063650000000,0.257437288761
21064360000000,0.293521285057
21065070000000,0.304700940847
21065750000000,0.31954690814
21066480000000,0.326728731394
21067200000000,2.55936527252
21067860000000,2.56525421143
21068590000000,2.57774066925
21069270000000,2.64761900902
21069920000000,2.94680047035
21070620000000,3.1973965168
21071290000000,6.95347738266
21071920000000,6.87554693222
21072560000000,7.05603551865
21073240000000,7.25931787491
21073940000000,7.50820636749
21074590000000,7.71066761017
21075240000000,7.95473146439
21075920000000,8.21559810638
21076550000000,8.49723243713
21077200000000,8.79884815216
21077820000000,9.12160587311
21078430000000,9.4629240036
21079040000000,6.21887588501
21079680000000,19.2105503082
21080330000000,59.6389465332
21080950000000,62.6173667908
21081610000000,64.7133865356
21082260000000,66.8633651733
21082880000000,67.4473571777
21083500000000,64.7295684814
21084110000000,66.2414855957
21084710000000,66.3858947754
21085340000000,68.7830123901
21085940000000,65.7823867798
21086570000000,66.6495056152
21087180000000,68.9619903564
21087780000000,67.6064910889
21088410000000,71.8194351196
21089030000000,73.7140731812
21089630000000,76.747177124
21090230000000,79.6946640015
21090850000000,79.8997421265
21091460000000,82.6296691895
21092060000000,74.4516601562
21092720000000,57.3938522339
21093340000000,59.5242576599
21093950000000,62.6539726257
21094580000000,65.3262939453
21095190000000,68.487487793
21095800000000,71.6949691772
