
21159370000000,3.7309756279
21160160000000,3.84490251541
21160890000000,10.4851169586
21161620000000,36.1867179871
21162390000000,36.7808837891
21163170000000,37.6001358032
21163890000000,38.4543991089
21164650000000,39.267124176
21165360000000,40.1677093506
21166120000000,47.5146369934
21166840000000,48.571269989
21167540000000,49.6049346924
21168250000000,50.6673622131
21169000000000,51.7945327759
21169710000000,52.9869689941
21170400000000,54.187625885
21171120000000,55.3564910889
21171820000000,56.629283905
21172530000000,57.9031181335
21173260000000,59.2525405884
21173980000000,60.6393051147
21174670000000,47.3824310303
21175400000000,33.446975708
21176070000000,30.0459728241
21176750000000,30.8714866638
21177430000000,29.4006233215
21178110000000,30.2735271454
21178760000000,31.144826889
21179390000000,32.0402259827
21180060000000,32.9542274475
21180690000000,33.9738273621
21181360000000,35.004699707
21182030000000,36.1231842041
21182660000000,37.3463859558
21183330000000,38.5241699219
21183970000000,39.8852958679
21184600000000,41.2437667847
21185240000000,42.6123085022
21185840000000,44.1013870239
21186480000000,45.5793685913
21187120000000,47.2392311096
21187730000000,48.9961509705
21188350000000,49.913192749
21188970000000,48.5780067444
21189610000000,51.732131958
21190220000000,54.0478286743
21190870000000,56.1443862915
21191580000000,58.5413970947
