10976620000000,10.7251377106
10977720000000,11.6213407516
10978840000000,12.1978321075
10979980000000,6.11055517197
10981020000000,0.381169736385
10982130000000,1.84438872337
10983180000000,1.98182237148
10984260000000,0.673753201962
10985290000000,0.85882127285
10986320000000,0.945100128651
10987380000000,1.03477966785
10988400000000,1.09093308449
10989400000000,0.127334475517
10990400000000,0.905093431473
10991390000000,0.925770163536
10992380000000,1.02038252354
10993350000000,1.15535473824
10994290000000,1.32849216461
10995220000000,1.58021521568
10996160000000,1.87280011177
10997110000000,2.34532737732
10998050000000,4.9775147438
10999000000000,11.9033145905
10999940000000,48.5372238159
11000880000000,41.2153015137
11001860000000,42.0886993408
11002760000000,112.646942139
11003690000000,149.686691284
11004620000000,161.679550171
11005570000000,166.789886475
11006490000000,162.973922729
11007440000000,164.799575806
11008390000000,167.948944092
11009320000000,171.400894165
11010240000000,174.238693237
11011190000000,174.551498413
11012120000000,174.909729004
11013080000000,169.130432129
