10880940000000,10.7182064056
10882040000000,16.3820934296
10883170000000,15.7476329803
10884300000000,6.00059223175
10885400000000,5.44556188583
10886530000000,3.68736886978
10887600000000,1.34837138653
10888640000000,3.85827684402
10889660000000,5.45533514023
10890670000000,6.79903841019
10891720000000,4.68272542953
10892710000000,4.87246656418
10893720000000,5.07261180878
10894710000000,5.28866147995
10895690000000,5.52744245529
10896670000000,5.77680397034
10897640000000,6.0610704422
10898590000000,6.36964988708
10899570000000,6.6976647377
10900480000000,7.24750137329
10901410000000,10.207857132
10902360000000,10.6627235413
10903320000000,13.4883832932
10904270000000,16.43151474
10905190000000,33.7852172852
10906120000000,8.90813446045
10907050000000,52.6357421875
10907990000000,90.3184890747
10908960000000,116.787399292
10909920000000,119.177711487
10910870000000,110.423912048
10911800000000,113.1664505
10912730000000,118.751190186
10913690000000,122.772140503
10914640000000,125.354347229
10915630000000,128.339859009
10916580000000,131.037399292
10917550000000,134.623733521
10918510000000,137.3384552
10919480000000,140.229553223
