
10787850000000,11.8494939804
10788900000000,11.8495197296
10789910000000,11.8495445251
10790980000000,12.7326049805
10791990000000,17.0253658295
10793030000000,17.8817081451
10794010000000,18.7018413544
10795040000000,19.1977062225
10796050000000,19.714881897
10797080000000,17.2925281525
10798050000000,9.96259880066
10799020000000,13.9725580215
10799990000000,16.5026798248
10800920000000,17.7321987152
10801880000000,19.2255935669
10802810000000,20.9178562164
10803750000000,21.9423923492
10804710000000,13.8013706207
10805640000000,15.4512233734
10806560000000,10.6599578857
10807480000000,2.60949015617
10808420000000,7.23470973969
10809270000000,9.79733848572
10810210000000,12.1377077103
10811170000000,16.3302707672
10812130000000,24.9867572784
10813060000000,26.7121524811
10813980000000,20.5744915009
10814920000000,80.6377182007
10815820000000,121.830238342
10816780000000,167.240859985
10817600000000,168.489517212
10818510000000,175.777114868
10819370000000,179.958999634
10820330000000,179.960983276
10821220000000,179.809539795
10822160000000,176.01802063
10823140000000,176.424072266
10824100000000,176.775314331
10824990000000,177.063400269
10825980000000,177.257583618
10826970000000,177.084976196
