
11191390000000,23.005033493
11192440000000,23.0095500946
11193480000000,23.0095901489
11194580000000,23.4593715668
11195590000000,29.1430892944
11196690000000,61.9219436646
11197680000000,109.266593933
11198710000000,97.2501068115
11199650000000,99.7249679565
11200670000000,99.9850082397
11201640000000,48.9873352051
11202630000000,2.0568022728
11203660000000,1.59623026848
11204670000000,1.35108566284
11205660000000,3.10041594505
11206690000000,3.22128224373
11207680000000,3.36940956116
11208690000000,3.60472249985
11209610000000,3.78462028503
11210580000000,7.55758428574
11211550000000,8.94513607025
11212530000000,9.64768409729
11213430000000,10.3276357651
11214410000000,18.6678962708
11215310000000,21.3097743988
11216270000000,22.3107414246
11217220000000,23.9270629883
11218180000000,26.8781852722
11219060000000,28.8282165527
11220000000000,30.4836521149
11221020000000,33.1513442993
11221960000000,36.4541969299
11222870000000,44.5033836365
11223750000000,48.5764579773
11224640000000,52.6646652222
11225580000000,61.3532218933
11226500000000,65.5245056152
11227360000000,69.9932022095
11228290000000,74.5304260254
11229180000000,79.4651947021
11230090000000,84.5306625366
11231020000000,89.6324539185
11231950000000,95.1135482788
11232860000000,100.307006836
11233670000000,109.493385315
11234580000000,109.477989197
11235480000000,109.476547241
