
11191390000000,42.0510406494
11192440000000,42.0553474426
11193480000000,42.0551528931
11194580000000,42.8282394409
11195590000000,49.9636497498
11196690000000,83.3946762085
11197680000000,131.574615479
11198710000000,120.150672913
11199650000000,123.342887878
11200670000000,124.007118225
11201640000000,72.7221374512
11202630000000,25.9828281403
11203660000000,23.3351345062
11204670000000,27.7028236389
11205660000000,30.9260921478
11206690000000,32.7225265503
11207680000000,34.7705001831
11208690000000,37.0363731384
11209610000000,39.5232467651
11210580000000,45.6928710938
11211550000000,49.7826766968
11212530000000,53.5110282898
11213430000000,57.6117706299
11214410000000,69.1593704224
11215310000000,75.5861358643
11216270000000,80.171661377
11217220000000,85.8179321289
11218180000000,92.6397781372
11219060000000,98.1982650757
11220000000000,102.799720764
11221020000000,108.358406067
11221960000000,114.142539978
11222870000000,123.446510315
11223750000000,127.991867065
11224640000000,131.858856201
11225580000000,139.476150513
11226500000000,141.758102417
11227360000000,143.842041016
11228290000000,145.716506958
11229180000000,147.410583496
11230090000000,148.987197876
11231020000000,150.46194458
11231950000000,151.842758179
11232860000000,153.082199097
11233670000000,160.454589844
11234580000000,160.440032959
11235480000000,160.439086914
