10768740000000,8.27172756195
10769870000000,9.32294368744
10771010000000,10.8608036041
10772140000000,28.4656066895
10773210000000,27.4119777679
10774310000000,28.0200653076
10775390000000,29.5907230377
10776460000000,31.2918682098
10777500000000,33.1739387512
10778560000000,35.1117935181
10779600000000,37.3674926758
10780610000000,39.9009170532
10781670000000,42.5822296143
10782710000000,43.5305557251
10783750000000,45.9113922119
10784740000000,49.3810920715
10785700000000,52.87915802
10786680000000,56.5527915955
10787670000000,60.9252281189
10788660000000,65.5996627808
10789610000000,70.8901443481
10790610000000,75.9902114868
10791550000000,79.4518127441
10792500000000,84.5848770142
10793450000000,91.3067932129
10794400000000,97.6290664673
10795310000000,103.898895264
10796280000000,109.50100708
10797160000000,115.159553528
10798090000000,119.843650818
10798990000000,124.315261841
10799880000000,128.189453125
10800770000000,131.84197998
10801690000000,133.899368286
10802630000000,129.009521484
10803520000000,147.078094482
10804460000000,136.345779419
10805380000000,113.144882202
10806300000000,74.7365951538
10807230000000,69.7352371216
10808190000000,75.2141647339
10809090000000,58.5548400879
10810020000000,63.4501838684
10810920000000,72.6560211182
10811810000000,90.9631652832
10812770000000,106.670394897
10813680000000,119.970916748
10814640000000,124.333381653
10815570000000,125.872367859
10816530000000,129.582168579
10817480000000,133.294067383
