11345440000000,10.7021360397
11346580000000,11.0319070816
11347720000000,27.3745040894
11348890000000,52.8244018555
11349990000000,77.4258728027
11351100000000,92.3932266235
11352210000000,95.3907012939
11353300000000,98.9612731934
11354390000000,43.6148872375
11355500000000,9.65713024139
11356590000000,6.12790966034
11357610000000,13.2551631927
11358650000000,20.7529830933
11359730000000,31.1293506622
11360800000000,30.8969593048
11361870000000,31.6281986237
11362940000000,33.481174469
11363990000000,36.6431808472
11365010000000,38.0975646973
11366050000000,39.6116104126
11367080000000,41.2660446167
11368120000000,42.9900970459
11369140000000,44.9031486511
11370190000000,46.9014396667
11371210000000,48.7867965698
11372260000000,51.0360641479
11373280000000,53.5009689331
