
10888310000000,16.0896835327
10889350000000,16.0895214081
10890390000000,16.7534828186
10891420000000,37.6074523926
10892530000000,94.5640640259
10893550000000,130.394882202
10894590000000,128.262283325
10895560000000,107.503234863
10896610000000,104.710174561
10897660000000,58.98412323
10898700000000,20.3204860687
10899730000000,24.6156578064
10900710000000,28.7941627502
10901720000000,28.8097419739
10902720000000,29.8099212646
10903660000000,30.8377952576
10904700000000,31.8678569794
10905720000000,33.08751297
10906680000000,34.3619613647
10907690000000,35.63671875
10908690000000,37.0618629456
10909700000000,38.5636024475
10910680000000,40.1773300171
10911660000000,40.9944610596
10912630000000,40.5298614502
10913630000000,41.7402038574
10914650000000,43.6763343811
10915590000000,45.84998703
10916560000000,47.9889335632
10917550000000,50.6278800964
10918540000000,53.3665809631
