
20959980000000,60.2345657349
20960750000000,62.0638999939
20961510000000,68.1235198975
20962310000000,74.6835632324
20963080000000,82.096496582
20963850000000,89.4442138672
20964590000000,96.7508926392
20965380000000,103.601707458
20966080000000,110.604408264
20966780000000,116.290542603
20967480000000,121.45526123
20968160000000,126.075134277
20968880000000,130.169799805
20969570000000,133.984909058
20970280000000,137.146530151
20970950000000,140.192428589
20971610000000,142.696716309
20972330000000,144.875228882
20972980000000,147.017044067
20973650000000,148.777084351
20974340000000,150.395751953
20975020000000,151.944335938
20975690000000,153.227233887
20976350000000,154.524398804
20977000000000,155.575683594
20977630000000,156.499404907
20978270000000,157.364639282
20978900000000,158.052078247
20979540000000,158.942276001
20980170000000,159.667205811
20980800000000,160.276123047
20981410000000,159.443557739
20982070000000,156.691421509
20982710000000,153.89881897
20983320000000,135.856384277
20983940000000,127.671485901
20984550000000,135.686538696
20985160000000,139.198364258
20985770000000,147.981384277
20986380000000,157.750961304
20987010000000,158.401931763
20987590000000,159.020080566
20988180000000,159.394104004
20988810000000,159.912078857
20989460000000,160.024917603
20990070000000,159.118392944
20990670000000,158.205322266
20991290000000,153.762893677
20991970000000,152.649139404
20992590000000,153.33303833
20993190000000,153.217269897
20993830000000,161.741287231
20994470000000,168.98059082
20995110000000,127.878509521
20995740000000,84.9312667847
20996360000000,58.4130325317
20996950000000,51.3229522705
20997570000000,52.2107086182
20998230000000,53.2528152466
20998910000000,54.3580513
20999550000000,55.4951171875
21000170000000,56.6839065552
21000770000000,57.7998428345
21001380000000,58.8861999512
21006760000000,60.1202507019
21007370000000,71.6048049927
21007990000000,72.9951324463
21008590000000,74.4903488159
21009200000000,75.8682861328
21009830000000,77.4365997314
21010420000000,78.9515991211
21011040000000,80.4541168213
21011740000000,82.006362915
21012400000000,83.7743301392
21013060000000,85.4584274292
