
21059860000000,1.12954390049
21060670000000,0.686520040035
21061450000000,0.75789141655
21062170000000,0.763921141624
21062910000000,0.79961591959
21063650000000,0.838674724102
21064360000000,0.902318477631
21065070000000,0.942863404751
21065750000000,0.989446938038
21066480000000,1.02893948555
21067200000000,1.8772226572
21067860000000,1.90419125557
21068590000000,1.94073963165
21069270000000,2.04178667068
21069920000000,2.37668132782
21070620000000,2.67862725258
21071290000000,6.60488367081
21071920000000,6.71952342987
21072560000000,7.12254667282
21073240000000,7.59167957306
21073940000000,8.18289852142
21074590000000,8.81934833527
21075240000000,9.55069541931
21075920000000,10.4145345688
21076550000000,11.5302820206
21077200000000,12.7787761688
21077820000000,14.4065113068
21078430000000,16.3759098053
21079040000000,14.5954322815
21079680000000,9.91485691071
21080330000000,50.6034889221
21080950000000,59.1701507568
21081610000000,68.1243438721
21082260000000,78.5909805298
21082880000000,88.0916595459
21083500000000,92.3298950195
21084110000000,102.368011475
21084710000000,110.057861328
21085340000000,119.016235352
21085940000000,121.202354431
21086570000000,126.483757019
21087180000000,132.446243286
21087780000000,133.827346802
21088410000000,139.957855225
21089030000000,143.094146729
21089630000000,146.721939087
21090230000000,149.816360474
21090850000000,149.740753174
21091460000000,152.078384399
21092060000000,143.181137085
21092720000000,125.649452209
21093340000000,128.45489502
21093950000000,131.974822998
21094580000000,134.67515564
21095190000000,137.53453064
21095800000000,140.139297485
