
20959980000000,9.93400192261
20960750000000,11.3845405579
20961510000000,11.569393158
20962310000000,11.8821210861
20963080000000,12.1768198013
20963850000000,12.576125145
20964590000000,12.9025115967
20965380000000,13.3051433563
20966080000000,13.7422418594
20966780000000,14.0693492889
20967480000000,14.4730386734
20968160000000,14.8975048065
20968880000000,15.2286844254
20969570000000,15.6841783524
20970280000000,16.1734542847
20970950000000,16.6417617798
20971610000000,17.0900745392
20972330000000,17.6233901978
20972980000000,18.2379188538
20973650000000,18.8466739655
20974340000000,19.4434700012
20975020000000,20.1269340515
20975690000000,20.9366607666
20976360000000,21.649515152
20977000000000,22.5095119476
20977630000000,23.3454341888
20978270000000,24.2815895081
20978900000000,25.3918800354
20979540000000,26.2679862976
20980170000000,27.3535900116
20980800000000,28.527141571
20981410000000,31.1504573822
20982070000000,35.8642845154
20982710000000,40.8297424316
20983320000000,60.6286201477
20983940000000,72.1385040283
20984550000000,66.832244873
20985160000000,66.422996521
20985780000000,60.8283233643
20986380000000,54.4270896912
20987010000000,56.8290596008
20987590000000,59.3738632202
20988180000000,62.0960159302
20988810000000,64.8518676758
20989460000000,68.3510742188
20990070000000,72.9437332153
20990670000000,77.2643508911
20991290000000,85.367401123
20991970000000,90.4150848389
20992590000000,94.337020874
20993190000000,98.5017089844
20993830000000,91.3662719727
20994470000000,62.586681366
20995110000000,22.24477005
20995740000000,21.1668815613
20996360000000,46.9873199463
20996950000000,56.9971466064
20997570000000,59.8607940674
20998230000000,63.070514679
20998910000000,66.7677230835
20999550000000,70.637336731
21000170000000,74.6840591431
21000770000000,78.6563568115
21001380000000,82.4697952271
21006760000000,86.744972229
21007370000000,120.023544312
21007990000000,122.993125916
21008590000000,125.828407288
21009200000000,128.468811035
21009830000000,130.905532837
21010420000000,133.235916138
21011040000000,135.32093811
21011740000000,137.338088989
21012410000000,139.449523926
21013060000000,141.276977539
