11425010000000,10.4297065735
11426180000000,14.8598051071
11427250000000,34.3273849487
11428340000000,40.3301849365
11429430000000,69.1497421265
11430530000000,88.4220046997
11431620000000,107.464157104
11432750000000,106.812408447
11433790000000,78.3806610107
11434860000000,31.8588352203
11435910000000,20.2192573547
11436950000000,20.935667038
11437960000000,21.6354598999
11439020000000,21.4603099823
11440000000000,21.6086444855
11441030000000,22.3761615753
11442000000000,23.2159061432
11443000000000,24.0442657471
11444070000000,25.0029640198
11445050000000,26.0992164612
11446060000000,27.1515903473
11447010000000,28.3656196594
11447960000000,29.5903053284
11448940000000,30.9559555054
11449860000000,32.4295196533
11450840000000,33.9528923035
11451780000000,35.6987190247
11452730000000,37.5164108276
