
10787850000000,27.6898880005
10788910000000,27.6899223328
10789910000000,27.6899547577
10790980000000,26.8834228516
10791990000000,24.5754451752
10793030000000,26.0420837402
10794010000000,27.9156665802
10795040000000,30.2771682739
10796050000000,33.1681213379
10797080000000,39.2080116272
10798050000000,50.386177063
10799020000000,49.3401565552
10799990000000,51.4102745056
10800920000000,55.5485038757
10801880000000,59.9060592651
10802810000000,64.8911895752
10803750000000,70.9598312378
10804710000000,86.605506897
10805640000000,92.7154464722
10806560000000,104.754608154
10807480000000,117.991363525
10808420000000,132.093185425
10809270000000,136.644775391
10810210000000,139.624420166
10811170000000,142.533920288
10812130000000,145.154067993
10813060000000,141.577285767
10813980000000,105.408935547
10814920000000,55.1449928284
10815820000000,30.4440250397
10816780000000,3.89528608322
10817600000000,7.82525110245
10818510000000,3.61841082573
10819370000000,0.172031089664
10820330000000,0.193771541119
10821220000000,0.448797017336
10822160000000,5.09880256653
10823140000000,6.09352254868
10824100000000,7.53642177582
10824990000000,9.79499149323
10825980000000,13.364616394
10826970000000,16.0022220612
