
10787850000000,75.7390136719
10788900000000,75.7393341064
10789910000000,75.7396316528
10790980000000,76.9917755127
10791990000000,90.5782394409
10793030000000,101.129188538
10794010000000,111.187919617
10795040000000,119.228027344
10796050000000,126.324028015
10797080000000,129.238494873
10798050000000,127.03591156
10799020000000,133.855010986
10799990000000,139.127304077
10800920000000,142.791168213
10801870000000,145.938735962
10802810000000,148.635162354
10803750000000,149.982574463
10804710000000,141.920318604
10805640000000,144.350997925
10806560000000,140.272842407
10807480000000,134.038528442
10808420000000,126.757537842
10809270000000,128.432235718
10810210000000,130.609207153
10811170000000,132.985717773
10812130000000,135.236343384
10813060000000,140.864440918
10813980000000,176.567840576
10814920000000,133.672348022
10815820000000,109.783821106
10816780000000,83.4744644165
10817600000000,89.555770874
10818510000000,87.0589294434
10819370000000,86.1973800659
10820330000000,88.7444229126
10821220000000,91.9272079468
10822160000000,98.6290740967
10823140000000,101.557197571
10824100000000,104.445266724
10824990000000,107.199996948
10825980000000,109.622688293
10826970000000,106.531967163
