
11011060000000,60.165561676
11012100000000,60.1279716492
11013210000000,60.8066177368
11014260000000,61.9121055603
11015270000000,22.0544681549
11016300000000,12.6946344376
11017350000000,15.0857105255
11018320000000,21.0912876129
11019320000000,27.2618541718
11020380000000,6.34261703491
11021440000000,74.616027832
11022450000000,126.18611145
11023490000000,130.575714111
11024480000000,139.607330322
11025430000000,149.446060181
11026400000000,154.711486816
11027380000000,158.980743408
11028360000000,162.132156372
11029340000000,163.249893188
11030290000000,164.829421997
11031210000000,166.371704102
11032150000000,166.232589722
11033110000000,165.569351196
11034050000000,165.045761108
11034940000000,166.336593628
11035880000000,166.873168945
11036770000000,167.444381714
11037740000000,168.200378418
11038690000000,168.905426025
11039620000000,169.556777954
11040560000000,164.461029053
