10768740000000,56.4545440674
10769870000000,64.112487793
10771010000000,75.2505722046
10772140000000,101.226928711
10773210000000,109.289024353
10774310000000,117.524101257
10775390000000,125.445983887
10776460000000,132.059829712
10777500000000,137.531921387
10778560000000,141.837890625
10779600000000,145.524505615
10780610000000,148.668411255
10781670000000,151.208709717
10782710000000,151.460861206
10783750000000,152.709365845
10784740000000,154.3253479
10785700000000,155.448501587
10786680000000,156.343063354
10787670000000,157.372268677
10788660000000,158.099594116
10789610000000,158.745910645
10790610000000,159.148513794
10791550000000,157.376785278
10792500000000,157.375808716
10793450000000,158.516159058
10794400000000,159.358291626
10795310000000,160.154891968
10796280000000,160.864059448
10797160000000,161.553634644
10798090000000,162.143035889
10798990000000,162.726028442
10799880000000,163.249343872
10800770000000,163.764038086
10801690000000,163.522567749
10802630000000,160.102264404
10803520000000,179.107208252
10804460000000,172.728256226
10805380000000,150.541793823
10806300000000,112.173782349
10807230000000,104.860176086
10808190000000,107.047599792
10809090000000,87.2861099243
10810020000000,89.095703125
10810920000000,95.0912857056
10811810000000,108.844909668
10812770000000,119.701751709
10813680000000,128.945846558
10814640000000,129.905517578
10815570000000,128.434677124
10816530000000,129.581344604
10817480000000,130.795852661
