
21248110000000,3.52206873894
21248860000000,3.83121323586
21249620000000,3.89720392227
21250370000000,4.02596712112
21251110000000,4.08807706833
21251820000000,4.17783212662
21252550000000,4.28719329834
21253280000000,4.39610338211
21254020000000,4.4784526825
21254700000000,4.57211875916
21255400000000,4.69141864777
21256110000000,4.80806398392
21256800000000,4.94375801086
21257490000000,5.0682888031
21258180000000,5.20297050476
21258890000000,5.34830856323
21259590000000,5.5077495575
21260250000000,3.78733921051
21260910000000,1.03370499611
21261550000000,12.6679010391
21262230000000,11.6382465363
21262910000000,8.90058326721
21263550000000,7.50181436539
21264250000000,7.23500490189
21264910000000,7.83839702606
21265550000000,8.5954580307
21266200000000,9.62516307831
21266820000000,10.3988142014
21267450000000,10.932923317
21268060000000,34.37241745
21268710000000,62.8629798889
21269330000000,99.1882095337
21269940000000,134.820770264
21270570000000,166.882446289
21271230000000,167.684921265
21271880000000,168.133392334
21272560000000,168.525634766
21273200000000,168.910217285
21273840000000,167.034927368
21274510000000,167.46963501
21275160000000,167.856262207
21275810000000,168.211044312
21276490000000,166.733322144
21277130000000,165.396377563
21277800000000,161.461669922
21278520000000,157.12411499
21279160000000,157.721328735
21279860000000,155.593429565
21280530000000,154.828201294
21281230000000,153.922470093
21281930000000,153.430358887
21282640000000,153.068756104
21283320000000,152.737030029
21284030000000,153.328598022
