
11191390000000,4.76144313812
11192440000000,4.76614713669
11193480000000,4.76628351212
11194580000000,5.10345554352
11195590000000,10.3386116028
11196690000000,42.762550354
11197680000000,91.2083129883
11198710000000,80.2014160156
11199650000000,83.656463623
11200670000000,84.2742385864
11201630000000,33.4089622498
11202630000000,13.6047716141
11203660000000,18.0960102081
11204670000000,16.0014305115
11205660000000,15.139415741
11206690000000,16.0207176208
11207680000000,17.016708374
11208690000000,18.00365448
11209610000000,19.2394924164
11210580000000,16.886007309
11211550000000,17.0585403442
11212530000000,18.1481513977
11213430000000,19.5894737244
11214410000000,13.3326711655
11215310000000,13.0045700073
11216270000000,14.4599599838
11217220000000,16.1076335907
11218180000000,17.0537643433
11219060000000,19.9258556366
11220000000000,23.8374958038
11221020000000,29.7315292358
11221960000000,40.2970504761
11222870000000,52.0800895691
11223750000000,80.6845474243
11224640000000,113.526557922
11225580000000,132.625610352
11226500000000,147.218765259
11227360000000,155.284332275
11228290000000,159.96635437
11229180000000,163.493331909
11230090000000,165.909851074
11231020000000,167.62840271
11231950000000,169.168136597
11232860000000,170.310668945
11233670000000,163.773895264
11234580000000,163.78805542
11235480000000,163.788787842
