
21159370000000,14.8380079269
21160160000000,14.8749294281
21160890000000,8.65216255188
21161620000000,16.7051200867
21162390000000,16.9527492523
21163170000000,17.3833522797
21163890000000,17.8383159637
21164650000000,18.270772934
21165360000000,18.7611618042
21166120000000,25.7371444702
21166840000000,26.4245223999
21167540000000,27.1088409424
21168250000000,27.8326454163
21169000000000,28.6147422791
21169720000000,29.458070755
21170400000000,30.3264904022
21171120000000,31.1904220581
21171820000000,32.1526870728
21172530000000,33.1398658752
21173260000000,34.2136955261
21173980000000,35.3485603333
21174670000000,21.9740142822
21175400000000,7.65254831314
21176070000000,3.63507270813
21176750000000,3.80267715454
21177430000000,1.62529122829
21178110000000,1.71976196766
21178760000000,1.77322554588
21179390000000,1.86089372635
21180060000000,1.92787766457
21180690000000,2.0300617218
21181360000000,2.12725996971
21182030000000,2.23447084427
21182660000000,2.36160135269
21183330000000,2.48994326591
21183970000000,2.64272785187
21184600000000,2.80764818192
21185240000000,2.96555042267
21185840000000,3.15228867531
21186480000000,3.37514019012
21187120000000,3.6464214325
21187730000000,3.96774768829
21188350000000,3.47075676918
21188970000000,0.494783252478
21189610000000,1.89617717266
21190220000000,2.37650251389
21190870000000,2.72461557388
21191580000000,3.20165228844
