
10787850000000,11.6130123138
10788910000000,11.613032341
10789910000000,11.6130514145
10790980000000,12.4879226685
10791990000000,16.4551944733
10793030000000,16.9631919861
10794010000000,17.3605766296
10795040000000,17.3938522339
10796050000000,17.3456249237
10797080000000,14.3844070435
10798050000000,6.65674829483
10799020000000,10.2967576981
10799990000000,12.1216659546
10800920000000,12.5549993515
10801880000000,13.1129970551
10802810000000,13.6412448883
10803750000000,13.3003511429
10804710000000,3.63483595848
10805640000000,3.79378652573
10806560000000,2.53643965721
10807480000000,11.5204916
10808420000000,22.0105228424
10809270000000,24.1708850861
10810210000000,25.4853591919
10811170000000,27.0314788818
10812130000000,28.8050765991
10813060000000,24.8384094238
10813980000000,12.8477582932
10814920000000,64.5793914795
10815820000000,92.4908981323
10816780000000,124.514945984
10817600000000,124.395309448
10818510000000,131.849380493
10819370000000,138.061569214
10820330000000,140.032287598
10821220000000,141.904312134
10822160000000,139.548995972
10823140000000,141.471343994
10824100000000,143.29335022
10824990000000,144.946029663
10825980000000,146.297897339
10826970000000,152.986755371
