
21159370000000,4.11893463135
21160160000000,4.25481414795
21160890000000,10.9406938553
21161620000000,36.6617546082
21162390000000,37.7037658691
21163170000000,39.0677871704
21163890000000,40.5214691162
21164650000000,41.9442329407
21165360000000,43.5475959778
21166120000000,51.5277557373
21166840000000,53.4720611572
21167540000000,55.4090805054
21168250000000,57.4113883972
21169000000000,59.5680084229
21169710000000,61.8847732544
21170400000000,64.2419433594
21171120000000,66.5592041016
21171820000000,69.1025695801
21172530000000,71.6604690552
21173260000000,74.3738479614
21173980000000,77.1594467163
21174670000000,65.036819458
21175400000000,52.1267776489
21176070000000,49.9400863647
21176750000000,52.1783332825
21177430000000,52.2215118408
21178110000000,54.7579154968
21178760000000,57.4133453369
21179390000000,60.0982780457
21180060000000,62.9081497192
21180690000000,65.9891815186
21181360000000,69.1120376587
21182030000000,72.4710845947
21182660000000,76.0712814331
21183330000000,79.4551315308
21183970000000,83.2487792969
21184600000000,86.8770599365
21185240000000,90.394241333
21185840000000,94.0144195557
21186480000000,97.3592376709
21187120000000,100.86857605
21187730000000,104.300750732
21188350000000,106.636207581
21188970000000,106.601295471
21189610000000,110.948783875
21190220000000,114.233039856
21190870000000,116.99912262
21191580000000,119.861686707
