
11191390000000,4.65036678314
11192440000000,4.65500068665
11193480000000,4.65514039993
11194580000000,4.97050285339
11195590000000,10.071764946
11196690000000,42.5597190857
11197680000000,89.855682373
11198710000000,77.8366470337
11199650000000,80.2423782349
11200670000000,80.4186096191
11201630000000,29.5556373596
11202630000000,17.4637470245
11203660000000,21.6490802765
11204670000000,19.369260788
11205660000000,18.288394928
11206690000000,18.8989601135
11207680000000,19.5492019653
11208690000000,20.1340255737
11209610000000,20.8514785767
11210580000000,17.9750213623
11211550000000,17.5712280273
11212530000000,17.9468860626
11213430000000,18.4693508148
11214410000000,11.2562456131
11215310000000,10.0295228958
11216270000000,10.4528331757
11217220000000,10.5766181946
11218180000000,9.51769351959
11219060000000,9.6429567337
11220000000000,10.0215244293
11221020000000,9.89956283569
11221960000000,9.59823417664
11222870000000,4.55836296082
11223750000000,3.78589391708
11224640000000,3.15026545525
11225580000000,1.80709588528
11226500000000,1.80222702026
11227360000000,1.91561341286
11228290000000,2.16358566284
11229180000000,2.33910393715
11230090000000,2.64448714256
11231020000000,3.12293958664
11231950000000,3.74978995323
11232860000000,4.73070430756
11233670000000,11.0395393372
11234580000000,11.0253429413
11235480000000,11.0247716904
