10880940000000,62.9027862549
10882040000000,77.0984573364
10883170000000,85.8822097778
10884300000000,85.8864593506
10885400000000,95.15209198
10886530000000,102.976913452
10887600000000,106.953857422
10888640000000,113.1147995
10889660000000,119.096138
10890670000000,124.409492493
10891720000000,132.253509521
10892710000000,137.174255371
10893720000000,141.109085083
10894710000000,144.49230957
10895690000000,147.331726074
10896670000000,149.803436279
10897640000000,151.940811157
10898590000000,153.824874878
10899570000000,155.423980713
10900480000000,156.744003296
10901410000000,155.510116577
10902360000000,156.855575562
10903320000000,155.596176147
10904270000000,151.305099487
10905190000000,132.312408447
10906120000000,160.122375488
10907050000000,137.413131714
10907990000000,103.07698822
10908960000000,81.7112884521
10909920000000,85.2188796997
10910870000000,99.4269256592
10911800000000,102.455497742
10912730000000,102.706298828
10913690000000,104.160926819
10914640000000,107.0417099
10915630000000,109.261825562
10916580000000,111.600563049
10917550000000,112.734237671
10918510000000,114.329559326
10919480000000,115.566177368
