
10888310000000,36.4796180725
10889350000000,36.4793357849
10890390000000,37.6690177917
10891420000000,59.9358787537
10892530000000,118.230735779
10893550000000,154.932723999
10894590000000,152.613845825
10895560000000,131.827423096
10896610000000,129.469223022
10897660000000,83.4894561768
10898700000000,44.5132980347
10899730000000,0.163131311536
10900710000000,3.48239445686
10901720000000,2.72844576836
10902720000000,2.91900110245
10903660000000,3.1127076149
10904700000000,3.32539701462
10905720000000,3.59803390503
10906680000000,3.90479779243
10907690000000,4.23801708221
10908690000000,4.65552663803
10909700000000,5.13588428497
10910680000000,5.71065044403
10911660000000,5.55898284912
10912630000000,3.99152040482
10913630000000,3.9803879261
10914650000000,4.78841543198
10915590000000,6.07111597061
10916560000000,8.07777881622
10917550000000,12.3646669388
10918540000000,14.5570135117
