
21059860000000,17.8957004547
21060670000000,18.5088272095
21061450000000,18.908416748
21062170000000,19.3976650238
21062910000000,19.8414592743
21063650000000,20.318605423
21064360000000,20.7959747314
21065070000000,21.3101634979
21065750000000,21.8288574219
21066480000000,22.3491725922
21067200000000,25.8383750916
21067860000000,26.4513244629
21068590000000,27.0856533051
21069270000000,27.8512439728
21069920000000,28.8365650177
21070620000000,29.7650852203
21071290000000,34.2925720215
21071920000000,34.9720802307
21072560000000,35.9335784912
21073240000000,36.956943512
21073940000000,38.1179046631
21074590000000,39.3058624268
21075240000000,40.4995269775
21075920000000,41.7550125122
21076550000000,43.1788520813
21077200000000,44.5413742065
21077820000000,46.0449371338
21078430000000,47.5468711853
21079040000000,45.1971626282
21079680000000,19.6511821747
21080330000000,20.6070785522
21080950000000,22.6532516479
21081610000000,23.6229343414
21082260000000,24.6071243286
21082880000000,24.0463409424
21083500000000,20.271522522
21084110000000,20.5715847015
21084710000000,19.5015125275
21085340000000,20.6606578827
21085940000000,16.4632701874
21086570000000,16.0041942596
21087180000000,16.8838214874
21087780000000,14.1192035675
21088410000000,16.9166316986
21089030000000,17.4389209747
21089630000000,19.1886882782
21090230000000,21.0013198853
21090850000000,20.2996196747
21091460000000,22.0824298859
21092060000000,13.6698856354
21092720000000,4.09001541138
21093340000000,4.66327571869
21093950000000,4.53703594208
21094580000000,4.81921672821
21095190000000,5.24735736847
21095800000000,5.60722160339
