11812210000000,57.7024612427
11813380000000,74.981880188
11814480000000,107.784996033
11815560000000,117.350265503
11816640000000,126.636154175
11817740000000,134.701309204
11818850000000,140.189605713
11819970000000,144.627563477
11821050000000,148.971542358
11822110000000,154.728256226
11823180000000,156.929367065
11824240000000,158.829849243
11825310000000,160.378158569
11826400000000,161.877685547
11827510000000,163.064376831
11828550000000,164.140106201
11829570000000,165.057098389
11830570000000,144.224487305
11831600000000,116.592094421
11832580000000,102.258171082
11833610000000,104.781044006
11834660000000,106.839279175
11835580000000,108.27898407
11836550000000,110.750518799
11837450000000,113.225334167
11838400000000,115.573410034
11839370000000,117.882164001
11840280000000,120.16998291
11841280000000,122.244949341
11842240000000,124.380004883
11843150000000,126.364059448
11844040000000,128.057022095
11844960000000,129.732894897
11845930000000,131.399398804
11846840000000,133.016220093
11847880000000,134.477218628
11848860000000,136.033203125
11849770000000,137.455108643
11850710000000,138.734786987
11851660000000,139.926269531
11852570000000,141.149612427
11853500000000,142.208236694
