
10626010000000,76.3293457031
10627130000000,76.3303756714
10628210000000,83.0000152588
10629330000000,93.9757461548
10630420000000,105.078125
10631510000000,114.975082397
10632570000000,123.379348755
10633660000000,130.327011108
10634700000000,136.257995605
10635770000000,140.920761108
10636830000000,144.851760864
10637820000000,148.145858765
10638820000000,150.79473877
10639880000000,152.991912842
10640860000000,155.122924805
10641850000000,156.782974243
10642820000000,158.237503052
10643740000000,159.506759644
10644700000000,160.609008789
10645700000000,161.638809204
10646640000000,164.990524292
10647600000000,165.700622559
10648560000000,166.368255615
10649490000000,166.967926025
10650400000000,167.510726929
10651330000000,168.031982422
10652260000000,168.488708496
10653190000000,168.919418335
10654110000000,169.30847168
10655020000000,169.678405762
10655920000000,170.034317017
10656830000000,170.345458984
10657750000000,175.760009766
10658660000000,125.853088379
10659570000000,65.9653549194
10660460000000,8.77925109863
10661350000000,20.5655136108
10662270000000,8.59474849701
10663200000000,1.12223601341
10664090000000,3.63516521454
10664950000000,9.05543422699
10665820000000,7.97254943848
10666720000000,3.88614583015
10667630000000,1.93472623825
10668500000000,1.34810054302
10669390000000,3.08894705772
10670330000000,4.372859478
10671290000000,3.80255699158
10672140000000,3.88171410561
10673070000000,3.95577645302
10674020000000,4.20920658112
10674950000000,4.46677350998
10675880000000,4.78770923615
10676800000000,5.13210773468
10677700000000,5.52868795395
10678640000000,5.95869398117
10679580000000,6.48218631744
10680510000000,7.137362957
10681470000000,7.9114074707
10682420000000,8.87628173828
10683380000000,6.26093912125
10684360000000,7.35664510727
10685380000000,8.85682964325
10686330000000,11.3277835846
10687320000000,15.9803609848
10688320000000,24.2716007233
10689320000000,26.4124069214
