11499260000000,6.15880823135
11500430000000,0.356533437967
11501570000000,0.351655572653
11502680000000,0.347315609455
11503750000000,0.365973204374
11504850000000,0.536461591721
11505890000000,2.08932685852
11506950000000,2.11186933517
11508000000000,2.27081537247
11509030000000,2.42547607422
11510070000000,2.59085345268
11511090000000,2.82494020462
11512100000000,3.06829595566
11513100000000,3.36578392982
11514080000000,3.65534615517
11515090000000,4.05668401718
11516070000000,4.53211450577
11516990000000,5.15406847
11517920000000,5.94039011002
11518890000000,6.90360784531
11519810000000,8.36706352234
11520740000000,10.6513986588
11521660000000,14.5303516388
11522590000000,6.59220123291
11523540000000,63.4017868042
11524460000000,106.577140808
11525410000000,138.79524231
11526360000000,160.593841553
11527320000000,166.636184692
11528240000000,170.478179932
11529150000000,173.181610107
11530120000000,174.078033447
11531070000000,174.829544067
11532030000000,175.364120483
11532990000000,175.8384552
11533920000000,176.200820923
11534910000000,176.484100342
