11425010000000,7.39579486847
11426180000000,3.27515077591
11427250000000,15.5714931488
11428340000000,20.8868350983
11429430000000,49.3692588806
11430530000000,68.4454727173
11431620000000,87.4758987427
11432750000000,86.8184356689
11433790000000,58.2853965759
11434860000000,11.7504854202
11435910000000,0.484650373459
11436950000000,0.433759152889
11437960000000,0.447727829218
11439020000000,1.37177073956
11440000000000,2.03769350052
11441030000000,2.12245345116
11442000000000,2.21486783028
11443000000000,2.32726860046
11444070000000,2.44224357605
11445050000000,2.55220103264
11446060000000,2.70695757866
11447010000000,2.82613897324
11447960000000,2.9853246212
11448940000000,3.12379455566
11449860000000,3.32450127602
11450840000000,3.50957679749
11451780000000,3.74857997894
11452730000000,3.99838232994
