11075480000000,4.1725153923
11076610000000,31.9812850952
11077740000000,27.3275947571
11078870000000,48.0260848999
11080000000000,50.0307197571
11081120000000,51.2085266113
11082200000000,53.8928108215
11083290000000,52.1494750977
11084380000000,54.0914916992
11085460000000,56.7680892944
11086540000000,60.2469444275
11087580000000,63.4985809326
11088630000000,66.8042526245
11089720000000,70.2803726196
11090770000000,74.0669708252
11091830000000,77.9074630737
11092860000000,81.8599243164
11093910000000,71.5275726318
11094960000000,26.8135890961
11095990000000,44.4743461609
11096950000000,68.6510620117
11097920000000,66.284942627
11098910000000,64.9971694946
11099890000000,68.1336517334
11100810000000,71.918548584
11101780000000,75.5231933594
11102720000000,80.2105407715
11103650000000,84.5583496094
11104590000000,88.8808898926
11105490000000,92.0297470093
11106420000000,90.3336257935
11107350000000,89.0593490601
11108260000000,93.8151092529
11109140000000,99.7462005615
11110080000000,108.699539185
11111000000000,112.713363647
