11345440000000,53.7205162048
11346580000000,54.9548683167
11347720000000,46.221698761
11348890000000,26.6672801971
11349990000000,8.90557384491
11351100000000,2.50927734375
11352210000000,4.99176979065
11353300000000,9.36624717712
11354390000000,37.9272880554
11355500000000,93.8444824219
11356590000000,137.866821289
11357610000000,158.860610962
11358650000000,170.286972046
11359730000000,179.897888184
11360800000000,178.940322876
11361870000000,178.703170776
11362940000000,179.501754761
11363990000000,178.839401245
11365010000000,178.954650879
11366050000000,179.052841187
11367080000000,179.133621216
11368120000000,179.205993652
11369140000000,179.274124146
11370190000000,179.308395386
11371210000000,179.631607056
11372260000000,179.657485962
11373280000000,179.662643433
