11499260000000,29.4700450897
11500430000000,37.6661605835
11501570000000,39.7256164551
11502680000000,41.9401397705
11503750000000,44.3453140259
11504850000000,46.9966545105
11505890000000,51.264251709
11506950000000,54.1124343872
11508000000000,57.3759765625
11509030000000,60.9366950989
11510070000000,64.6083450317
11511090000000,68.6310958862
11512100000000,72.6989822388
11513100000000,77.131187439
11514080000000,81.4908065796
11515090000000,85.920463562
11516070000000,90.461807251
11516990000000,94.9251937866
11517920000000,99.1585159302
11518890000000,103.14188385
11519810000000,107.123748779
11520740000000,110.970535278
11521660000000,114.597930908
11522590000000,91.5691757202
11523540000000,49.6808166504
11524460000000,30.2076377869
11525410000000,17.9157142639
11526360000000,7.36267948151
11527320000000,6.42839431763
11528240000000,5.6239361763
11529150000000,4.89175319672
11530120000000,5.43013715744
11531070000000,6.20083475113
11532030000000,7.19009685516
11532990000000,8.65979290009
11533920000000,10.8406562805
11534910000000,14.3795938492
