11425010000000,56.362449646
11426180000000,56.2023620605
11427250000000,45.4302253723
11428340000000,50.1230964661
11429430000000,27.5912952423
11430530000000,12.0855855942
11431620000000,7.00109863281
11432750000000,6.80512714386
11433790000000,28.3034191132
11434860000000,79.7015304565
11435910000000,148.37487793
11436950000000,162.929855347
11437960000000,168.467315674
11439020000000,172.165496826
11440000000000,174.114181519
11441030000000,175.088363647
11442000000000,175.797515869
11443000000000,176.321289062
11444070000000,176.747772217
11445050000000,177.083847046
11446060000000,177.379989624
11447010000000,177.589889526
11447960000000,177.790786743
11448940000000,177.930877686
11449860000000,178.096054077
11450840000000,178.215393066
11451780000000,178.34588623
11452730000000,178.455978394
