10880940000000,7.43951034546
10882040000000,2.30999207497
10883170000000,3.52458071709
10884300000000,13.9034194946
10885400000000,15.1302242279
10886530000000,17.610332489
10887600000000,23.4160461426
10888640000000,26.7634048462
10889660000000,29.2241916656
10890670000000,31.4739608765
10891720000000,30.3168582916
10892710000000,31.6115818024
10893720000000,32.9346580505
10894710000000,34.364818573
10895690000000,35.8830413818
10896670000000,37.5104064941
10897640000000,39.2739105225
10898590000000,41.1822128296
10899570000000,43.1629562378
10900480000000,45.5738716125
10901410000000,50.390537262
10902360000000,52.7279434204
10903320000000,57.391292572
10904270000000,59.4288978577
10905190000000,75.6451263428
10906120000000,50.1566085815
10907050000000,11.1344509125
10907990000000,48.4745178223
10908960000000,74.3162841797
10909920000000,77.0824661255
10910870000000,68.8698120117
10911800000000,71.9333114624
10912730000000,78.2324981689
10913690000000,83.2537765503
10914640000000,87.1079559326
10915630000000,91.5202407837
10916580000000,95.8505706787
10917550000000,101.135398865
10918510000000,105.556564331
10919480000000,110.17640686
