11812210000000,4.92215633392
11813380000000,12.8230142593
11814480000000,35.9897918701
11815560000000,37.55909729
11816640000000,40.7194976807
11817740000000,44.600440979
11818850000000,47.0102806091
11819970000000,49.5737838745
11821050000000,53.0466842651
11822110000000,59.3683853149
11823180000000,62.62449646
11824240000000,66.1174697876
11825310000000,69.6785202026
11826400000000,73.5766906738
11827510000000,77.611618042
11828550000000,81.8422088623
11829570000000,85.9551239014
11830570000000,67.3616104126
11831600000000,40.5385818481
11832580000000,26.0869865417
11833610000000,27.7524471283
11834660000000,29.2135982513
11835580000000,30.4049015045
11836550000000,33.0069541931
11837450000000,36.1458625793
11838400000000,39.772228241
11839370000000,44.1503372192
11840280000000,49.5634384155
11841280000000,55.595161438
11842240000000,63.2460823059
11843150000000,71.7677078247
11844040000000,80.3447723389
11844960000000,89.7902984619
11845930000000,99.3123092651
11846840000000,108.685882568
11847880000000,116.793487549
11848860000000,124.615158081
11849770000000,130.971313477
11850710000000,136.014419556
11851660000000,140.258132935
11852570000000,144.091918945
11853500000000,147.073974609
