10768740000000,8.28239917755
10769870000000,9.21368408203
10771010000000,10.5846319199
10772140000000,27.9025840759
10773220000000,26.3039665222
10774310000000,26.3265361786
10775390000000,27.2206611633
10776460000000,28.1376972198
10777500000000,29.1098766327
10778560000000,30.0325832367
10779600000000,31.1168117523
10780610000000,32.264793396
10781670000000,33.4377746582
10782710000000,32.6103858948
10783750000000,33.0133132935
10784740000000,34.0717849731
10785700000000,34.9598312378
10786680000000,35.8429336548
10787670000000,37.0956115723
10788660000000,38.2607688904
10789610000000,39.5744476318
10790610000000,40.7796020508
10791550000000,39.9647026062
10792500000000,40.8936843872
10793450000000,43.2333030701
10794400000000,45.495300293
10795310000000,48.0020446777
10796280000000,50.5603523254
10797160000000,53.5436935425
10798090000000,56.4496116638
10798990000000,59.7161521912
10799880000000,63.0560150146
10800770000000,66.7717056274
10801690000000,69.3227310181
10802630000000,64.0533218384
10803520000000,82.4506988525
10804460000000,71.2031555176
10805380000000,49.2043380737
10806300000000,10.1115436554
10807230000000,0.881237983704
10808190000000,1.35580527782
10809090000000,19.7552337646
10810020000000,21.578622818
10810920000000,18.9332771301
10811810000000,8.25497436523
10812770000000,0.547748446465
10813680000000,7.52038621902
10814640000000,8.36196517944
10815570000000,7.5618262291
10816530000000,9.14688301086
10817480000000,12.5072021484
