10880940000000,11.0467195511
10882040000000,16.9845485687
10883170000000,16.6720294952
10884300000000,7.16624498367
10885400000000,6.78213357925
10886530000000,5.21144628525
10887600000000,0.31708663702
10888640000000,2.1607093811
10889660000000,3.77217555046
10890670000000,5.18058490753
10891720000000,3.15048503876
10892710000000,3.41050863266
10893720000000,3.70566773415
10894710000000,4.05692815781
10895690000000,4.4809794426
10896670000000,4.9911031723
10897640000000,5.64464378357
10898590000000,6.48787355423
10899570000000,7.57425165176
10900480000000,9.34879398346
10901410000000,14.3155622482
10902360000000,18.6618518829
10903320000000,27.8485107422
10904270000000,25.4389648438
10905190000000,38.4116249084
10906120000000,19.7484321594
10907050000000,39.4437904358
10907990000000,84.5635223389
10908960000000,122.440299988
10909920000000,134.276062012
10910870000000,131.299880981
10911800000000,139.233840942
10912730000000,147.989486694
10913690000000,153.635665894
10914640000000,156.992919922
10915630000000,160.220809937
10916580000000,162.678405762
10917550000000,165.793579102
10918510000000,167.850372314
10919480000000,169.990814209
