
10888310000000,2.89136052132
10889350000000,2.89147233963
10890390000000,2.45207476616
10891420000000,17.8287334442
10892530000000,74.290397644
10893550000000,110.01007843
10894590000000,108.177322388
10895560000000,87.6366348267
10896610000000,84.8736495972
10897660000000,39.3637123108
10898700000000,0.84344625473
10899730000000,44.5038146973
10900710000000,49.0947990417
10901720000000,49.5913505554
10902720000000,51.0851287842
10903660000000,52.5996055603
10904700000000,54.0843391418
10905720000000,55.8028106689
10906680000000,57.5554580688
10907690000000,59.2644081116
10908690000000,61.1198196411
10909700000000,63.0209465027
10910680000000,65.0020217896
10911660000000,66.1233062744
10912630000000,65.9467391968
10913630000000,67.4144363403
10914650000000,69.5380172729
10915590000000,71.8140792847
10916560000000,73.9466400146
10917550000000,76.472869873
10918540000000,79.2424621582
