
10626010000000,5.90500116348
10627130000000,5.9050283432
10628210000000,1.5001335144
10629330000000,1.43368828297
10630420000000,1.49377608299
10631510000000,1.55487763882
10632570000000,1.60542237759
10633660000000,1.64207959175
10634700000000,1.72784423828
10635770000000,1.79197788239
10636830000000,1.88494610786
10637820000000,1.98058009148
10638820000000,2.06502079964
10639880000000,2.19528508186
10640860000000,2.30082988739
10641850000000,2.43049788475
10642820000000,2.56202435493
10643740000000,2.75139284134
10644700000000,2.90960621834
10645700000000,3.11083340645
10646640000000,0.647010147572
10647600000000,0.702413499355
10648560000000,0.758680403233
10649490000000,0.837639510632
10650400000000,0.911959588528
10651330000000,0.980639398098
10652260000000,1.10120010376
10653190000000,1.26327347755
10654110000000,1.47896075249
10655020000000,1.77263307571
10655920000000,2.20561385155
10656830000000,2.94341397285
10657750000000,0.515607476234
10658660000000,44.3863525391
10659570000000,105.006561279
10660460000000,168.308837891
10661350000000,162.929046631
10662270000000,164.050003052
10663200000000,173.055831909
10664090000000,178.43208313
10664950000000,176.46836853
10665820000000,178.253036499
10666720000000,177.213012695
10667630000000,175.453170776
10668500000000,175.203262329
10669390000000,177.2840271
10670330000000,178.450286865
10671290000000,177.827651978
10672140000000,177.857940674
10673070000000,177.879150391
10674020000000,178.027648926
10674950000000,178.135528564
10675880000000,178.257080078
10676800000000,178.350753784
10677700000000,178.440826416
10678640000000,178.50012207
10679580000000,178.556518555
10680510000000,178.632980347
10681470000000,178.698852539
10682420000000,178.748550415
10683380000000,175.435577393
10684360000000,175.662109375
10685380000000,175.837738037
10686330000000,176.124481201
10687320000000,177.086990356
10688320000000,177.498641968
10689320000000,174.018768311
