
21320870000000,32.8641204834
21321620000000,37.9838867188
21322360000000,39.4011421204
21323100000000,40.8716430664
21323810000000,34.2190589905
21324540000000,4.54145288467
21325290000000,31.5401210785
21326010000000,28.1839675903
21326770000000,25.0390167236
21327500000000,18.0553913116
21328270000000,13.3433094025
21328980000000,14.0879106522
21329730000000,14.8395109177
21330460000000,14.3333120346
21331220000000,11.6795578003
21331920000000,12.492641449
21332690000000,13.3350763321
21333420000000,14.3432693481
21334110000000,15.4486446381
21334810000000,13.2651891708
21335570000000,16.0331535339
21336310000000,16.1939105988
21337020000000,11.2406845093
21337760000000,0.503984630108
21338490000000,7.5452466011
21343710000000,11.1621570587
21344430000000,155.235931396
21345160000000,157.791137695
21345860000000,159.88760376
21346560000000,161.61366272
21347250000000,163.033477783
21347970000000,164.226287842
21348680000000,165.31791687
21349390000000,166.273422241
21350120000000,167.093154907
21350840000000,167.860275269
21351560000000,168.530166626
21352270000000,169.131561279
21352970000000,169.641662598
21353670000000,170.11177063
21354360000000,170.530044556
21355090000000,170.955352783
21355790000000,171.344467163
21356490000000,171.6693573
21357210000000,148.823150635
21357900000000,149.911224365
21358630000000,153.032531738
