11574980000000,29.2122898102
11576140000000,38.6770591736
11577240000000,41.3671531677
11578330000000,43.5825309753
11579420000000,45.9416732788
11580510000000,48.57081604
11581540000000,51.1525993347
11582610000000,53.7565841675
11583670000000,56.8084602356
11584730000000,60.1423873901
11585730000000,63.1358032227
11586740000000,66.8623352051
11587740000000,70.8848648071
11588720000000,75.024810791
11589720000000,79.2359771729
11590660000000,83.6451187134
11591610000000,87.8003921509
11592570000000,92.0268783569
11593520000000,96.4471511841
11594470000000,100.497169495
11595450000000,104.606361389
11596410000000,108.643722534
11597310000000,112.436851501
11598250000000,109.804992676
11599180000000,85.3346405029
11600110000000,98.3273162842
11601030000000,104.078735352
11601960000000,116.254585266
11602870000000,125.469390869
11603740000000,128.051635742
11604680000000,130.544448853
11605630000000,138.24206543
11606540000000,140.655471802
11607490000000,142.985610962
11608460000000,145.758041382
11609420000000,148.519363403
11610380000000,151.251525879
11611350000000,153.663848877
11612290000000,155.360229492
