11574980000000,6.38320112228
11576140000000,1.85960221291
11577240000000,2.67325329781
11578330000000,2.77261996269
11579420000000,2.91122889519
11580510000000,3.06201672554
11581540000000,2.95962381363
11582610000000,2.88604450226
11583670000000,2.90847444534
11584730000000,2.99799323082
11585730000000,2.49064517021
11586740000000,2.67298054695
11587740000000,2.88639354706
11588720000000,3.13201832771
11589720000000,3.40910196304
11590660000000,3.75297236443
11591610000000,4.09568834305
11592570000000,4.57858228683
11593520000000,5.27265548706
11594470000000,6.09474658966
11595450000000,7.29241514206
11596410000000,9.1355381012
11597310000000,12.187125206
11598250000000,9.36151313782
11599180000000,11.0432691574
11600110000000,13.4384078979
11601030000000,96.5541992188
11601960000000,157.284240723
11602870000000,163.855529785
11603740000000,169.431228638
11604680000000,172.217285156
11605630000000,168.378479004
11606540000000,170.035217285
11607490000000,171.019454956
11608460000000,171.260269165
11609420000000,171.178634644
11610380000000,170.890441895
11611350000000,170.6040802
11612290000000,170.802780151
