
11011060000000,21.9572143555
11012100000000,21.9915161133
11013210000000,21.6748142242
11014260000000,30.1001968384
11015270000000,79.6020278931
11016300000000,121.087768555
11017350000000,122.805297852
11018320000000,125.410179138
11019320000000,123.872917175
11020380000000,95.530418396
11021440000000,35.5515975952
11022450000000,20.4139232635
11023490000000,36.3363380432
11024480000000,44.6282463074
11025430000000,47.0476837158
11026400000000,50.7597885132
11027380000000,53.5408821106
11028360000000,56.6048660278
11029340000000,61.1385765076
11030290000000,64.8828735352
11031210000000,68.5330123901
11032150000000,73.6133270264
11033110000000,79.5211868286
11034050000000,85.4381790161
11034940000000,89.5197906494
11035880000000,93.8690338135
11036770000000,98.3627853394
11037740000000,102.193328857
11038690000000,106.37297821
11039620000000,110.177055359
11040560000000,116.788619995
