
10626010000000,25.8525371552
10627130000000,25.852689743
10628210000000,21.681098938
10629330000000,22.8800029755
10630420000000,24.4578666687
10631510000000,26.2162189484
10632570000000,28.1704101562
10633660000000,30.3497848511
10634700000000,33.0072631836
10635770000000,35.9019317627
10636830000000,39.3566741943
10637820000000,43.3980674744
10638820000000,47.840259552
10639880000000,52.9414176941
10640860000000,59.4076957703
10641850000000,66.1618804932
10642820000000,73.5342407227
10643740000000,81.6572799683
10644700000000,89.612953186
10645700000000,97.9447021484
10646640000000,103.199684143
10647600000000,110.652496338
10648560000000,117.571159363
10649490000000,123.728851318
10650400000000,128.892318726
10651330000000,133.381866455
10652260000000,137.311553955
10653190000000,140.803543091
10654110000000,143.784561157
10655020000000,146.384811401
10655920000000,148.663146973
10656830000000,150.651687622
10657750000000,146.68208313
10658660000000,88.0459289551
10659570000000,27.8707084656
10660460000000,30.1584281921
10661350000000,61.481918335
10662270000000,34.6908073425
10663200000000,44.6336135864
10664090000000,52.6638717651
10664950000000,61.609539032
10665820000000,63.960269928
10666720000000,63.8066139221
10667630000000,65.9877548218
10668500000000,69.9861755371
10669390000000,76.515663147
10670330000000,82.865852356
10671290000000,87.643081665
10672140000000,93.2826385498
10673070000000,98.1665115356
10674020000000,103.654441833
10674950000000,108.884490967
10675880000000,113.826515198
10676800000000,118.404563904
10677700000000,122.539985657
10678640000000,126.230987549
10679580000000,129.748306274
10680510000000,132.959152222
10681470000000,135.808486938
10682420000000,138.437408447
10683380000000,137.348312378
10684360000000,139.780517578
10685380000000,142.006225586
10686330000000,144.243286133
10687320000000,146.809463501
10688320000000,148.788986206
10689320000000,145.793518066
