
21248110000000,15.0002708435
21248860000000,14.970082283
21249620000000,15.3377008438
21250370000000,15.6619024277
21251110000000,16.0602245331
21251820000000,16.4481773376
21252550000000,16.8133888245
21253280000000,17.234582901
21254020000000,17.7097835541
21254700000000,18.2029094696
21255400000000,18.6501426697
21256110000000,19.1450214386
21256800000000,19.6540565491
21257490000000,20.2084503174
21258180000000,20.7690525055
21258890000000,21.379196167
21259590000000,22.0205154419
21260250000000,24.5191688538
21260910000000,28.0645523071
21261550000000,42.4797286987
21262230000000,42.1929397583
21262910000000,40.429271698
21263550000000,40.0031394958
21264250000000,40.6834335327
21264910000000,42.3965492249
21265550000000,44.2291679382
21266200000000,46.3532829285
21266820000000,48.3118667603
21267450000000,49.5458984375
21268060000000,72.6652450562
21268710000000,101.108589172
21269330000000,137.385467529
21269940000000,173.125961304
21270570000000,154.518051147
21271230000000,154.652633667
21271880000000,155.514846802
21272560000000,156.346557617
21273200000000,157.144332886
21273840000000,160.050384521
21274510000000,160.618637085
21275160000000,161.218780518
21275810000000,161.793075562
21276490000000,164.092376709
21277130000000,166.329681396
21277800000000,171.027648926
21278520000000,176.079803467
21279160000000,176.22857666
21279860000000,178.967025757
21280530000000,179.644607544
21281230000000,178.167770386
21281930000000,177.108657837
21282640000000,176.225143433
21283320000000,175.344711304
21284030000000,175.442459106
