10976620000000,61.4292869568
10977720000000,70.4772186279
10978840000000,80.3015518188
10979980000000,83.9375991821
10981020000000,88.7926025391
10982120000000,100.287979126
10983180000000,110.275588989
10984260000000,117.391143799
10985290000000,125.32485199
10986320000000,131.434326172
10987380000000,136.677276611
10988400000000,141.125259399
10989400000000,143.360198975
10990400000000,146.218933105
10991390000000,148.952880859
10992380000000,151.281982422
10993350000000,153.33807373
10994290000000,155.072723389
10995220000000,156.549453735
10996160000000,157.917724609
10997110000000,159.126800537
10998050000000,158.599365234
10999000000000,175.101654053
10999940000000,132.397399902
11000880000000,164.644851685
11001860000000,157.516311646
11002760000000,168.014053345
11003690000000,168.114593506
11004620000000,168.53465271
11005570000000,168.601608276
11006490000000,161.218063354
11007440000000,159.798995972
11008390000000,161.276809692
11009320000000,163.785873413
11010240000000,166.110198975
11011190000000,166.209213257
11012120000000,166.444259644
11013080000000,160.480895996
