
11011060000000,13.9077367783
11012100000000,13.8728303909
11013210000000,14.2439041138
11014260000000,7.35036611557
11015270000000,40.4618492126
11016300000000,80.199546814
11017350000000,80.9660568237
11018320000000,82.8153762817
11019320000000,80.5637893677
11020380000000,52.0177307129
11021440000000,8.82786846161
11022450000000,25.5911026001
11023490000000,11.4080162048
11024480000000,5.53603315353
11025430000000,5.76129961014
11026400000000,4.85071086884
11027380000000,5.04955291748
11028360000000,5.27016639709
11029340000000,4.25709676743
11030290000000,4.18296670914
11031210000000,4.37063121796
11032150000000,3.18343663216
11033110000000,1.37311172485
11034050000000,0.28614038229
11034940000000,0.0639763325453
11035880000000,0.401321172714
11036770000000,0.685608267784
11037740000000,0.672939896584
11038690000000,0.710739433765
11039620000000,0.699319958687
11040560000000,5.70167970657
