
20959980000000,27.6680202484
20960750000000,29.5989761353
20961510000000,30.6601524353
20962310000000,31.9289169312
20963080000000,33.3128547668
20963850000000,34.8581085205
20964590000000,36.4050636292
20965380000000,38.0982589722
20966080000000,40.0566291809
20966780000000,41.8231163025
20967480000000,43.793926239
20968160000000,45.9038124084
20968880000000,47.9936103821
20969570000000,50.4741287231
20970280000000,53.0221710205
20970950000000,55.8334159851
20971610000000,58.5886764526
20972330000000,61.5627937317
20972980000000,65.0174942017
20973650000000,68.3807754517
20974340000000,71.8345794678
20975020000000,75.6596221924
20975690000000,79.6270294189
20976360000000,83.5308532715
20977000000000,87.5095291138
20977630000000,91.2308273315
20978270000000,95.0752410889
20978900000000,98.9787750244
20979540000000,102.452857971
20980170000000,105.983894348
20980800000000,109.33707428
20981410000000,113.922988892
20982070000000,119.962944031
20982710000000,125.908889771
20983320000000,146.735870361
20983940000000,157.316726685
20984550000000,150.793441772
20985160000000,149.286697388
20985780000000,142.821365356
20986380000000,135.237487793
20987010000000,136.886322021
20987590000000,138.466491699
20988180000000,140.046600342
20988820000000,141.417419434
20989460000000,143.205566406
20990070000000,145.862564087
20990670000000,148.24899292
20991290000000,154.11706543
20991970000000,156.595916748
20992590000000,157.408676147
20993190000000,158.783111572
20993830000000,150.636886597
20994470000000,121.725273132
20995110000000,80.6047821045
20995740000000,37.5054206848
20996360000000,11.0854091644
20996950000000,3.21410393715
20997570000000,3.27587723732
20998230000000,3.4113638401
20998910000000,3.52193808556
20999550000000,3.65012764931
21000170000000,3.80905103683
21000770000000,3.94104957581
21001380000000,4.08968162537
21006760000000,4.27475357056
21007370000000,6.79938364029
21007990000000,7.27139139175
21008590000000,7.87694883347
21009200000000,8.47176933289
21009830000000,9.3396654129
21010420000000,10.3146123886
21011040000000,11.4952907562
21011740000000,13.0229711533
21012410000000,15.3240003586
21013060000000,18.3720111847
