10976620000000,7.65348911285
10977720000000,7.49813985825
10978840000000,7.73346710205
10979980000000,14.6754179001
10981020000000,21.2681312561
10982130000000,20.5557479858
10983180000000,21.3043861389
10984260000000,23.5399131775
10985290000000,24.3631324768
10986320000000,25.2838745117
10987380000000,26.3058338165
10988400000000,27.4832382202
10989400000000,29.9542541504
10990400000000,31.9002342224
10991390000000,33.2835502625
10992380000000,34.8145942688
10993350000000,36.5226898193
10994290000000,38.3068199158
10995220000000,40.2246284485
10996160000000,42.2483139038
10997110000000,44.4680976868
10998050000000,48.3862419128
10999000000000,26.3327045441
10999940000000,14.2859354019
11000880000000,15.8460025787
11001860000000,53.5681152344
11002760000000,46.2532920837
11003690000000,49.4492225647
11004620000000,52.6382484436
11005570000000,56.5608253479
11006490000000,68.5881195068
11007440000000,75.5697631836
11008390000000,79.4971313477
11009320000000,82.4486923218
11010240000000,85.6973266602
11011190000000,91.1290054321
11012120000000,96.3185577393
11013080000000,107.416030884
