
10888310000000,2.93853521347
10889350000000,2.93864321709
10890390000000,2.51765441895
10891420000000,17.7741394043
10892530000000,74.3917922974
10893550000000,111.202690125
10894580000000,110.400169373
10895560000000,90.787147522
10896610000000,89.061050415
10897660000000,43.9753646851
10898700000000,5.42938756943
10899730000000,40.5105934143
10900710000000,45.9150276184
10901720000000,47.1791229248
10902720000000,49.5864868164
10903660000000,52.1141548157
10904700000000,54.6596298218
10905720000000,57.6872825623
10906680000000,60.8628311157
10907690000000,64.034942627
10908690000000,67.5413284302
10909700000000,71.2102050781
10910680000000,75.0977935791
10911660000000,78.0808181763
10912630000000,79.8201751709
10913630000000,83.22240448
10914650000000,87.3536605835
10915590000000,91.7233428955
10916560000000,95.6781997681
10917550000000,99.9057388306
10918540000000,102.785919189
