11812210000000,32.2311401367
11813380000000,26.3438243866
11814480000000,5.22971582413
11815560000000,5.74133348465
11816640000000,4.75177145004
11817740000000,3.14177846909
11818850000000,3.33577275276
11819970000000,3.61665534973
11821050000000,3.23784089088
11822110000000,0.192614525557
11823180000000,0.220449119806
11824240000000,0.291573882103
11825310000000,0.320726901293
11826400000000,0.512966036797
11827510000000,0.579702556133
11828550000000,0.708290576935
11829570000000,0.9373087883
11830570000000,18.6366100311
11831600000000,47.640586853
11832580000000,82.5334320068
11833610000000,109.842880249
11834660000000,132.107467651
11835580000000,146.597427368
11836550000000,153.532104492
11837450000000,158.327865601
11838400000000,161.657089233
11839370000000,164.16847229
11840280000000,166.173553467
11841280000000,167.622848511
11842240000000,168.891372681
11843150000000,169.869796753
11844040000000,170.663146973
11844960000000,171.389724731
11845930000000,171.947418213
11846840000000,172.489273071
11847880000000,172.95690918
11848860000000,173.395553589
11849770000000,173.763931274
11850710000000,174.060760498
11851660000000,174.354644775
11852570000000,174.623855591
11853500000000,174.859909058
