11499260000000,53.0364189148
11500430000000,53.2216377258
11501570000000,62.631893158
11502680000000,73.7159347534
11503750000000,85.9452972412
11504850000000,97.8119659424
11505890000000,107.691596985
11506950000000,117.401420593
11508000000000,125.884483337
11509030000000,133.02053833
11510070000000,138.62449646
11511090000000,143.254882812
11512100000000,146.942337036
11513100000000,150.133987427
11514080000000,152.753601074
11515090000000,154.907989502
11516070000000,156.826721191
11516990000000,158.433364868
11517920000000,159.778656006
11518890000000,160.995941162
11519810000000,162.080596924
11520740000000,163.028640747
11521660000000,163.848449707
11522590000000,171.735092163
11523540000000,130.053161621
11524460000000,111.578048706
11525410000000,99.6705245972
11526360000000,90.3149032593
11527320000000,91.3681640625
11528240000000,92.721206665
11529150000000,94.1474533081
11530120000000,96.6932067871
11531070000000,99.4527206421
11532030000000,102.023529053
11532990000000,104.697654724
11533920000000,107.272148132
11534910000000,109.73462677
