11179930000000,11.0655040741
11181110000000,11.6705980301
11182210000000,6.40716552734
11183280000000,5.57930421829
11184380000000,2.80876016617
11185440000000,0.239452898502
11186500000000,0.750189244747
11187540000000,0.807266652584
11188600000000,0.862470328808
11189600000000,0.900662839413
11190660000000,0.989208340645
11191650000000,1.07138907909
11192640000000,1.23790025711
11193660000000,1.21258282661
11194590000000,1.50839090347
11195580000000,2.13644146919
11196550000000,3.39316177368
11197510000000,10.3396110535
11198430000000,13.3383274078
11199370000000,10.4014396667
11200330000000,10.2585668564
11201270000000,14.5540094376
11202250000000,6.985932827
11203200000000,63.1467399597
11204160000000,79.3568572998
11205070000000,106.498046875
11206010000000,133.681930542
11206950000000,151.013031006
11207880000000,177.928649902
11208800000000,170.055221558
11209730000000,161.05039978
11210630000000,165.216705322
11211570000000,168.090011597
11212510000000,170.018341064
11213490000000,171.114471436
11214390000000,168.50630188
11215350000000,157.104354858
11216290000000,151.92880249
