
10888310000000,66.0541610718
10889350000000,66.0534133911
10890390000000,69.4572372437
10891420000000,59.3406791687
10892530000000,12.0838909149
10893550000000,19.7122802734
10894580000000,24.6254005432
10895560000000,13.7570180893
10896610000000,21.7118377686
10897660000000,10.1468353271
10898700000000,20.729434967
10899730000000,114.652015686
10900710000000,143.647186279
10901720000000,155.69909668
10902720000000,162.257537842
10903660000000,166.027404785
10904700000000,168.373321533
10905720000000,170.216293335
10906680000000,171.539718628
10907690000000,172.497879028
10908690000000,173.300872803
10909700000000,173.932723999
10910680000000,174.441345215
10911660000000,174.07144165
10912630000000,172.448104858
10913630000000,172.481796265
10914650000000,172.958496094
10915590000000,173.356399536
10916560000000,173.693725586
10917550000000,174.36680603
10918540000000,177.140655518
