
21059860000000,58.8019790649
21060670000000,60.6703910828
21061450000000,67.6447296143
21062170000000,75.3111419678
21062910000000,82.9373550415
21063650000000,91.0326004028
21064360000000,99.0930709839
21065070000000,106.60824585
21065750000000,113.377037048
21066480000000,119.192977905
21067200000000,122.240470886
21067860000000,127.290481567
21068590000000,131.651473999
21069270000000,135.684738159
21069920000000,138.775253296
21070620000000,141.400161743
21071290000000,140.750244141
21071920000000,143.456756592
21072560000000,145.621810913
21073240000000,147.565872192
21073940000000,149.40536499
21074590000000,151.175918579
21075240000000,152.601974487
21075920000000,153.902770996
21076550000000,155.222305298
21077200000000,156.261856079
21077820000000,157.298156738
21078430000000,158.184844971
21079040000000,162.248809814
21079680000000,171.682113647
21080330000000,131.483398438
21080950000000,132.08605957
21081610000000,133.599716187
21082260000000,135.165985107
21082880000000,138.2137146
21083500000000,143.260116577
21084110000000,144.943435669
21084710000000,147.813598633
21085340000000,148.495254517
21085940000000,154.633407593
21086570000000,156.644424438
21087180000000,157.314575195
21087780000000,161.286743164
21088410000000,160.035018921
21089030000000,161.056655884
21089630000000,161.062164307
21090230000000,160.990158081
21090850000000,163.610229492
21091460000000,163.742828369
21092060000000,174.063751221
21092720000000,166.54234314
21093340000000,166.596435547
21093950000000,167.579574585
21094580000000,168.140548706
21095190000000,168.814727783
21095800000000,169.59236145
