11345440000000,27.8015174866
11346580000000,28.3586196899
11347720000000,45.9073143005
11348890000000,72.7300109863
11349990000000,98.89453125
11351100000000,115.056358337
11352210000000,118.972137451
11353300000000,123.20224762
11354390000000,67.7989273071
11355500000000,34.6282157898
11356590000000,19.996509552
11357610000000,14.0871925354
11358650000000,7.64557409286
11359730000000,1.89321506023
11360800000000,0.651077151299
11361870000000,0.287750124931
11362940000000,1.00269138813
11363990000000,2.97823834419
11365010000000,3.2621319294
11366050000000,3.58790659904
11367080000000,3.99969029427
11368120000000,4.48936796188
11369140000000,5.13580989838
11370190000000,5.99418020248
11371210000000,6.91621112823
11372260000000,8.58132839203
11373280000000,11.4000682831
