11574980000000,6.47183847427
11576140000000,1.9570183754
11577240000000,2.77600693703
11578330000000,2.82954359055
11579420000000,2.9161658287
11580510000000,3.00248003006
11581540000000,2.83349537849
11582610000000,2.6860806942
11583670000000,2.6254556179
11584730000000,2.61988115311
11585730000000,2.01206111908
11586740000000,2.08790111542
11587740000000,2.16619586945
11588720000000,2.24853229523
11589720000000,2.3289847374
11590660000000,2.41844820976
11591610000000,2.45640039444
11592570000000,2.54461145401
11593520000000,2.68906283379
11594470000000,2.80156850815
11595450000000,2.92775154114
11596410000000,3.06695842743
11597310000000,3.22507858276
11598250000000,2.03289818764
11599180000000,28.5609779358
11600100000000,20.3512001038
11601030000000,19.4674301147
11601960000000,11.4273891449
11602870000000,5.35161113739
11603740000000,6.12824583054
11604680000000,6.70994758606
11605630000000,1.85648715496
11606540000000,1.71673333645
11607490000000,1.43859398365
11608460000000,0.378138810396
11609420000000,1.02060759068
11610380000000,2.93451023102
11611350000000,5.22454118729
11612290000000,8.07018089294
