11812210000000,4.84216403961
11813380000000,12.581700325
11814480000000,35.4301986694
11815560000000,36.3177604675
11816640000000,38.7335090637
11817740000000,41.7204589844
11818850000000,43.0937767029
11819970000000,44.4912757874
11821050000000,46.6664276123
11822110000000,51.5626983643
11823180000000,53.239616394
11824240000000,55.0278511047
11825310000000,56.8038825989
11826400000000,58.8144111633
11827510000000,60.8076591492
11828550000000,62.9292907715
11829570000000,65.035484314
11830570000000,45.2746047974
11831610000000,17.8352870941
11832580000000,1.7842862606
11833610000000,1.62685954571
11834660000000,0.889522194862
11835580000000,0.505995571613
11836550000000,0.534570157528
11837450000000,0.561118960381
11838400000000,0.590588986874
11839370000000,0.623229801655
11840290000000,0.678979337215
11841280000000,0.706273794174
11842240000000,0.751272380352
11843150000000,0.777424514294
11844040000000,0.853159666061
11844960000000,0.957026839256
11845930000000,1.00205552578
11846840000000,1.0986918211
11847880000000,1.22930979729
11848860000000,1.38780391216
11849770000000,1.57993352413
11850710000000,1.81376218796
11851660000000,2.17363572121
11852570000000,2.72599649429
11853500000000,3.57672786713
