
10626010000000,13.0043563843
10627130000000,13.0043897629
10628210000000,17.5313072205
10629330000000,18.2117328644
10630420000000,18.8425502777
10631510000000,19.5073451996
10632570000000,20.2196006775
10633660000000,20.9849796295
10634700000000,21.7932739258
10635770000000,22.6401290894
10636830000000,23.546661377
10637820000000,24.5313911438
10638820000000,25.5484905243
10639880000000,26.5855407715
10640860000000,27.8756370544
10641850000000,29.1261615753
10642820000000,30.4676380157
10643740000000,31.9050655365
10644700000000,33.4208984375
10645700000000,35.1323471069
10646640000000,39.5638313293
10647600000000,41.6687011719
10648560000000,44.0233421326
10649490000000,46.5857467651
10650400000000,49.2803153992
10651330000000,52.2334518433
10652260000000,55.4081878662
10653190000000,58.9201850891
10654110000000,62.6260643005
10655020000000,66.6007080078
10655920000000,70.8400344849
10656830000000,75.1948242188
10657750000000,83.5316772461
10658660000000,141.60357666
10659570000000,159.148483276
10660460000000,103.788276672
10661350000000,78.3394699097
10662270000000,112.054924011
10663200000000,108.570320129
10664090000000,108.502120972
10664950000000,107.652191162
10665820000000,112.841621399
10666720000000,121.028244019
10667630000000,126.428459167
10668500000000,130.203613281
10669390000000,131.295837402
10670330000000,132.987762451
10671290000000,136.32522583
10672140000000,138.857666016
10673070000000,140.892929077
10674020000000,142.864379883
10674950000000,144.697692871
10675880000000,146.35118103
10676800000000,147.887145996
10677700000000,149.265335083
10678640000000,150.534683228
10679580000000,151.764205933
10680510000000,152.876602173
10681470000000,153.892196655
10682420000000,154.871520996
10683380000000,159.095504761
10684360000000,159.79335022
10685380000000,160.498687744
10686330000000,161.072631836
10687320000000,160.839416504
10688320000000,161.161239624
10689320000000,164.878173828
