11574980000000,11.3580284119
11576140000000,20.1523857117
11577240000000,21.5372619629
11578330000000,22.2178077698
11579420000000,22.9481601715
11580510000000,23.7389354706
11581540000000,24.3182888031
11582610000000,24.9072170258
11583670000000,25.6702613831
11584730000000,26.5419330597
11585730000000,26.8792152405
11586740000000,27.9185276031
11587740000000,29.0524139404
11588720000000,30.2473182678
11589720000000,31.50066185
11590660000000,32.8763999939
11591610000000,34.2151756287
11592570000000,35.7059173584
11593520000000,37.4279289246
11594470000000,39.1403846741
11595450000000,41.069896698
11596410000000,43.2047348022
11597310000000,45.4901313782
11598250000000,41.8505439758
11599180000000,16.8671188354
11600100000000,27.4927520752
11601030000000,31.3595905304
11601960000000,42.3956985474
11602870000000,51.5901145935
11603740000000,54.6762123108
11604680000000,58.2251358032
11605630000000,67.3997955322
11606540000000,72.2172927856
11607490000000,77.3391189575
11608460000000,83.4001998901
11609420000000,89.7680130005
11610380000000,96.340171814
11611350000000,102.5284729
11612290000000,107.89263916
