
20959980000000,8.10285568237
20960750000000,6.87715005875
20961510000000,7.09728384018
20962310000000,7.21215677261
20963080000000,7.38817644119
20963850000000,7.46730899811
20964590000000,7.633228302
20965380000000,7.73412227631
20966080000000,7.87023973465
20966780000000,8.06822681427
20967480000000,8.21924972534
20968160000000,8.37460422516
20968880000000,8.63266468048
20969570000000,8.83902359009
20970280000000,9.00779533386
20970950000000,9.27458667755
20971610000000,9.54005908966
20972330000000,9.75569057465
20972980000000,10.0107526779
20973650000000,10.2501945496
20974340000000,10.5454273224
20975020000000,10.8673381805
20975690000000,11.106470108
20976350000000,11.507604599
20977000000000,11.80788517
20977630000000,12.1295852661
20978270000000,12.4689693451
20978900000000,12.7218942642
20979540000000,13.2767887115
20980170000000,13.7422094345
20980800000000,14.1841115952
20981410000000,13.2807598114
20982070000000,10.244594574
20982710000000,7.08454370499
20983320000000,10.9032325745
20983940000000,20.7697868347
20984550000000,14.4241666794
20985160000000,12.4780340195
20985770000000,4.85729408264
20986380000000,3.61961507797
20987010000000,3.83400058746
20987590000000,4.12503862381
20988180000000,4.23219060898
20988810000000,4.53479146957
20989460000000,4.4843583107
20990070000000,3.41519141197
20990670000000,2.32905387878
20991290000000,2.48603153229
20991970000000,4.4131064415
20992590000000,4.89745044708
20993190000000,6.18799161911
20993830000000,1.42853653431
20994470000000,32.8788642883
20995110000000,70.9967727661
20995740000000,113.988098145
20996360000000,138.953018188
20996950000000,148.343963623
20997570000000,151.400253296
20998230000000,154.089538574
20998910000000,156.515884399
20999550000000,158.525970459
21000170000000,160.221572876
21000770000000,161.619369507
21001380000000,162.756835938
21006760000000,163.85710144
21007370000000,169.619247437
21007990000000,170.039367676
21008590000000,170.405380249
21009200000000,170.817108154
21009830000000,171.099349976
21010420000000,171.42930603
21011040000000,171.710098267
21011740000000,171.995727539
21012400000000,172.299118042
21013060000000,172.55758667
