
11011060000000,13.8011722565
11012100000000,13.7662334442
11013210000000,14.1475191116
11014260000000,7.43883943558
11015270000000,40.3477249146
11016300000000,80.6870727539
11017350000000,82.4755020142
11018320000000,85.3406600952
11019320000000,84.1098556519
11020380000000,55.9684638977
11021440000000,4.95042562485
11022450000000,22.113702774
11023490000000,8.15388393402
11024480000000,2.33914017677
11025430000000,2.51473164558
11026400000000,1.52483868599
11027380000000,1.65071487427
11028360000000,1.79838550091
11029340000000,0.713860869408
11030290000000,0.547195792198
11031210000000,0.611348927021
11032150000000,0.706953406334
11033110000000,2.8007838726
11034050000000,4.90324115753
11034940000000,5.31450653076
11035880000000,6.42849588394
11036770000000,7.87824678421
11037740000000,9.47525119781
11038690000000,12.3358783722
11039620000000,17.2415027618
11040560000000,24.1924304962
