
21248110000000,3.87300300598
21248860000000,4.22082996368
21249620000000,4.34925413132
21250370000000,4.5472741127
21251110000000,4.6840801239
21251820000000,4.85575532913
21252550000000,5.05158042908
21253280000000,5.26360940933
21254020000000,5.46144771576
21254700000000,5.68504238129
21255400000000,5.93783521652
21256110000000,6.20838212967
21256800000000,6.51857280731
21257490000000,6.84069395065
21258180000000,7.19405460358
21258890000000,7.59680509567
21259580000000,8.05337810516
21260250000000,6.63090848923
21260910000000,4.19436502457
21261550000000,9.38467884064
21262230000000,8.7348651886
21262910000000,6.1813621521
21263550000000,4.89455747604
21264250000000,4.79889297485
21264910000000,5.64821243286
21265550000000,6.72992992401
21266200000000,8.26282119751
21266820000000,9.73215770721
21267450000000,11.0626058578
21268060000000,32.9043235779
21268710000000,59.6142616272
21269330000000,95.6653137207
21269940000000,130.098495483
21270570000000,162.007766724
21271230000000,163.99546814
21271880000000,165.766555786
21272560000000,167.167755127
21273200000000,168.358627319
21273840000000,167.036727905
21274510000000,168.028762817
21275160000000,168.912689209
21275810000000,169.66859436
21276490000000,168.510818481
21277130000000,167.662765503
21277800000000,164.15826416
21278520000000,160.154327393
21279160000000,161.214324951
21279860000000,159.454910278
21280530000000,159.090789795
21281230000000,158.537521362
21281930000000,158.37097168
21282640000000,158.288864136
21283320000000,158.233886719
21284030000000,159.064651489
