
21320870000000,56.74723647237
21321620000000,59.1972389221
21322360000000,66.623878479
21323100000000,74.7303848267
21323810000000,91.4601669312
21324540000000,137.203674316
21325290000000,169.329956055
21326010000000,166.196624756
21326770000000,163.78843689
21327500000000,157.982299805
21328270000000,154.255279541
21328980000000,156.636581421
21329730000000,158.521957397
21330460000000,158.816955566
21331220000000,156.67036438
21331920000000,158.330780029
21332690000000,159.659072876
21333420000000,160.888519287
21334110000000,161.916610718
21334810000000,159.691253662
21335570000000,162.050582886
21336310000000,161.728515625
21337020000000,156.339401245
21337760000000,147.110534668
21338490000000,155.677764893
21343710000000,159.036987305
21344430000000,1.64840424061
21345160000000,1.73046040535
21345860000000,1.82007014751
21346560000000,1.91160523891
21347250000000,2.0113492012
21347970000000,2.12366914749
21348680000000,2.25039410591
21349390000000,2.39739441872
21350120000000,2.56407785416
21350840000000,2.7668068409
21351560000000,3.00025701523
21352270000000,3.27333712578
21352970000000,3.58299469948
21353670000000,3.96057868004
21354360000000,4.42117500305
21355090000000,5.05571317673
21355790000000,5.88081789017
21356490000000,6.98069906235
21357210000000,12.4963226318
21357900000000,14.2342576981
21358630000000,17.3922710419
