11075480000000,50.5415267944
11076610000000,85.0355758667
11077740000000,87.8483352661
11078870000000,116.416419983
11080000000000,124.355415344
11081120000000,130.119796753
11082200000000,136.090240479
11083290000000,136.320846558
11084380000000,139.920455933
11085460000000,143.454864502
11086540000000,147.022399902
11087580000000,149.681091309
11088630000000,151.891159058
11089720000000,153.822692871
11090770000000,155.594711304
11091830000000,157.11088562
11092860000000,158.45475769
11093910000000,145.633346558
11094960000000,99.3200531006
11095990000000,117.173736572
11096950000000,140.693481445
11097920000000,136.474578857
11098910000000,133.521697998
11099890000000,134.70501709
11100810000000,136.207168579
11101780000000,137.29989624
11102720000000,139.096038818
11103650000000,140.499420166
11104590000000,141.605682373
11105490000000,141.613143921
11106420000000,137.122085571
11107350000000,133.050964355
11108260000000,134.775268555
11109140000000,137.697784424
11110080000000,143.869949341
11111000000000,144.913253784
