11075480000000,4.32326126099
11076610000000,31.7582054138
11077740000000,26.5279254913
11078870000000,46.6944389343
11080000000000,47.8144264221
11081120000000,48.0253829956
11082200000000,49.6196937561
11083290000000,46.764919281
11084380000000,47.518032074
11085460000000,48.8922386169
11086540000000,50.9227333069
11087580000000,52.620098114
11088630000000,54.3234100342
11089720000000,56.1007270813
11090770000000,58.0386314392
11091830000000,60.0030632019
11092860000000,62.0461349487
11093910000000,50.1317024231
11094960000000,4.56047725677
11095990000000,20.7760295868
11096950000000,42.8531990051
11097920000000,38.6389083862
11098910000000,35.2923583984
11099890000000,36.0559577942
11100810000000,37.3338356018
11101780000000,38.4029045105
11102720000000,40.4209785461
11103650000000,42.2431640625
11104590000000,44.0139579773
11105490000000,44.8591194153
11106420000000,41.3294181824
11107350000000,37.7714080811
11108260000000,40.2263336182
11109140000000,44.1368942261
11110080000000,51.8305244446
11111000000000,54.9118728638
