
20959980000000,8.74028682709
20960750000000,7.56326198578
20961510000000,7.88849544525
20962310000000,8.12002086639
20963080000000,8.43122005463
20963850000000,8.65618419647
20964590000000,8.98017597198
20965380000000,9.25264835358
20966080000000,9.59439277649
20966780000000,9.99336338043
20967480000000,10.3680849075
20968160000000,10.7723588943
20968880000000,11.3004693985
20969570000000,11.8315258026
20970280000000,12.3451414108
20970950000000,13.0252685547
20971610000000,13.7237291336
20972330000000,14.4286079407
20972980000000,15.2990159988
20973650000000,16.1904354095
20974340000000,17.2339744568
20975020000000,18.480796814
20975690000000,19.7852802277
20976350000000,21.4448127747
20977000000000,23.2087593079
20977630000000,25.1641387939
20978270000000,27.5298252106
20978900000000,30.2440681458
20979540000000,33.7627334595
20980170000000,37.9294891357
20980800000000,42.8444671631
20981410000000,47.4694709778
20982070000000,50.3434333801
20982710000000,54.3824882507
20983320000000,44.6685333252
20983940000000,43.100402832
20984550000000,56.2709655762
20985160000000,70.0666809082
20985770000000,93.7178039551
20986380000000,118.447280884
20987010000000,131.155029297
20987590000000,140.40788269
20988180000000,146.599380493
20988820000000,151.449798584
20989460000000,154.957351685
20990070000000,156.60333252
20990670000000,157.527679443
20991290000000,154.769348145
20991970000000,155.325134277
20992590000000,157.649200439
20993190000000,158.718780518
20993830000000,167.773849487
20994470000000,163.65914917
20995110000000,121.410339355
20995740000000,78.5272140503
20996360000000,51.3881072998
20996950000000,45.4627532959
20997570000000,48.6508598328
20998230000000,52.5391235352
20998910000000,57.1516571045
20999550000000,62.267036438
21000170000000,67.9392166138
21000770000000,73.6775588989
21001380000000,79.399017334
21006760000000,85.9658203125
21007370000000,132.19178772
21007990000000,135.42124939
21008590000000,138.440551758
21009200000000,140.968841553
21009830000000,143.43309021
21010420000000,145.575683594
21011040000000,147.468353271
21011740000000,149.221420288
21012400000000,151.002670288
21013060000000,152.520904541
