11179930000000,7.40078783035
11181110000000,7.65203666687
11182210000000,13.7786188126
11183280000000,15.3980236053
11184380000000,18.9952735901
11185440000000,22.4209480286
11186500000000,24.2313213348
11187540000000,25.1743812561
11188600000000,26.157951355
11189600000000,27.2138118744
11190660000000,28.3329925537
11191650000000,29.5822868347
11192640000000,30.8987216949
11193660000000,32.1123580933
11194590000000,33.7642593384
11195580000000,35.6553916931
11196550000000,38.327747345
11197510000000,46.5928840637
11198430000000,49.6937408447
11199370000000,46.8490982056
11200330000000,46.3399925232
11201270000000,48.7217712402
11202250000000,27.2322483063
11203200000000,21.9373855591
11204160000000,8.96209812164
11205070000000,2.26889777184
11206010000000,4.29398298264
11206950000000,7.52491950989
11207880000000,27.4614562988
11208800000000,19.2484531403
11209730000000,8.26654529572
11210630000000,10.3890199661
11211570000000,12.4900941849
11212510000000,14.713684082
11213490000000,17.1172466278
11214390000000,17.1324596405
11215350000000,5.79538249969
11216290000000,0.345020145178
