10976620000000,25.7518367767
10977720000000,26.7161197662
10978840000000,28.2169342041
10979980000000,36.5750617981
10981020000000,44.9354171753
10982130000000,46.1293716431
10983180000000,49.0864944458
10984260000000,53.6814460754
10985290000000,57.2411155701
10986320000000,60.9178657532
10987380000000,64.9768295288
10988400000000,69.4753570557
10989400000000,75.2214889526
10990400000000,80.5228271484
10991390000000,85.2785873413
10992380000000,90.0953598022
10993350000000,95.0220031738
10994290000000,99.689414978
10995220000000,104.158355713
10996160000000,108.404335022
10997110000000,112.471809387
10998050000000,117.698410034
10999000000000,95.5104064941
10999940000000,54.9901008606
11000880000000,87.980430603
11001860000000,128.30039978
11002760000000,121.288894653
11003690000000,124.612579346
11004620000000,127.434066772
11005570000000,130.451675415
11006490000000,140.677246094
11007440000000,144.763046265
11008390000000,145.728546143
11009320000000,145.46270752
11010240000000,145.255279541
11011190000000,147.121429443
11012120000000,148.686828613
11013080000000,156.246307373
