
21059860000000,36.9349861145
21060670000000,37.9153060913
21061450000000,39.3920173645
21062170000000,41.0403060913
21062910000000,42.6346893311
21063650000000,44.37940979
21064360000000,46.2151908875
21065070000000,48.1510772705
21065750000000,50.1427268982
21066480000000,52.1448135376
21067200000000,57.3698310852
21067860000000,59.7436294556
21068590000000,62.1883010864
21069270000000,64.9769439697
21069920000000,67.9437637329
21070620000000,70.8049926758
21071290000000,77.4747085571
21071920000000,80.1848068237
21072560000000,83.1539001465
21073240000000,86.1801300049
21073940000000,89.4313812256
21074590000000,92.7069168091
21075240000000,95.741607666
21075920000000,98.7441101074
21076550000000,101.950035095
21077200000000,104.760116577
21077820000000,107.65184021
21078430000000,110.302352905
21079040000000,108.726249695
21079680000000,82.810333252
21080330000000,42.8289451599
21080950000000,43.2570114136
21081610000000,45.1872024536
21082260000000,47.428691864
21082880000000,51.4067115784
21083500000000,57.8268432617
21084110000000,61.1035461426
21084710000000,65.8060913086
21085340000000,68.5535583496
21085940000000,76.9050750732
21086570000000,81.4626541138
21087180000000,84.9666061401
21087780000000,91.6626739502
21088410000000,93.3260421753
21089030000000,97.2283630371
21089630000000,100.138221741
21090230000000,102.773178101
21090850000000,107.945030212
21091460000000,110.664077759
21092060000000,122.75151825
21092720000000,144.183395386
21093340000000,146.221435547
21093950000000,147.139892578
21094580000000,148.212539673
21095190000000,149.233764648
21095800000000,149.92137146
