
21248110000000,34.0851478577
21248860000000,34.6855239868
21249620000000,36.0581054688
21250370000000,37.4632377625
21251110000000,38.9922409058
21251820000000,40.5865325928
21252550000000,42.1821403503
21253280000000,44.0134086609
21254020000000,46.0100746155
21254700000000,48.14320755
21255400000000,50.20753479
21256110000000,52.4796257019
21256800000000,54.8911514282
21257490000000,57.4724311829
21258180000000,60.1236495972
21258890000000,63.0099754333
21259590000000,66.0538406372
21260250000000,70.8588104248
21260910000000,76.7028045654
21261550000000,93.0727539062
21262230000000,94.5531234741
21262910000000,95.0430603027
21263550000000,96.7124481201
21264250000000,99.2354278564
21264910000000,102.880104065
21265550000000,106.348052979
21266200000000,109.884971619
21266820000000,113.138534546
21267450000000,114.914131165
21268060000000,138.219818115
21268710000000,167.246963501
21269330000000,156.42779541
21269940000000,120.109085083
21270570000000,87.3866653442
21271230000000,89.0197753906
21271880000000,92.1249847412
21272560000000,95.2378768921
21273200000000,98.4095611572
21273840000000,103.504058838
21274510000000,106.351165771
21275160000000,109.294334412
21275810000000,112.144599915
21276490000000,116.506660461
21277130000000,121.073287964
21277800000000,127.75629425
21278520000000,134.653549194
21279160000000,136.714401245
21279860000000,140.988067627
21280530000000,143.906814575
21281230000000,146.749755859
21281930000000,149.129684448
21282640000000,151.196426392
21283320000000,153.285980225
21284030000000,154.243804932
