11179930000000,25.972454071
11181110000000,27.5516033173
11182210000000,35.1909790039
11183280000000,38.4116706848
11184380000000,43.8088722229
11185440000000,49.2542228699
11186500000000,53.286819458
11187540000000,56.7479858398
11188600000000,60.4179267883
11189600000000,64.4422988892
11190660000000,68.552192688
11191650000000,73.1358566284
11192640000000,77.6407394409
11193660000000,82.1209335327
11194590000000,87.1025009155
11195580000000,91.8880004883
11196550000000,97.578956604
11197510000000,108.43132782
11198430000000,113.293029785
11199370000000,112.11529541
11200330000000,113.038116455
11201270000000,116.259376526
11202250000000,95.4044113159
11203200000000,48.0184555054
11204160000000,65.0324935913
11205070000000,75.9584884644
11206010000000,78.0978393555
11206950000000,79.5085525513
11207880000000,63.7280044556
11208800000000,77.0987854004
11209730000000,92.7614135742
11210630000000,95.8946228027
11211570000000,98.9412689209
11212510000000,102.609657288
11213490000000,106.656494141
11214390000000,114.021690369
11215350000000,129.832626343
11216290000000,139.6822052
