10768740000000,9.70545482635
10769870000000,9.21813392639
10771010000000,8.44134521484
10772140000000,8.38420200348
10773220000000,6.19413042068
10774310000000,5.60978364944
10775390000000,5.85003423691
10776460000000,6.07422637939
10777500000000,6.31318759918
10778560000000,6.48817682266
10779600000000,6.78297328949
10780610000000,7.07743549347
10781670000000,7.39943504333
10782710000000,5.62660169601
10783750000000,5.01826953888
10784740000000,4.92977333069
10785700000000,4.65868663788
10786680000000,4.36469125748
10787670000000,4.36741542816
10788660000000,4.17429208755
10789610000000,3.97426795959
10790610000000,3.68941497803
10791550000000,1.16064608097
10792500000000,0.24630767107
10793450000000,0.482109367847
10794400000000,0.525908887386
10795310000000,0.579092621803
10796280000000,0.655743539333
10797160000000,0.724607467651
10798090000000,0.821933627129
10798990000000,0.962827384472
10799880000000,1.14409613609
10800770000000,1.42372214794
10801690000000,1.1476688385
10802630000000,2.32165288925
10803520000000,20.2907600403
10804460000000,10.3527460098
10805380000000,9.10963535309
10806300000000,49.2357406616
10807230000000,66.3496246338
10808190000000,76.2342071533
10809090000000,107.165962219
10810020000000,117.464172363
10810920000000,121.092185974
10811810000000,118.430549622
10812770000000,117.792022705
10813680000000,117.375289917
10814640000000,124.241539001
10815570000000,132.855056763
10816530000000,137.295349121
10817480000000,141.664962769
