
11011060000000,3.97416543961
11012100000000,4.00887537003
11013210000000,3.65726184845
11014260000000,11.0650520325
11015270000000,59.3885955811
11016300000000,99.5229949951
11017350000000,100.38507843
11018320000000,102.293823242
11019320000000,100.090988159
11020380000000,71.5447158813
11021440000000,10.9866409302
11022450000000,5.21148014069
11023490000000,9.52972793579
11024480000000,16.1282157898
11025430000000,16.6707992554
11026400000000,18.3824768066
11027380000000,19.0292434692
11028360000000,19.7367401123
11029340000000,21.7453708649
11030290000000,22.865272522
11031210000000,23.7894039154
11032150000000,26.132850647
11033110000000,29.2132930756
11034050000000,32.2700157166
11034940000000,33.565536499
11035880000000,35.4343910217
11036770000000,37.4836502075
11037740000000,39.2624015808
11038690000000,41.4711151123
11039620000000,43.7396240234
11040560000000,49.6960983276
