
21159370000000,61.8497276306
21160160000000,64.2541046143
21160890000000,77.4522171021
21161620000000,108.767082214
21162390000000,115.408065796
21163170000000,122.044189453
21163890000000,127.854888916
21164650000000,132.539093018
21165360000000,136.830001831
21166120000000,146.740356445
21166840000000,149.480056763
21167540000000,151.713607788
21168250000000,153.634399414
21169000000000,155.371780396
21169710000000,156.941940308
21170400000000,158.301727295
21171120000000,159.453292847
21171820000000,160.550186157
21172530000000,161.51335144
21173260000000,162.413543701
21173980000000,163.231216431
21174670000000,149.190612793
21175400000000,135.647476196
21176070000000,133.231033325
21176750000000,134.860778809
21177430000000,134.13873291
21178110000000,135.71913147
21178760000000,137.171264648
21179390000000,138.498779297
21180060000000,139.734161377
21180690000000,140.970703125
21181360000000,142.100097656
21182030000000,143.205093384
21182660000000,144.291473389
21183330000000,145.234237671
21183970000000,146.21546936
21184600000000,147.097763062
21185240000000,147.897384644
21185840000000,148.678970337
21186480000000,149.394729614
21187120000000,150.12348938
21187730000000,150.82484436
21188350000000,150.620742798
21188970000000,148.608505249
21189610000000,150.498275757
21190220000000,151.358505249
21190870000000,151.95362854
21191580000000,152.554977417
