11179930000000,10.8537797928
11181110000000,11.2389831543
11182210000000,5.78230237961
11183280000000,4.82006072998
11184380000000,1.92462134361
11185440000000,0.750436544418
11186500000000,1.77363836765
11187540000000,1.84688925743
11188600000000,1.9155497551
11189600000000,1.96455419064
11190660000000,2.0612039566
11191650000000,2.14410257339
11192640000000,2.29966878891
11193660000000,2.25358963013
11194590000000,2.51443839073
11195580000000,3.06495332718
11196550000000,4.1398229599
11197510000000,10.7864923477
11198430000000,12.2875480652
11199370000000,7.65317392349
11200330000000,5.19191360474
11201270000000,5.84049987793
11202250000000,16.5970344543
11203200000000,67.3295516968
11204160000000,56.3828811646
11205070000000,52.2837600708
11206010000000,57.2603378296
11206950000000,63.7772827148
11207880000000,86.7774887085
11208800000000,80.7695922852
11209730000000,72.5368118286
11210630000000,78.114906311
11211570000000,83.2813415527
11212510000000,88.3668060303
11213490000000,93.0378189087
11214390000000,94.2679214478
11215350000000,85.2780914307
11216290000000,82.7784347534
