11179930000000,63.7590141296
11181110000000,74.3011779785
11182210000000,79.8871765137
11183280000000,89.6193389893
11184380000000,97.4721450806
11185440000000,105.030151367
11186500000000,113.339752197
11187540000000,121.758178711
11188600000000,128.761886597
11189600000000,134.768707275
11190660000000,139.443008423
11191650000000,143.600616455
11192640000000,146.763671875
11193660000000,149.67364502
11194590000000,151.935958862
11195580000000,153.405914307
11196550000000,154.382476807
11197510000000,149.508224487
11198430000000,150.471542358
11199370000000,157.046157837
11200330000000,161.095901489
11201270000000,161.817657471
11202250000000,175.67364502
11203200000000,126.546691895
11204160000000,142.593261719
11205070000000,151.329193115
11206010000000,150.673583984
11206950000000,149.00730896
11207880000000,130.378875732
11208800000000,141.457397461
11209730000000,154.303756714
11210630000000,154.002120972
11211570000000,153.885803223
11212510000000,154.262451172
11213490000000,155.084182739
11214390000000,159.317062378
11215350000000,172.598388672
11216290000000,179.837539673
