11345440000000,6.97347688675
11346580000000,6.75623321533
11347720000000,9.04239368439
11348890000000,34.0189819336
11349990000000,58.1326713562
11351100000000,72.822227478
11352210000000,75.6792221069
11353300000000,79.1634140015
11354390000000,23.9137992859
11355500000000,10.4003667831
11356590000000,26.7088165283
11357610000000,34.4362030029
11358650000000,42.4692153931
11359730000000,53.3007698059
11360800000000,53.591178894
11361870000000,54.8500976562
11362940000000,57.2115402222
11363990000000,60.8695831299
11365010000000,62.7693138123
11366050000000,64.6875228882
11367080000000,66.7119522095
11368120000000,68.7484207153
11369140000000,70.9217605591
11370190000000,73.0954742432
11371210000000,75.0701828003
11372260000000,77.3137893677
11373280000000,79.6560821533
