
21320870000000,4.63702821732
21321620000000,0.584106504917
21322360000000,0.620372831821
21323100000000,0.653668820858
21323810000000,8.87479114532
21324540000000,48.6169204712
21325290000000,76.5859298706
21326010000000,73.9838256836
21326770000000,71.7215042114
21327500000000,65.6178512573
21328270000000,61.9135780334
21328980000000,64.0116729736
21329730000000,66.042427063
21330460000000,66.8137512207
21331220000000,65.3585128784
21331920000000,67.7052764893
21332690000000,69.9184112549
21333420000000,72.3361358643
21334110000000,74.6642456055
21334810000000,73.6236572266
21335570000000,77.4941482544
21336310000000,78.6113586426
21337020000000,74.6098632812
21337760000000,65.9232254028
21338490000000,75.2645950317
21343710000000,80.1996383667
21344430000000,85.7058410645
21345160000000,88.3727035522
21345860000000,91.0449905396
21346560000000,93.6761245728
21347250000000,96.2192306519
21347970000000,98.6702041626
21348680000000,101.222419739
21349390000000,103.735954285
21350120000000,106.131256104
21350840000000,108.601356506
21351560000000,110.941009521
21352270000000,113.20753479
21352970000000,115.280296326
21353670000000,117.334739685
21354360000000,119.343086243
21355090000000,121.275367737
21355790000000,123.163574219
21356490000000,124.904808044
21357210000000,103.293304443
21357900000000,105.201530457
21358630000000,109.200195312
