11425010000000,7.90730476379
11426180000000,3.82000946999
11427250000000,15.1463327408
11428340000000,20.8876304626
11429430000000,49.5675964355
11430530000000,69.4441070557
11431620000000,89.4990234375
11432750000000,89.9700012207
11433790000000,62.1751937866
11434860000000,16.1867961884
11435910000000,4.31995773315
11436950000000,4.62376880646
11437960000000,4.8920249939
11439020000000,4.2770819664
11440000000000,3.91200947762
11441030000000,4.17006492615
11442000000000,4.47249603271
11443000000000,4.78317689896
11444070000000,5.18474578857
11445050000000,5.70537042618
11446060000000,6.24436855316
11447010000000,6.97936344147
11447960000000,7.82545661926
11448940000000,8.95293521881
11449860000000,10.4440364838
11450840000000,12.4134998322
11451780000000,15.4882488251
11452730000000,20.2282829285
