10880940000000,25.6983585358
10882040000000,21.6057758331
10883170000000,24.0028629303
10884300000000,35.8337898254
10885400000000,38.7481231689
10886530000000,43.1280250549
10887600000000,51.0793914795
10888640000000,56.8865356445
10889660000000,61.942615509
10890670000000,66.9373321533
10891720000000,68.6637115479
10892710000000,73.2107162476
10893720000000,77.7215270996
10894710000000,82.4150009155
10895690000000,87.1213607788
10896670000000,91.8585968018
10897650000000,96.5659255981
10898590000000,101.198158264
10899570000000,105.511962891
10900480000000,110.010383606
10901410000000,116.35899353
10902360000000,119.697067261
10903320000000,124.946472168
10904270000000,127.015556335
10905190000000,143.086044312
10906120000000,115.7445755
10907050000000,54.2743148804
10907990000000,18.7161636353
10908960000000,4.02333211899
10909920000000,3.82015061378
10910870000000,7.28161430359
10911800000000,8.18223667145
10912730000000,6.08765649796
10913690000000,5.22783136368
10914640000000,5.83775663376
10915630000000,6.15732908249
10916580000000,6.69598388672
10917550000000,6.55989980698
10918510000000,7.35440969467
10919480000000,9.02576828003
