
21248110000000,60.8158874512
21248860000000,65.3843078613
21249620000000,72.412940979
21250370000000,80.0814285278
21251110000000,87.8212051392
21251820000000,95.5986251831
21252550000000,102.822441101
21253280000000,110.08026123
21254020000000,116.704711914
21254700000000,122.64680481
21255400000000,127.520019531
21256110000000,131.93548584
21256800000000,135.83380127
21257490000000,139.23866272
21258180000000,142.156677246
21258890000000,144.808044434
21259580000000,147.162765503
21260250000000,147.264968872
21260910000000,146.106658936
21261550000000,134.056503296
21262230000000,137.688919067
21262910000000,142.77154541
21263550000000,146.053787231
21264240000000,148.003295898
21264910000000,149.153030396
21265550000000,149.942779541
21266200000000,150.423934937
21266820000000,151.13885498
21267450000000,151.637771606
21268060000000,126.741378784
21268710000000,96.7168426514
21269330000000,60.11170578
21269940000000,23.5435142517
21270570000000,8.34530353546
21271230000000,9.04327774048
21271880000000,9.45519924164
21272560000000,9.87545776367
21273200000000,10.35795784
21273840000000,8.69726753235
21274510000000,9.25008201599
21275160000000,9.77898406982
21275810000000,10.3588943481
21276490000000,9.14110374451
21277130000000,7.67553853989
21277800000000,3.47266483307
21278520000000,0.991327047348
21279160000000,1.12529838085
21279860000000,4.03630971909
21280530000000,6.03705883026
21281230000000,8.39608383179
21281930000000,10.7005748749
21282640000000,13.2336425781
21283320000000,16.7306423187
21284030000000,20.395608902
