11345440000000,7.3934211731
11346580000000,7.20416545868
11347720000000,8.55118465424
11348890000000,33.8768157959
11349990000000,58.5828018188
11351100000000,74.1457977295
11352210000000,78.0643157959
11353300000000,82.4520797729
11354390000000,27.5129966736
11355500000000,6.78449201584
11356590000000,23.1218185425
11357610000000,31.2660522461
11358650000000,39.9168243408
11359730000000,51.6298484802
11360800000000,53.0719795227
11361870000000,55.626083374
11362940000000,59.3957824707
11363990000000,64.7159042358
11365010000000,68.3564453125
11366050000000,72.101776123
11367080000000,76.0940628052
11368120000000,80.1364135742
11369140000000,84.4415512085
11370190000000,88.6741409302
11371210000000,92.7110290527
11372260000000,96.9028091431
11373280000000,101.1067276
