
13640250000000,-2.24070882797
13640970000000,-2.48091316223
13641750000000,-2.70936775208
13642500000000,-2.97842359543
13643220000000,-3.26054763794
13643970000000,-3.55548644066
13644670000000,-4.48633813858
13645350000000,-5.1515994072
13646040000000,-6.36865901947
13646750000000,-8.4819316864
13647480000000,-10.7663631439
13648150000000,-13.6214761734
13648800000000,-16.390619278
13649450000000,-19.4683704376
13650110000000,-22.7801704407
13650750000000,-26.5488948822
13651400000000,-30.4047431946
13652040000000,-34.6381568909
13652640000000,-39.376285553
13653300000000,-43.9504852295
13653910000000,-49.3763275146
13654570000000,-54.9944190979
13655200000000,-61.420124054
13655830000000,-67.6677627563
13656480000000,-73.9498062134
13657110000000,-80.6658859253
13657790000000,-86.8017883301
13658440000000,-93.0358963013
13659050000000,-98.6431655884
13659700000000,-103.206382751
13660310000000,-107.240196228
13660940000000,-110.200645447
13661550000000,-112.723670959
