
19730700000000,-21.0308418274
19731250000000,-3.50176286697
19731780000000,4.47633886337
19732310000000,4.27542161942
19732840000000,4.06309604645
19733380000000,23.442150116
19733900000000,24.3852615356
19734410000000,24.2642707825
19734920000000,24.1805725098
19735440000000,24.0888195038
19735940000000,23.9930534363
19736440000000,23.8959655762
19736920000000,23.7944412231
19737420000000,23.6914520264
19737890000000,23.5796775818
19738350000000,23.4714164734
19738840000000,23.3579998016
19739310000000,23.195268631
19739810000000,23.0219974518
19740280000000,22.8058376312
19740750000000,22.586856842
19741200000000,22.3361206055
19741660000000,22.0300312042
19742170000000,21.7161064148
19742620000000,21.4437847137
19743090000000,21.148021698
19743530000000,21.0723552704
19743960000000,14.9445228577
19744410000000,-11.5286922455
19744860000000,22.3143024445
19745300000000,23.9381065369
19745730000000,24.8140716553
19746170000000,25.8239059448
19746580000000,26.4547176361
19747010000000,30.7190074921
19747430000000,30.7372283936
19747870000000,-21.9404163361
19748320000000,-24.7038021088
19748750000000,-18.0327396393
19749220000000,-16.1634407043
19749650000000,-8.87633609772
19750080000000,-8.46293258667
19750510000000,10.3245506287
19750970000000,23.8955516815
19751400000000,25.5663280487
19751880000000,25.8506565094
19752320000000,25.3245830536
19752770000000,24.7802028656
19753200000000,31.370464325
19753660000000,40.9268951416
19754120000000,41.3138084412
19754550000000,41.3767852783
19754990000000,41.7910957336
19755410000000,42.1866340637
19755820000000,42.3580245972
