
19642170000000,-18.72702
19642710000000,-18.7270298
19643270000000,-18.7270298004
19643800000000,-19.2583522797
19644320000000,-19.7927722931
19644870000000,-20.3297863007
19645390000000,-20.9121494293
19645880000000,-21.4978466034
19646390000000,-22.0864105225
19646890000000,-22.7007427216
19647430000000,-23.3427791595
19647920000000,-24.0687789917
19648410000000,-24.7739124298
19648890000000,-25.4822216034
19649340000000,-26.2225513458
19649800000000,-26.9613647461
19650260000000,-27.7316322327
19650720000000,-28.5208244324
19651200000000,-29.4443225861
19651650000000,-30.6163959503
19652100000000,-31.5358543396
19652550000000,-30.9504776001
19653020000000,-30.4111022949
19653450000000,-31.7193870544
19653890000000,-33.1684265137
19654320000000,-34.6702003479
19654760000000,-36.1582641602
19655210000000,-37.5559921265
19655680000000,-38.9520225525
19656120000000,-40.278301239
19656590000000,-41.6371040344
19657040000000,-42.7163085938
19657480000000,-44.0535621643
19657930000000,-45.1749191284
19658360000000,-46.5311012268
19658810000000,-47.8916091919
19659250000000,-49.3454627991
19659710000000,-50.7494087219
19660130000000,-52.2114944458
19660570000000,-53.5108528137
19661000000000,-54.5332069397
19661480000000,55.8235282898
19661920000000,56.9310913086
19662390000000,58.1914901733
19662830000000,59.5486526489
19663260000000,60.8859672546
19663690000000,62.2619895935
19664110000000,63.6106758118
19664570000000,65.0204849243
19665020000000,-66.5957260132
19665470000000,-67.6975784302
19665920000000,-68.8746109009
19666360000000,-70.5978851318
19666800000000,-72.2357711792
19667280000000,-73.8383483887
19667700000000,-75.568939209
19668120000000,-77.0579528809
19668560000000,-78.4670410156
19669020000000,-80.0495147705
19669460000000,-81.3032226562
19669880000000,-82.6038131714
19670320000000,-83.8415527344
19670730000000,-85.1032943726
19671170000000,-86.2298583984
