12176040000000,-15.3585882
12176830000000,-15.3585882187
12177610000000,-15.3584394455
12178400000000,-14.4291067123
12179150000000,-7.23836755753
12179910000000,8.25387001038
12180640000000,23.3690433502
12181390000000,23.2776908875
12182180000000,23.226360321
12182880000000,23.177192688
12183580000000,22.6520576477
12184280000000,22.342792511
12184990000000,22.5362758636
12185670000000,22.5161514282
12186350000000,22.4948043823
12187030000000,22.588727951
12187690000000,22.5104598999
12188350000000,22.5635681152
12189050000000,22.6352462769
12189680000000,21.6017074585
12190320000000,21.0315322876
12190950000000,13.0887374878
12191590000000,6.78861904144
12192250000000,5.76260852814
12192880000000,2.35602045059
12193550000000,-5.68143224716
12194200000000,-9.20035457611
12194830000000,-10.4707012177
12195490000000,-12.5238323212
12196140000000,-9.90616607666
12196770000000,12.7941856384
12197420000000,28.0692958832
12198050000000,26.7084770203
12198690000000,32.2220420837
12199340000000,36.5247421265
12199980000000,39.1090927124
12200610000000,40.8634796143
12201240000000,37.0552062988
