
19468240000000,-8.1434173584
19468800000000,-3.73728179932
19469430000000,-4.08137655258
19470010000000,-4.36888551712
19470560000000,-4.67081308365
19471110000000,-4.95908927917
19471660000000,-5.25413560867
19472180000000,-5.6006731987
19472710000000,-5.92538022995
19473220000000,-6.26736879349
19473710000000,-6.63970851898
19474300000000,-6.9852104187
19474780000000,-7.47121047974
19475300000000,-7.86872768402
19475820000000,-8.27823257446
19476310000000,-8.69649600983
19476810000000,-9.15792751312
19477270000000,-9.59724712372
19477730000000,-10.0410337448
19478200000000,24.4843883514
19478660000000,27.8210525513
19479140000000,27.2222194672
19479590000000,26.6806144714
19480060000000,26.1585273743
19480510000000,25.5594329834
19480950000000,24.9733562469
19481400000000,24.3522052765
19481840000000,23.7307929993
19482300000000,23.3283958435
19482750000000,22.7347412109
19483190000000,22.3732376099
19483630000000,22.0440654755
19484090000000,14.9250402451
19484540000000,4.45595169067
19484990000000,4.48971748352
19485420000000,2.29722619057
19485880000000,-7.96130132675
19486320000000,-8.90414714813
19486770000000,-9.6910905838
19487210000000,-10.6325340271
19487640000000,-11.6007289886
19488070000000,-12.4518547058
19488510000000,-14.0280447006
19488940000000,-16.0729846954
19489400000000,-17.5697078705
19489840000000,-17.785276413
19490300000000,-15.0788211823
19490720000000,-9.85061359406
19491170000000,-4.13652944565
19491620000000,0.308650910854
19492070000000,21.1480922699
19492490000000,34.0851249695
19492920000000,33.990978241
19493370000000,33.9972190857
19493810000000,33.9149742126
19494250000000,33.847530365
19494710000000,33.7790336609
19495150000000,33.6442832947
19495580000000,33.4897117615
19496060000000,33.1918067932
