
11944220000000,-22.1563968658
11945000000000,-22.1563453674
11945810000000,-22.1562919617
11946560000000,-22.0209922791
11947330000000,-12.7813568115
11948050000000,10.2228984833
11948770000000,24.5381717682
11949500000000,24.5044727325
11950220000000,24.4927539825
11950900000000,24.4775104523
11951590000000,24.4683189392
11952270000000,24.4590625763
11952940000000,24.4459228516
11953590000000,24.3182258606
11954260000000,23.9193439484
11954930000000,24.1317634583
11955590000000,23.9194145203
11956270000000,21.6528759003
11956940000000,21.840259552
11957580000000,21.7506465912
11958230000000,21.6022033691
11958860000000,15.2818851471
11959530000000,-2.2203502655
11960170000000,-8.10159683228
11960800000000,-9.1908864975
11961450000000,-10.5694761276
11962110000000,-12.3314428329
11962760000000,-5.9000544548
11963390000000,3.52499055862
11964060000000,20.3881149292
11964700000000,17.7492218018
11965350000000,20.8146591187
11965990000000,19.4692573547
11966670000000,21.2631225586
11967270000000,39.4672584534
11967950000000,39.9065132141
11968550000000,34.7236366272
11969210000000,38.3024024963
