
11021470000000,-17.9581604004
11022260000000,-17.1474304199
11023010000000,24.7651901245
11023770000000,24.8164367676
11024500000000,24.5377578735
11025250000000,17.2004890442
11025950000000,24.7859745026
11026640000000,24.5830192566
11027350000000,24.759141922
11028020000000,24.681350708
11028690000000,24.6582508087
11029330000000,24.7827091217
11029980000000,24.7800426483
11030650000000,24.775472641
11031300000000,24.7725563049
11031980000000,24.7687988281
11032630000000,24.7590351105
11033240000000,24.7554111481
11033860000000,24.7498397827
11034530000000,24.7452850342
11035180000000,8.43236160278
11035820000000,0.935076773167
11036470000000,0.145287722349
11037120000000,-0.719711363316
11037750000000,-1.88143515587
11038380000000,14.7630281448
11039020000000,29.6341247559
11039680000000,-2.35176062584
11040320000000,-13.2912092209
11040990000000,25.0104694366
11041630000000,25.9730434418
11042260000000,25.3181743622
11042890000000,24.7818813324
11043500000000,30.569814682
