
13701360000000,21.8370952606
13702130000000,28.8733940125
13702940000000,-18.7334690094
13703660000000,-19.550567627
13704380000000,-18.2379379272
13705140000000,-4.31041908264
13705840000000,25.4915714264
13706530000000,23.9282512665
13707270000000,23.9282569885
13708020000000,23.9120864868
13708700000000,23.8885402679
13709380000000,23.7551574707
13710050000000,23.7264480591
13710720000000,23.6277961731
13711370000000,23.5768299103
13712050000000,25.929019928
13712690000000,25.9205112457
13713340000000,25.8849544525
13713970000000,25.7606277466
13714610000000,25.6217441559
13715230000000,25.4428100586
13715870000000,18.7412433624
13716550000000,13.6130361557
13717180000000,12.8989391327
13717830000000,9.00901317596
13718460000000,10.2582321167
13719110000000,7.19482755661
13719740000000,6.83215856552
13720400000000,5.58292388916
13721050000000,3.97124218941
13721680000000,4.31706094742
13722290000000,13.7051649094
13722930000000,24.1236114502
13723560000000,29.1124420166
13724190000000,38.5463218689
