
12052400000000,22.3287563324
12053190000000,22.3282413483
12053990000000,22.3282089233
12054760000000,-22.5020618439
12055520000000,-23.2851085663
12056310000000,-24.1218128204
12057090000000,-25.0154647827
12057820000000,-26.1927433014
12058570000000,-27.8035373688
12059250000000,-29.5016269684
12059930000000,-31.1293392181
12060660000000,-32.8210144043
12061350000000,-34.7560920715
12062000000000,-36.5962600708
12062690000000,-38.3995475769
12063400000000,-40.3769607544
12064050000000,-42.4658203125
12064710000000,-44.428352356
12065350000000,-46.2412376404
12066000000000,-48.2796669006
12066650000000,-50.4613494873
12067290000000,-52.637008667
12067980000000,-54.8718757629
12068590000000,-57.3616523743
12069210000000,-59.4687423706
12069830000000,-61.854095459
12070480000000,-64.0834197998
12071100000000,-66.6818466187
12071750000000,-68.9817428589
12072420000000,-71.5455703735
12073050000000,-74.155418396
12073710000000,-76.7124786377
12074380000000,-78.6516265869
12074990000000,-80.9990768433
12075620000000,-83.0500793457
12076280000000,-85.1453399658
12076910000000,-86.3901062012
12077540000000,-86.498374939
