
10877280000000,2.0761950016
10878050000000,-1.18000495434
10878830000000,-2.23555707932
10879580000000,-3.29934811592
10880310000000,-4.43208789825
10881080000000,-5.57213830948
10881820000000,-7.0069694519
10882520000000,-8.4325170517
10883240000000,-10.0068683624
10883920000000,-11.7488336563
10884600000000,-13.5711975098
10885250000000,-15.581785202
10885940000000,-17.6805686951
10886610000000,-20.230632782
10887250000000,-22.8285102844
10887930000000,-25.8068962097
10888560000000,-29.2302646637
10889200000000,-32.8163032532
10889810000000,-36.5207939148
10890460000000,-40.1545677185
10891080000000,-44.8150291443
10891720000000,-49.8036231995
10892400000000,-55.121421814
10893010000000,-61.222618103
10893630000000,-67.0642318726
10894260000000,-73.3402099609
10894900000000,-79.9529800415
10895540000000,-86.9101104736
10896140000000,-93.1214828491
10896800000000,-98.179977417
10897420000000,-102.752113342
10898060000000,-106.46988678
10898690000000,-109.350669861
