
10877280000000,20.9709701538
10878050000000,-21.8565502167
10878830000000,-23.2007904053
10879580000000,-24.5721130371
10880310000000,-25.9749221802
10881080000000,-27.3288249969
10881820000000,-28.9545936584
10882520000000,-30.490070343
10883240000000,-32.0981521606
10883920000000,-33.7806816101
10884600000000,-35.3905525208
10885250000000,-37.1654853821
10885940000000,-38.856842041
10886610000000,-40.7780914307
10887250000000,-42.6024742126
10887930000000,-44.5497627258
10888560000000,-46.6252670288
10889200000000,-48.6414413452
10889810000000,-50.6005058289
10890460000000,-52.4211502075
10891080000000,-54.6072311401
10891720000000,-56.8023376465
10892400000000,-58.9964904785
10893010000000,-61.3683929443
10893630000000,-63.5418891907
10894260000000,-65.8197860718
10894900000000,-68.2063980103
10895540000000,-70.7827301025
10896140000000,-73.1852340698
10896800000000,-75.5149078369
10897420000000,-77.9046401978
10898060000000,-80.1715240479
10898690000000,-82.2497024536
