
11090980000000,0.295916944742
11091750000000,0.134736314416
11092530000000,-0.0302662029862
11093270000000,-1.27343142033
11094010000000,-2.27927184105
11094780000000,-3.53697037697
11095510000000,-5.00817012787
11096210000000,-6.51085042953
11096890000000,-8.12578010559
11097560000000,-9.80524253845
11098230000000,-11.7169857025
11098910000000,-13.8437309265
11099600000000,-16.2123889923
11100240000000,-18.8589000702
11100890000000,-21.728105545
11101550000000,-24.8209152222
11102220000000,-28.266292572
11102840000000,-32.4717407227
11103480000000,-36.6027526855
11104150000000,-41.0841903687
11104780000000,-46.1058769226
11105420000000,-50.9821357727
11106070000000,-56.5808410645
11106710000000,-62.3517303467
11107350000000,-68.8756790161
11107990000000,-75.5187911987
11108680000000,-82.3887863159
11109320000000,-89.5436782837
11109960000000,-96.1176681519
11110630000000,-101.03036499
11111250000000,-105.089111328
11111890000000,-108.279853821
11112560000000,-110.894020081
