
19571580000000,-6.61906909943
19572150000000,-6.93715953827
19572690000000,-7.27199840546
19573220000000,-7.59820318222
19573750000000,-7.94703626633
19574240000000,-8.2992067337
19574780000000,-8.63953399658
19575280000000,-9.05705451965
19575770000000,-9.4556427002
19576280000000,-9.85918998718
19576760000000,-10.3173847198
19577270000000,-8.6839389801
19577770000000,19.7925758362
19578270000000,25.3209514618
19578730000000,25.2724342346
19579180000000,25.2464962006
19579670000000,25.1967411041
19580140000000,25.1282444
19580590000000,24.9519004822
19581060000000,24.782585144
19581490000000,24.5862541199
19581950000000,24.4042549133
19582410000000,24.1922550201
19582850000000,23.9658508301
19583320000000,23.7343883514
19583770000000,23.4636116028
19584220000000,23.1961021423
19584700000000,22.9716777802
19585140000000,9.73196029663
19585570000000,8.39714431763
19586030000000,7.03823280334
19586480000000,5.73430347443
19586910000000,-2.75190162659
19587340000000,-8.34817504883
19587830000000,-9.16675662994
19588270000000,-10.1536235809
19588700000000,-11.0888824463
19589190000000,-12.2725305557
19589630000000,-13.6601247787
19590080000000,-15.012758255
19590520000000,-16.7628974915
19591000000000,-18.5874595642
19591440000000,-17.3545036316
19591870000000,-15.2100553513
19592340000000,15.2088794708
19592790000000,16.5640792847
19593240000000,18.2620983124
19593680000000,18.902217865
19594120000000,35.3233413696
19594550000000,38.6079368591
19594990000000,38.0478897095
19595450000000,36.8809700012
19595910000000,35.0217475891
