
19571580000000,-21.8926086426
19572150000000,-22.5356025696
19572690000000,-23.2052211761
19573220000000,-23.8829135895
19573750000000,-24.5914955139
19574240000000,-25.3025798798
19574780000000,-26.012424469
19575280000000,-26.8115577698
19575770000000,-27.5827445984
19576280000000,-28.3526706696
19576760000000,-29.2206668854
19577260000000,-30.0402755737
19577770000000,-30.4915599823
19578270000000,-31.4053783417
19578730000000,-32.6936454773
19579180000000,-33.8733558655
19579670000000,-35.0195083618
19580140000000,-36.3102111816
19580590000000,-37.6873283386
19581060000000,-38.9772911072
19581490000000,-40.409198761
19581950000000,-41.6806755066
19582410000000,-43.0941467285
19582850000000,-44.5295982361
19583320000000,-45.9201278687
19583770000000,-47.4552459717
19584220000000,-48.8788452148
19584700000000,-50.2239837646
19585140000000,-51.3370170593
19585570000000,-52.6180305481
19586030000000,-53.8594589233
19586480000000,-55.3483390808
19586910000000,-56.7486343384
19587340000000,-58.0283546448
19587830000000,-59.4773368835
19588270000000,-61.093711853
19588700000000,-62.5315093994
19589190000000,-64.1417770386
19589630000000,-65.8530578613
19590080000000,-67.3752975464
19590520000000,-69.1407165527
19591000000000,-70.7797164917
19591440000000,-72.5308303833
19591870000000,-73.9503555298
19592340000000,-74.8054885864
19592790000000,-76.3245849609
19593240000000,-77.8077545166
19593680000000,-79.256362915
19594120000000,-80.5651779175
19594550000000,-81.9026031494
19594990000000,-83.1269073486
19595450000000,-84.3860473633
19595910000000,-85.6469345093
