
13640250000000,-15.5968055725
13640970000000,-16.649017334
13641750000000,-17.0598087311
13642500000000,-17.7493305206
13643220000000,-18.4860038757
13643970000000,-14.7033615112
13644670000000,-2.64095520973
13645350000000,12.8011894226
13646040000000,25.6066303253
13646750000000,25.5171298981
13647480000000,25.4231891632
13648150000000,25.3088417053
13648800000000,25.1994895935
13649450000000,25.0806865692
13650110000000,24.9516773224
13650750000000,24.893196106
13651400000000,21.3895874023
13652040000000,21.3442649841
13652640000000,14.4099559784
13653300000000,13.0426988602
13653910000000,11.6706628799
13654570000000,11.3052606583
13655200000000,10.0320968628
13655830000000,4.54282474518
13656480000000,4.10912370682
13657110000000,2.77454328537
13657790000000,1.22516751289
13658440000000,3.41521549225
13659050000000,5.82961606979
13659700000000,16.6828670502
13660310000000,24.3952617645
13660940000000,29.1136341095
13661550000000,28.1132049561
