
10946270000000,-21.0762844086
10947090000000,-21.9845657349
10947870000000,-23.1264839172
10948580000000,-24.431892395
10949330000000,-25.7089138031
10950030000000,-27.4617595673
10950730000000,-29.1202793121
10951420000000,-30.8018627167
10952090000000,-32.567035675
10952740000000,-34.2803688049
10953420000000,-36.0774116516
10954100000000,-37.9930343628
10954740000000,-39.9638595581
10955430000000,-41.9152374268
10956080000000,-44.0327148438
10956680000000,-46.1626548767
10957320000000,-48.1676902771
10957960000000,-50.330493927
10958620000000,-52.6270675659
10959230000000,-54.9001350403
10959910000000,-57.0205764771
10960540000000,-59.504611969
10961210000000,-61.8557739258
10961810000000,-64.2612304688
10962430000000,-66.6170806885
10963090000000,-68.9710998535
10963730000000,-71.4088058472
10964370000000,-73.9136428833
10965030000000,-76.150642395
10965680000000,-78.1177749634
10966290000000,-80.2798080444
10966950000000,-82.2557067871
