
10946270000000,-14.5946807861
10947090000000,0.260482311249
10947870000000,5.57374429703
10948580000000,5.1923699379
10949330000000,4.9025888443
10950030000000,22.269865036
10950730000000,22.9515457153
10951420000000,23.0032730103
10952090000000,22.7873287201
10952740000000,22.7852516174
10953420000000,22.5848178864
10954100000000,22.643289566
10954740000000,22.7945785522
10955430000000,22.6782894135
10956080000000,22.8418960571
10956680000000,22.5829658508
10957320000000,22.3838272095
10957960000000,22.4486274719
10958620000000,10.5702819824
10959230000000,10.6438903809
10959920000000,10.2113857269
10960540000000,9.73247528076
10961210000000,8.9981546402
10961810000000,8.19913578033
10962430000000,7.4652261734
10963090000000,6.27606344223
10963730000000,10.0419521332
10964370000000,10.0896921158
10965030000000,12.4446344376
10965680000000,23.4319820404
10966290000000,33.3254890442
10966950000000,33.0488624573
