
11151960000000,-20.0883808136
11152740000000,-20.1300239563
11153540000000,-17.1192474365
11154300000000,19.7649803162
11155050000000,19.473531723
11155770000000,19.4274864197
11156460000000,19.3608856201
11157180000000,19.2995071411
11157860000000,19.213602066
11158560000000,19.1385421753
11159270000000,19.011505127
11159970000000,18.9419708252
11160620000000,18.8393173218
11161290000000,18.7468128204
11161940000000,18.6506214142
11162610000000,18.5315608978
11163240000000,18.3958206177
11163890000000,18.2756652832
11164540000000,18.0930690765
11165170000000,17.9532699585
11165820000000,17.7523822784
11166470000000,17.4871692657
11167170000000,16.2876300812
11167830000000,5.09978199005
11168460000000,4.48741817474
11169110000000,3.63387155533
11169730000000,2.4703412056
11170340000000,1.16681420803
11170970000000,-0.398610949516
11171640000000,-1.40595972538
11172270000000,11.3788166046
11172900000000,17.8934516907
11173560000000,18.6431713104
11174180000000,40.6697425842
