11803570000000,-17.91628
11804350000000,-17.9162864685
11805110000000,-17.9544830322
11805880000000,-17.9452266693
11806670000000,4.14803791046
11807450000000,0.626849532127
11808210000000,10.0232648849
11808930000000,21.0831775665
11809620000000,23.6740474701
11810340000000,23.5817642212
11811030000000,23.350435257
11811760000000,23.1226215363
11812450000000,22.9915447235
11813110000000,22.8807067871
11813790000000,22.7687454224
11814470000000,22.513633728
11815140000000,22.6866226196
11815800000000,22.7031059265
11816440000000,22.6689567566
11817080000000,22.6855354309
11817730000000,19.571762085
11818360000000,15.8530282974
11819030000000,-1.86043787003
11819670000000,-9.61892795563
11820310000000,-10.7835464478
11820960000000,-12.3219051361
11821660000000,-13.853966713
11822300000000,-16.001493454
11822940000000,-3.6300599575
11823590000000,18.0020084381
11824220000000,26.6109638214
11824900000000,37.2694511414
11825570000000,36.842414856
11826220000000,36.22290802
11826850000000,35.3444252014
11827510000000,34.0827903748
11828130000000,19.9225215912
11828780000000,17.6889743805
11829440000000,16.5501689911
