12176040000000,-0.1715662628
12176830000000,-0.171566262841
12177610000000,-0.171613812447
12178400000000,-0.191452935338
12179150000000,-0.437597930431
12179910000000,-0.974661529064
12180640000000,-1.70754134655
12181390000000,-3.10058403015
12182180000000,-4.56586456299
12182880000000,-6.33419466019
12183580000000,-7.96910667419
12184280000000,-9.81244277954
12184990000000,-11.8036661148
12185670000000,-14.0129556656
12186350000000,-16.4059429169
12187030000000,-19.0725364685
12187690000000,-22.0433120728
12188350000000,-25.2772884369
12189050000000,-28.8523044586
12189680000000,-33.0466537476
12190320000000,-37.2777709961
12190950000000,-41.758480072
12191590000000,-46.2427253723
12192250000000,-51.0984077454
12192880000000,-56.8913230896
12193550000000,-62.4149246216
12194200000000,-68.7735137939
12194830000000,-75.5287322998
12195490000000,-81.9215240479
12196140000000,-88.6197509766
12196760000000,-95.0369110107
12197420000000,-100.13809967
12198050000000,-104.198806763
12198690000000,-107.358428955
12199340000000,-109.858802795
12199980000000,-112.150756836
12200610000000,-114.025550842
12201240000000,-114.180786133
