
11151960000000,-0.212198376656
11152740000000,-0.220735609531
11153540000000,-0.249504566193
11154300000000,-0.472024083138
11155050000000,-1.51239061356
11155770000000,-2.62675595284
11156460000000,-3.81225848198
11157180000000,-5.07596302032
11157860000000,-6.46298789978
11158560000000,-7.94681358337
11159270000000,-9.68438911438
11159970000000,-11.5611009598
11160620000000,-13.6522274017
11161290000000,-15.8483409882
11161940000000,-18.2943077087
11162610000000,-20.9366779327
11163240000000,-24.0749340057
11163890000000,-27.3760795593
11164540000000,-30.9326782227
11165170000000,-35.14037323
11165820000000,-39.6556549072
11166470000000,-44.7687416077
11167170000000,-50.057975769
11167830000000,-56.1021614075
11168460000000,-62.1427230835
11169110000000,-68.3890304565
11169730000000,-74.8177871704
11170340000000,-81.0070114136
11170970000000,-87.0816192627
11171640000000,-92.8145294189
11172270000000,-98.4623565674
11172900000000,-102.577926636
11173560000000,-106.56338501
11174180000000,-110.07862854
