
11944220000000,0.0915048569441
11945000000000,0.0915104970336
11945810000000,0.0915162488818
11946560000000,0.333771497011
11947330000000,0.440554887056
11948050000000,0.283202528954
11948770000000,-0.496860027313
11949500000000,-1.77971160412
11950220000000,-3.23821759224
11950900000000,-4.80580663681
11951590000000,-6.41076564789
11952270000000,-8.20931053162
11952940000000,-10.1985454559
11953590000000,-12.3581542969
11954260000000,-14.6555109024
11954930000000,-17.3386516571
11955590000000,-20.2169055939
11956260000000,-23.4839744568
11956940000000,-27.0977859497
11957580000000,-31.1882743835
11958230000000,-35.4748725891
11958860000000,-39.9196128845
11959530000000,-44.6229324341
11960170000000,-49.6812438965
11960800000000,-55.2294311523
11961450000000,-61.3343162537
11962110000000,-67.8879394531
11962760000000,-75.1284790039
11963390000000,-81.5754318237
11964060000000,-87.8144302368
11964700000000,-93.4013290405
11965350000000,-98.2751922607
11965990000000,-102.766166687
11966670000000,-106.661193848
11967270000000,-110.222633362
11967950000000,-112.401603699
11968550000000,-114.216629028
11969210000000,-115.546257019
