
13640250000000,-22.6544761658
13640970000000,-23.5383911133
13641750000000,-24.3628978729
13642500000000,-25.3086795807
13643220000000,-26.2637882233
13643970000000,-27.2567195892
13644670000000,-28.8164176941
13645350000000,-29.9985923767
13646040000000,-31.444890976
13646750000000,-33.3551483154
13647480000000,-35.2854652405
13648150000000,-37.5236434937
13648800000000,-39.5319671631
13649450000000,-41.6028747559
13650110000000,-43.6672897339
13650750000000,-45.8714866638
13651400000000,-47.9591331482
13652040000000,-50.1264152527
13652640000000,-52.4118804932
13653300000000,-54.4642105103
13653910000000,-56.7494010925
13654570000000,-58.9888267517
13655200000000,-61.4432525635
13655830000000,-63.7705230713
13656480000000,-66.091835022
13657110000000,-68.6066894531
13657790000000,-70.9863052368
13658440000000,-73.5761184692
13659050000000,-76.0981903076
13659700000000,-78.5193634033
13660310000000,-80.9225692749
13660940000000,-83.0021972656
13661550000000,-85.0268707275
