
13518830000000,5.73930740356
13519620000000,0.535851955414
13520410000000,0.548118233681
13521160000000,0.562477469444
13521900000000,-0.575129926205
13522630000000,-0.817241191864
13523360000000,-2.14087343216
13524080000000,-3.58555912971
13524830000000,-5.23000907898
13525500000000,-7.0604929924
13526180000000,-8.93144702911
13526840000000,-11.0099630356
13527530000000,-13.2551183701
13528210000000,-15.8323287964
13528880000000,-18.7168636322
13529560000000,-21.9533023834
13530240000000,-25.5797519684
13530900000000,-29.5136051178
13531530000000,-34.0266990662
13532180000000,-38.5262489319
13532830000000,-43.393321991
13533460000000,-48.019695282
13534130000000,-53.0215606689
13534770000000,-59.3237037659
13535390000000,-65.744354248
13536010000000,-72.0751113892
13536680000000,-79.3656387329
13537320000000,-86.9661560059
13537930000000,-92.5874023438
13538600000000,-97.7432556152
13539260000000,-102.461349487
13539920000000,-106.243286133
13540600000000,-109.373710632
13541240000000,-112.114227295
