
13455970000000,-19.4103488922
13456730000000,-20.4677200317
13457530000000,-20.457485199
13458290000000,-13.0444936752
13458990000000,21.7754669189
13459750000000,24.3662700653
13460450000000,24.2924880981
13461130000000,24.2443027496
13461880000000,24.2004718781
13462580000000,22.9056892395
13463260000000,22.980890274
13463930000000,23.0205116272
13464620000000,22.9592952728
13465300000000,22.8659763336
13465950000000,22.8319358826
13466630000000,22.8260955811
13467250000000,22.8203792572
13467900000000,22.7376689911
13468550000000,21.1319503784
13469200000000,16.0078983307
13469830000000,15.6325731277
13470430000000,11.3771181107
13471080000000,10.9538211823
13471690000000,7.7671751976
13472360000000,6.72848844528
13472990000000,3.89829182625
13473710000000,2.70214748383
13474340000000,0.965920746326
13474980000000,-1.0134601593
13475620000000,2.06299591064
13476270000000,10.8737974167
13476910000000,37.697719574
13477550000000,38.9524688721
13478220000000,38.3890647888
