
11803570000000,-20.7364120483
11804350000000,-20.7400627136
11805110000000,-20.741815567
11805880000000,-20.7431163788
11806670000000,-21.5448551178
11807450000000,-22.7776985168
11808210000000,-23.8827991486
11808920000000,-25.7569713593
11809620000000,-27.339302063
11810340000000,-29.080915451
11811030000000,-30.8839988708
11811760000000,-32.5651855469
11812450000000,-34.5015068054
11813110000000,-36.3178405762
11813790000000,-38.1481285095
11814470000000,-40.0583381653
11815140000000,-42.0475654602
11815800000000,-44.1114120483
11816440000000,-46.1773796082
11817080000000,-48.2330665588
11817730000000,-50.2744598389
11818360000000,-52.2683753967
11819030000000,-54.4707756042
11819670000000,-56.5708503723
11820310000000,-58.7147331238
11820960000000,-60.9294509888
11821660000000,-63.2036514282
11822300000000,-65.8433837891
11822940000000,-68.2750167847
11823590000000,-70.6953582764
11824220000000,-72.7826843262
11824900000000,-75.1479721069
11825570000000,-77.5002593994
11826220000000,-79.6932220459
11826850000000,-81.7105407715
11827510000000,-83.6948699951
11828130000000,-85.3873901367
11828780000000,-86.8399353027
11829440000000,-87.2350692749
