
12052400000000,23.399433136
12053190000000,23.3828907013
12053990000000,23.3860454559
12054760000000,-20.2267189026
12055520000000,-19.2405071259
12056310000000,-19.8571662903
12057090000000,3.06351137161
12057820000000,22.9371356964
12058570000000,22.8583030701
12059250000000,22.9561347961
12059930000000,23.1336479187
12060660000000,22.9463615417
12061350000000,22.9570484161
12062000000000,22.4854373932
12062690000000,20.1028404236
12063400000000,16.5331802368
12064050000000,16.3444805145
12064710000000,14.9829854965
12065350000000,11.4287872314
12066000000000,10.949344635
12066650000000,10.5418710709
12067290000000,10.0268325806
12067980000000,9.40719127655
12068590000000,8.42176246643
12069210000000,7.54106616974
12069830000000,6.31211948395
12070480000000,5.08396053314
12071100000000,3.569221735
12071750000000,2.86209917068
12072420000000,6.36864948273
12073050000000,29.7893447876
12073710000000,34.1612205505
12074380000000,30.7950687408
12075000000000,23.4563980103
12075620000000,22.4460735321
12076280000000,20.1159324646
12076910000000,30.6978702545
12077540000000,30.5334453583
