
13455970000000,-0.164715692401
13456730000000,-0.214720755816
13457530000000,-0.264308989048
13458290000000,-0.55210006237
13458990000000,-0.748856425285
13459750000000,-1.71123242378
13460450000000,-3.30849409103
13461130000000,-4.8434305191
13461880000000,-6.49927186966
13462580000000,-8.44839286804
13463260000000,-10.3692045212
13463930000000,-12.574877739
13464620000000,-14.8055171967
13465300000000,-17.606842041
13465950000000,-20.4929599762
13466630000000,-23.7048168182
13467250000000,-27.4041175842
13467900000000,-31.1589374542
13468550000000,-35.2483215332
13469200000000,-40.0631103516
13469830000000,-44.9065055847
13470430000000,-49.9872741699
13471080000000,-55.3191680908
13471690000000,-61.4811706543
13472360000000,-67.1429901123
13472990000000,-73.8580856323
13473710000000,-80.0157852173
13474340000000,-87.0118103027
13474980000000,-92.9263534546
13475620000000,-98.4199066162
13476270000000,-103.387588501
13476910000000,-107.406806946
13477550000000,-109.966560364
13478220000000,-112.207832336
