
13455970000000,-20.7471389771
13456730000000,-21.4866752625
13457530000000,-22.2305240631
13458290000000,-23.1123466492
13458990000000,-24.1296920776
13459750000000,-25.441696167
13460450000000,-27.2152290344
13461130000000,-28.8487663269
13461880000000,-30.5244522095
13462580000000,-32.4040908813
13463260000000,-34.1719551086
13463930000000,-36.0724601746
13464620000000,-37.8668060303
13465300000000,-39.9620780945
13465950000000,-41.9590644836
13466630000000,-44.0155067444
13467250000000,-46.201675415
13467900000000,-48.2536849976
13468550000000,-50.3332290649
13469200000000,-52.6084403992
13469830000000,-54.7703094482
13470430000000,-56.9264526367
13471080000000,-59.0783157349
13471690000000,-61.4663314819
13472360000000,-63.6089706421
13472990000000,-66.1263961792
13473710000000,-68.4578781128
13474340000000,-71.1970825195
13474980000000,-73.6439285278
13475620000000,-76.1050491333
13476270000000,-78.5388031006
13476910000000,-80.6924667358
13477550000000,-82.6933670044
13478220000000,-84.6263046265
