
13580900000000,-9.91899204254
13581690000000,-9.00857257843
13582470000000,-11.1147060394
13583230000000,-11.10297966
13583980000000,-11.7145147324
13584730000000,-0.44573956728
13585450000000,4.68489789963
13586130000000,18.906867981
13586860000000,24.9449100494
13587550000000,24.9388790131
13588190000000,24.933008194
13588860000000,24.9269504547
13589540000000,24.919883728
13590160000000,24.9123859406
13590830000000,24.904706955
13591480000000,24.8952770233
13592120000000,24.8840446472
13592750000000,24.8732814789
13593390000000,24.8618164062
13594080000000,21.4344081879
13594720000000,19.2421512604
13595320000000,15.3759155273
13595990000000,10.9855518341
13596610000000,7.36021089554
13597240000000,1.24135613441
13597870000000,0.759808659554
13598500000000,-0.636984586716
13599160000000,0.0180162414908
13599800000000,-0.179936751723
13600450000000,10.3657932281
13601120000000,11.0032444
13601750000000,22.6774845123
13602400000000,21.1401634216
13603050000000,19.0825061798
13603690000000,12.8403139114
