
19571580000000,-1.64378905296
19572150000000,-1.91698813438
19572690000000,-2.20792984962
19573220000000,-2.50949621201
19573750000000,-2.83300328255
19574240000000,-3.16668748856
19574780000000,-3.50860142708
19575280000000,-3.90474891663
19575770000000,-4.29922485352
19576280000000,-4.70549058914
19576760000000,-5.17925977707
19577260000000,-5.64606571198
19577770000000,-5.73953485489
19578270000000,-6.54781103134
19578730000000,-7.94457292557
19579180000000,-9.26513385773
19579670000000,-10.6204128265
19580140000000,-12.2226390839
19580590000000,-14.0879011154
19581060000000,-15.9160575867
19581490000000,-18.0437202454
19581950000000,-20.0230731964
19582410000000,-22.3267936707
19582850000000,-24.7806777954
19583320000000,-27.2700500488
19583770000000,-30.1476039886
19584220000000,-32.9369087219
19584700000000,-35.659614563
19585140000000,-38.1172866821
19585570000000,-40.7188415527
19586030000000,-43.3242416382
19586480000000,-46.6031188965
19586910000000,-49.7814216614
19587340000000,-52.7779388428
19587830000000,-56.3481140137
19588270000000,-60.5010681152
19588700000000,-64.3249969482
19589190000000,-68.7212677002
19589630000000,-73.4805526733
19590080000000,-77.7456283569
19590520000000,-82.6731414795
19591000000000,-87.1771697998
19591440000000,-91.8589782715
19591870000000,-95.4507980347
19592340000000,-97.9254837036
19592790000000,-101.225280762
19593240000000,-104.002807617
19593680000000,-106.456367493
19594120000000,-108.630111694
19594550000000,-110.543899536
19594990000000,-111.903457642
19595450000000,-113.211044312
19595910000000,-114.43144989
