
19642170000000,3.0121
19642710000000,3.012182
19643270000000,3.0121679306
19643800000000,2.98148703575
19644320000000,2.95262980461
19644870000000,2.92283344269
19645390000000,2.8898768425
19645880000000,2.85540819168
19646390000000,2.82024598122
19646890000000,2.7824318409
19647430000000,2.74180650711
19647920000000,2.69328308105
19648410000000,2.64522886276
19648890000000,2.59568834305
19649340000000,2.54295611382
19649800000000,2.49048614502
19650260000000,2.4255490303
19650720000000,2.36418318748
19651200000000,2.09227132797
19651650000000,1.79679965973
19652100000000,1.52798259258
19652550000000,3.31621146202
19653020000000,4.44317817688
19653450000000,1.84097599983
19653890000000,-0.747845590115
19654320000000,-3.5499522686
19654760000000,-6.44482946396
19655210000000,-9.2312374115
19655680000000,-12.0510234833
19656120000000,-14.8824501038
19656590000000,-17.4890670776
19657040000000,-19.608997345
19657480000000,-22.0958442688
19657930000000,-24.456287384
19658360000000,-27.0988960266
19658810000000,-29.8331012726
19659250000000,-32.8571777344
19659710000000,-35.9016036987
19660130000000,-39.1541175842
19660570000000,-42.0855636597
19661000000000,-44.5877304077
19661480000000,47.4340286255
19661920000000,49.9173545837
19662390000000,52.9089660645
19662830000000,56.3213386536
19663260000000,59.8797264099
19663690000000,63.7356109619
19664110000000,67.6906585693
19664570000000,71.9706878662
19665020000000,-76.8692779541
19665470000000,-80.3091659546
19665920000000,-84.1633682251
19666360000000,-88.6976242065
19666800000000,-92.7000732422
19667280000000,-96.3283233643
19667700000000,-99.9332962036
19668120000000,-102.788772583
19668560000000,-105.293190002
19669020000000,-107.912086487
19669460000000,-109.544654846
19669880000000,-111.254447937
19670320000000,-112.712974548
19670730000000,-114.105278015
19671170000000,-115.274368286
