
11090980000000,-15.2224836349
11091750000000,-9.41805267334
11092530000000,23.2664985657
11093270000000,23.0105361938
11094010000000,20.8541374207
11094780000000,20.9569358826
11095510000000,20.9039573669
11096210000000,20.8000984192
11096890000000,20.791103363
11097560000000,20.7403297424
11098230000000,20.6785125732
11098910000000,20.6678714752
11099600000000,20.5758323669
11100240000000,20.5366153717
11100890000000,20.4653759003
11101550000000,20.2893619537
11102220000000,20.2060947418
11102840000000,20.147939682
11103480000000,19.9621696472
11104150000000,16.8026618958
11104780000000,9.30979919434
11105420000000,-2.09694004059
11106070000000,-8.1953125
11106710000000,-9.67297077179
11107350000000,-11.3196907043
11107990000000,-13.3718194962
11108680000000,-15.3807935715
11109320000000,0.634409368038
11109960000000,28.0375270844
11110630000000,28.9316768646
11111250000000,28.2749443054
11111890000000,40.233795166
11112560000000,44.2730522156
