
13580900000000,-0.0273242238909
13581690000000,-0.505507946014
13582470000000,-0.840163826942
13583230000000,-1.17138659954
13583980000000,-1.53688704967
13584730000000,-1.89913034439
13585450000000,-2.66302013397
13586130000000,-3.7077755928
13586860000000,-5.26292037964
13587550000000,-7.15529155731
13588190000000,-9.09059143066
13588860000000,-11.1067314148
13589540000000,-13.4849443436
13590160000000,-16.056634903
13590830000000,-18.7399501801
13591480000000,-22.0058517456
13592120000000,-25.5546836853
13592750000000,-29.3815326691
13593390000000,-33.4731025696
13594080000000,-38.0884132385
13594720000000,-43.5133895874
13595320000000,-48.9656028748
13595990000000,-53.8905677795
13596610000000,-60.1003303528
13597240000000,-65.9381561279
13597870000000,-72.0939254761
13598500000000,-78.5952148438
13599160000000,-85.0140838623
13599800000000,-91.1395568848
13600450000000,-96.423248291
13601120000000,-101.317070007
13601750000000,-105.937309265
13602400000000,-109.199584961
13603050000000,-112.221168518
13603690000000,-114.7707901
