11803570000000,1.16644
11804350000000,1.16644215584
11805110000000,1.16604590416
11805880000000,1.16588938236
11806670000000,0.626563608646
11807450000000,-0.0915528535843
11808210000000,-0.713156223297
11808920000000,-2.43064713478
11809620000000,-3.8813996315
11810340000000,-5.55324316025
11811030000000,-7.4796423912
11811760000000,-9.37828350067
11812450000000,-11.5959072113
11813110000000,-13.8000965118
11813790000000,-16.1621551514
11814470000000,-18.681186676
11815140000000,-21.5403862
11815800000000,-24.7365646362
11816440000000,-28.1863460541
11817080000000,-31.8796138763
11817730000000,-35.8006591797
11818360000000,-39.8342323303
11819030000000,-44.5313796997
11819670000000,-49.2380447388
11820310000000,-54.3772010803
11820960000000,-60.0551643372
11821660000000,-66.2096710205
11822300000000,-73.629447937
11822940000000,-80.5776519775
11823590000000,-87.2405319214
11824220000000,-92.1913528442
11824900000000,-97.2346343994
11825570000000,-101.34563446
11826220000000,-104.742164612
11826850000000,-107.538917542
11827510000000,-110.059806824
11828130000000,-111.939933777
11828780000000,-113.883834839
11829440000000,-114.393356323
