12176040000000,-21.59072
12176830000000,-21.5907268524
12177610000000,-21.590845108
12178400000000,-21.6763210297
12179150000000,-22.5263996124
12179910000000,-23.4478759766
12180640000000,-24.5415878296
12181390000000,-26.1179275513
12182180000000,-27.7344684601
12182880000000,-29.5913181305
12183580000000,-31.2428855896
12184280000000,-33.0034637451
12184990000000,-34.8003616333
12185670000000,-36.6691322327
12186350000000,-38.5583763123
12187030000000,-40.5187187195
12187690000000,-42.5466537476
12188350000000,-44.5902557373
12189050000000,-46.6849403381
12189680000000,-48.9645423889
12190320000000,-51.0958442688
12190950000000,-53.2098960876
12191590000000,-55.2538146973
12192250000000,-57.3326911926
12192880000000,-59.6846313477
12193550000000,-61.8211364746
12194200000000,-64.1865844727
12194830000000,-66.6436843872
12195490000000,-68.9703674316
12196140000000,-71.4899291992
12196760000000,-74.0156097412
12197420000000,-76.4112319946
12198050000000,-78.7144241333
12198690000000,-80.8011779785
12199340000000,-82.7195358276
12199980000000,-84.6650695801
12200610000000,-86.4451141357
12201240000000,-86.6896820068
