
11090980000000,-20.621339798
11091750000000,-21.5027160645
11092530000000,-22.3377628326
11093270000000,-23.681470871
11094010000000,-25.0676670074
11094780000000,-26.5794467926
11095510000000,-28.2577629089
11096210000000,-29.8823795319
11096890000000,-31.5343761444
11097560000000,-33.1588401794
11098230000000,-34.9006767273
11098910000000,-36.7164764404
11099600000000,-38.6041717529
11100240000000,-40.564868927
11100890000000,-42.536491394
11101550000000,-44.5079841614
11102220000000,-46.543094635
11102840000000,-48.8355102539
11103480000000,-50.9193153381
11104150000000,-53.0367622375
11104780000000,-55.2674865723
11105420000000,-57.3481521606
11106070000000,-59.5955047607
11106710000000,-61.7904548645
11107350000000,-64.1656341553
11107990000000,-66.5260543823
11108690000000,-68.9652557373
11109320000000,-71.552154541
11109960000000,-74.1915283203
11110630000000,-76.6550064087
11111250000000,-79.0309829712
11111890000000,-81.0817184448
11112560000000,-83.1635055542
