
10877280000000,23.7905387878
10878050000000,16.1093578339
10878830000000,18.1639709473
10879580000000,18.1197681427
10880310000000,18.0474834442
10881080000000,17.9755573273
10881820000000,17.9390411377
10882520000000,17.9106998444
10883240000000,17.8640785217
10883920000000,17.7917423248
10884600000000,17.7171592712
10885250000000,17.5681591034
10885940000000,17.4690227509
10886610000000,17.3239746094
10887250000000,17.2120475769
10887930000000,17.1114654541
10888560000000,16.9550094604
10889200000000,16.8075218201
10889810000000,8.83183479309
10890460000000,5.67567014694
10891080000000,-0.678921580315
10891720000000,-3.55055594444
10892400000000,-4.52713155746
10893010000000,-6.91328668594
10893630000000,-7.67944526672
10894260000000,-9.28610515594
10894900000000,-7.95831251144
10895540000000,-8.42410850525
10896140000000,18.0493469238
10896800000000,22.7627696991
10897420000000,28.0690994263
10898060000000,34.6282463074
10898690000000,36.4276390076
