
19730700000000,0.0495488159359
19731250000000,1.71823823452
19731780000000,1.56121456623
19732310000000,1.16927325726
19732840000000,0.768018186092
19733380000000,0.527144014835
19733900000000,-0.186672762036
19734410000000,-1.18534088135
19734920000000,-2.1190469265
19735440000000,-3.15687513351
19735940000000,-4.25212669373
19736440000000,-5.38169956207
19736920000000,-6.57508563995
19737420000000,-7.79883861542
19737890000000,-9.15623855591
19738350000000,-10.4809370041
19738840000000,-11.9213695526
19739310000000,-13.5394849777
19739810000000,-15.1452713013
19740280000000,-17.0628147125
19740750000000,-18.9649105072
19741200000000,-21.0043754578
19741660000000,-23.1323165894
19742170000000,-25.4259052277
19742620000000,-27.5943126678
19743090000000,-30.028427124
19743530000000,-32.5128440857
19743960000000,-34.8731689453
19744410000000,-36.964050293
19744860000000,39.0082397461
19745300000000,41.1226501465
19745730000000,43.3281517029
19746170000000,45.6484909058
19746580000000,48.2530059814
19747010000000,50.9354972839
19747430000000,53.7938232422
19747870000000,-56.5142326355
19748320000000,-60.2943382263
19748750000000,-64.1833114624
19749220000000,-68.2626953125
19749650000000,-73.2278137207
19750080000000,-78.1858901978
19750510000000,-82.3811645508
19750970000000,-86.5692825317
19751400000000,-90.6730270386
19751880000000,-94.1089630127
19752320000000,-97.6318893433
19752770000000,-100.753257751
19753200000000,-103.236923218
19753660000000,-105.589988708
19754120000000,-107.6224823
19754550000000,-109.325202942
19754990000000,-110.71723175
19755410000000,-112.084373474
19755820000000,-113.217933655
