
13518830000000,20.9355812073
13519620000000,21.4602966309
13520410000000,22.1979694366
13521160000000,22.9664859772
13521900000000,-23.7634449005
13522630000000,-24.7309608459
13523360000000,-26.2907886505
13524080000000,-27.9268436432
13524830000000,-29.6887569427
13525500000000,-31.5329532623
13526180000000,-33.3013496399
13526840000000,-35.1420249939
13527530000000,-36.9992370605
13528210000000,-38.9821624756
13528880000000,-41.0369491577
13529560000000,-43.1633758545
13530240000000,-45.356388092
13530900000000,-47.5466995239
13531530000000,-49.862903595
13532180000000,-52.00598526
13532830000000,-54.1829681396
13533460000000,-56.186164856
13534130000000,-58.2384681702
13534770000000,-60.6661682129
13535390000000,-63.0136985779
13536010000000,-65.260345459
13536680000000,-67.8253860474
13537320000000,-70.6326675415
13537930000000,-72.8828430176
13538600000000,-75.1533737183
13539260000000,-77.6259689331
13539920000000,-79.932800293
13540600000000,-82.1135940552
13541240000000,-84.2816390991
