
13701360000000,0.894876301289
13702130000000,7.37004756927
13702940000000,0.523634791374
13703660000000,0.453767180443
13704380000000,0.370813310146
13705140000000,0.246341243386
13705840000000,0.134749099612
13706530000000,-0.843329548836
13707270000000,-2.17088699341
13708020000000,-3.72587752342
13708700000000,-5.60630130768
13709380000000,-7.42583179474
13710050000000,-9.45920562744
13710720000000,-11.6495695114
13711370000000,-14.1798419952
13712050000000,-16.8828678131
13712690000000,-20.152929306
13713340000000,-23.5559444427
13713970000000,-27.5683517456
13714610000000,-31.7565746307
13715230000000,-36.4868965149
13715870000000,-40.9638900757
13716550000000,-46.1934890747
13717180000000,-52.2649345398
13717830000000,-58.1198310852
13718460000000,-64.4277420044
13719110000000,-70.8846969604
13719740000000,-77.3179779053
13720400000000,-83.7169036865
13721050000000,-90.0086593628
13721680000000,-95.580329895
13722290000000,-100.538391113
13722930000000,-104.630516052
13723560000000,-107.95488739
13724190000000,-110.95009613
