
11021470000000,-19.2801189423
11022260000000,-20.0667057037
11023010000000,-20.7695846558
11023770000000,-22.1805877686
11024500000000,-23.8502788544
11025250000000,-25.1740379333
11025950000000,-26.6643600464
11026650000000,-28.2831802368
11027350000000,-29.9723625183
11028020000000,-31.7391109467
11028690000000,-33.477191925
11029330000000,-35.3278007507
11029980000000,-37.1418037415
11030650000000,-39.0874404907
11031300000000,-41.0812797546
11031980000000,-43.1462402344
11032630000000,-45.3469047546
11033240000000,-47.3866539001
11033860000000,-49.5612792969
11034530000000,-51.7092666626
11035180000000,-53.7975730896
11035820000000,-55.8432121277
11036470000000,-58.0537605286
11037120000000,-60.3307800293
11037750000000,-62.6529045105
11038380000000,-64.8648452759
11039020000000,-67.1615447998
11039680000000,-69.0175476074
11040320000000,-71.1161270142
11040990000000,-73.2783737183
11041630000000,-75.7723007202
11042260000000,-78.0851516724
11042890000000,-80.3274841309
11043500000000,-82.1132659912
