
19468240000000,0.247329264879
19468800000000,0.145119532943
19469430000000,-0.0930469408631
19470010000000,-0.375649631023
19470560000000,-0.657425224781
19471110000000,-0.948127746582
19471660000000,-1.24625611305
19472180000000,-1.56391310692
19472710000000,-1.90391397476
19473220000000,-2.25308299065
19473710000000,-2.62563085556
19474300000000,-2.9943048954
19474780000000,-3.49048542976
19475300000000,-3.91902136803
19475820000000,-4.41837835312
19476310000000,-4.96003866196
19476810000000,-5.4793510437
19477270000000,-6.11793041229
19477730000000,-6.73272943497
19478200000000,-6.73147201538
19478660000000,-6.94351196289
19479140000000,-9.0412311554
19479590000000,-11.2503461838
19480060000000,-13.4205551147
19480510000000,-15.9029340744
19480950000000,-18.3031158447
19481400000000,-20.8138599396
19481840000000,-23.4356956482
19482300000000,-25.5276737213
19482750000000,-28.211774826
19483190000000,-30.8208866119
19483630000000,-33.5254745483
19484090000000,-35.7182273865
19484540000000,-37.6041908264
19484990000000,-40.2970657349
19485420000000,-43.0225791931
19485880000000,-45.6286621094
19486320000000,-48.8623199463
19486770000000,-52.0758476257
19487210000000,-55.5127983093
19487640000000,-59.1304397583
19488070000000,-62.9793663025
19488510000000,-66.8475265503
19488940000000,-71.0270767212
19489400000000,-75.2694244385
19489840000000,-79.7232971191
19490300000000,-83.7532196045
19490720000000,-86.3947525024
19491170000000,-87.6568984985
19491620000000,-89.4451828003
19492070000000,-88.7643051147
19492490000000,-91.2346420288
19492920000000,-94.3582000732
19493370000000,-97.2375564575
19493810000000,-100.129730225
19494250000000,-102.62335968
19494710000000,-104.903999329
19495150000000,-107.080490112
19495580000000,-108.899429321
19496060000000,-110.721206665
