
11684650000000,-19.2658786774
11685410000000,-19.265920639
11686220000000,-19.2659568787
11686990000000,26.8238430023
11687750000000,-17.477848053
11688560000000,-7.47447490692
11689300000000,14.2382211685
11690030000000,23.7904853821
11690750000000,23.5955181122
11691450000000,23.4068241119
11692140000000,23.2062606812
11692890000000,22.9892063141
11693560000000,22.7472705841
11694230000000,22.489315033
11694900000000,22.3128376007
11695600000000,7.62038230896
11696280000000,6.03334236145
11696950000000,5.52250146866
11697640000000,5.11058235168
11698260000000,4.58694696426
11698910000000,4.02461957932
11699540000000,4.71985244751
11700190000000,9.10122394562
11700810000000,8.55028152466
11701460000000,8.00989532471
11702110000000,7.17738008499
11702750000000,6.28390884399
11703380000000,5.20085525513
11704010000000,7.93569469452
11704650000000,19.4225540161
11705270000000,32.4656066895
11705930000000,33.1997337341
11706590000000,32.2135314941
11707250000000,31.5762672424
11707850000000,29.3826560974
11708500000000,26.709405899
11709160000000,28.166595459
11709800000000,28.1756076813
11710500000000,28.1776218414
