
11151960000000,-20.6477146149
11152740000000,-20.8040523529
11153540000000,-21.4864044189
11154300000000,-22.3420143127
11155050000000,-23.7207126617
11155770000000,-25.1339054108
11156460000000,-26.5743999481
11157180000000,-28.0411491394
11157860000000,-29.5749111176
11158560000000,-31.1329803467
11159270000000,-32.8571090698
11159970000000,-34.6083297729
11160620000000,-36.4364471436
11161290000000,-38.230682373
11161940000000,-40.0945854187
11162610000000,-41.9680366516
11163240000000,-44.0291633606
11163890000000,-46.0330238342
11164540000000,-48.0332221985
11165170000000,-50.2236862183
11165820000000,-52.4023971558
11166470000000,-54.7016906738
11167170000000,-56.9390983582
11167830000000,-59.385055542
11168460000000,-61.7180786133
11169110000000,-64.0652389526
11169730000000,-66.4607696533
11170340000000,-68.796585083
11170970000000,-71.1646347046
11171640000000,-73.5151824951
11172270000000,-76.0569839478
11172900000000,-78.2984313965
11173560000000,-80.606552124
11174180000000,-82.8120193481
