
19799380000000,-3.96418857574
19799970000000,-5.13928079605
19800570000000,-4.89761066437
19801100000000,9.00345611572
19801640000000,23.1712779999
19802170000000,23.1780967712
19802710000000,23.1652832031
19803220000000,23.1524791718
19803730000000,23.1377296448
19804250000000,23.1229705811
19804760000000,23.1048641205
19805270000000,23.0843410492
19805770000000,23.0601558685
19806230000000,23.0366210938
19806720000000,23.0125961304
19807180000000,22.9866428375
19807650000000,22.9609165192
19808120000000,22.9336433411
19808640000000,22.9036121368
19809110000000,22.8691120148
19809590000000,22.8366107941
19810080000000,22.8026771545
19810540000000,22.7635669708
19810990000000,22.7251300812
19811430000000,22.6837158203
19811900000000,22.641702652
19812360000000,22.5948295593
19812820000000,22.5456809998
19813260000000,22.4870300293
19813710000000,22.4371795654
19814150000000,0.52207916975
19814600000000,-3.97001194954
19815050000000,-5.10704946518
19815470000000,-6.91488647461
19815910000000,-8.45425701141
19816340000000,-10.195186615
19816820000000,-12.1824674606
19817250000000,-12.8762817383
19817700000000,-15.0664215088
19818140000000,-16.1118850708
19818580000000,-18.7726325989
19819050000000,-20.0071678162
19819500000000,-22.2253856659
19819980000000,-20.6955089569
19820420000000,-17.0522155762
19820870000000,-17.0243282318
19821330000000,-10.748380661
19821750000000,1.21863651276
19822170000000,9.43792247772
19822600000000,24.6163043976
19823040000000,40.678440094
19823470000000,50.0779685974
19823970000000,50.0004692078
19824430000000,47.6799659729
19824870000000,35.1887779236
19825360000000,26.2986011505
