
11684650000000,-0.910314321518
11685410000000,-0.910319268703
11686230000000,-0.910323321819
11686990000000,4.1103181839
11687750000000,-0.689877927303
11688560000000,-0.927569031715
11689300000000,-1.78177464008
11690030000000,-2.93227672577
11690750000000,-4.64950752258
11691450000000,-6.44286108017
11692140000000,-8.36949825287
11692890000000,-10.4780273438
11693560000000,-12.8696937561
11694220000000,-15.4386672974
11694900000000,-17.931842804
11695600000000,-20.6505355835
11696280000000,-23.2515659332
11696950000000,-26.1968402863
11697640000000,-29.3391780853
11698260000000,-33.063747406
11698910000000,-36.9061584473
11699540000000,-41.2890052795
11700190000000,-46.0279121399
11700810000000,-51.5340690613
11701460000000,-57.2208023071
11702110000000,-63.8279190063
11702750000000,-70.2554168701
11703380000000,-76.9774475098
11704000000000,-83.297203064
11704650000000,-89.9995727539
11705270000000,-94.8681030273
11705930000000,-99.060585022
11706600000000,-102.650543213
11707250000000,-105.52091217
11707850000000,-109.030815125
11708500000000,-111.657272339
11709160000000,-112.341552734
11709800000000,-112.337600708
11710500000000,-112.339111328
