
13701360000000,20.0221538544
13702130000000,20.4654407501
13702940000000,-21.0000400543
13703660000000,-21.8096389771
13704380000000,-22.6095123291
13705140000000,-23.4837532043
13705840000000,-24.2671318054
13706530000000,-25.556350708
13707270000000,-27.11302948
13708020000000,-28.8336162567
13708700000000,-30.7879371643
13709380000000,-32.5595016479
13710050000000,-34.4132766724
13710720000000,-36.2766609192
13711370000000,-38.2758140564
13712050000000,-40.2389221191
13712690000000,-42.41040802
13713340000000,-44.4819335938
13713970000000,-46.7081260681
13714610000000,-48.8580741882
13715230000000,-51.1148300171
13715870000000,-53.1789970398
13716550000000,-55.4416160583
13717180000000,-57.9271278381
13717830000000,-60.1982841492
13718460000000,-62.5647506714
13719110000000,-64.9552536011
13719740000000,-67.3509750366
13720400000000,-69.8023300171
13721050000000,-72.3356170654
13721680000000,-74.7365722656
13722290000000,-77.0438232422
13722930000000,-79.2057876587
13723560000000,-81.3512954712
13724190000000,-83.4822769165
