
13580900000000,-20.5098075867
13581690000000,-21.5148391724
13582470000000,-22.466211319
13583230000000,-23.4381980896
13583980000000,-24.4511909485
13584740000000,-25.5714836121
13585450000000,-26.8731613159
13586130000000,-28.2563762665
13586860000000,-29.838470459
13587550000000,-31.7111549377
13588190000000,-33.5076942444
13588860000000,-35.2637786865
13589540000000,-37.1994743347
13590160000000,-39.1461105347
13590830000000,-41.0349807739
13591480000000,-43.1645050049
13592120000000,-45.2988739014
13592750000000,-47.4263458252
13593390000000,-49.5361442566
13594080000000,-51.7608528137
13594720000000,-54.215133667
13595320000000,-56.5309791565
13595990000000,-58.5234947205
13596610000000,-60.9400024414
13597240000000,-63.1423339844
13597870000000,-65.4252319336
13598500000000,-67.8402252197
13599160000000,-70.2859268188
13599800000000,-72.7426300049
13600450000000,-75.0448760986
13601120000000,-77.3957519531
13601750000000,-79.8833847046
13602400000000,-82.0312271118
13603050000000,-84.238899231
13603690000000,-86.2976837158
