
10562600000000,8.72896194458
10563200000000,8.46140956879
10563800000000,8.21233177185
10564390000000,7.9691028595
10564970000000,7.74531698227
10565550000000,7.5123705864
10566120000000,7.29087305069
10566690000000,7.05708646774
10567230000000,6.84457349777
10567840000000,6.64310646057
10568410000000,6.42094182968
10568960000000,6.2232093811
10569520000000,6.04318332672
10570060000000,5.86745643616
10570600000000,5.7333483696
10571180000000,5.82413196564
10571720000000,5.56278657913
10572280000000,5.29451179504
10572870000000,5.01021099091
10573400000000,4.72205924988
10573930000000,4.47405910492
10574470000000,4.19630908966
10575010000000,3.93859624863
10575550000000,3.6613740921
10576080000000,3.40462040901
10576620000000,3.13909029961
10577150000000,2.86349177361
10577680000000,2.60927796364
10578210000000,2.36484789848
10578740000000,2.09344530106
10579250000000,1.84289693832
10579790000000,1.60566544533
10580300000000,1.35480809212
10580850000000,1.14167523384
