
19079970000000,8.54317474365
19080380000000,8.54316616058
19080790000000,8.54315853119
19081200000000,8.50202274323
19081610000000,8.35094261169
19082010000000,8.18689250946
19082400000000,8.03114414215
19082780000000,7.86911535263
19083170000000,7.73943758011
19083570000000,7.59608745575
19083980000000,7.43231296539
19084380000000,7.27835559845
19084770000000,7.14119243622
19085150000000,6.99908638
19085550000000,6.8664150238
19085960000000,6.73623895645
19086340000000,6.58860588074
19086720000000,6.50648593903
19087120000000,6.52616119385
19087500000000,6.46153497696
19087900000000,6.29264450073
19088280000000,6.10736989975
19088660000000,5.92888975143
19089040000000,5.7512383461
19089420000000,5.56986761093
19089790000000,5.41006851196
19090170000000,5.22271347046
19090600000000,5.05359077454
19090980000000,4.85696220398
19091340000000,4.66875123978
19091710000000,4.50909423828
19092080000000,4.33059358597
19092450000000,4.15178489685
19092820000000,3.99183249474
19093210000000,3.80449295044
19093580000000,3.6264333725
19093940000000,3.44863700867
19094340000000,3.28928232193
19094700000000,3.09342265129
19095060000000,2.93714499474
19095420000000,2.76404523849
19095780000000,2.60521173477
19096170000000,2.44871401787
19096540000000,2.26985812187
19096920000000,2.08174443245
19097280000000,1.90478122234
19097650000000,1.74569714069
19098000000000,1.57694542408
19098360000000,1.42484760284
19098710000000,1.27637302876
19099090000000,1.11102426052
19099450000000,0.953208506107
19099820000000,0.817955970764
19100160000000,0.679807424545
19100530000000,0.573939323425
