
11044200000000,8.82903194427
11044800000000,8.82903671265
11045400000000,8.82904243469
11046020000000,8.82904720306
11046620000000,8.66518878937
11047260000000,8.42803382874
11047840000000,8.17231464386
11048440000000,7.96567678452
11049100000000,7.7348151207
11049660000000,7.45510625839
11050240000000,7.22850131989
11050820000000,6.99021291733
11051410000000,6.77201700211
11051980000000,6.55330705643
11052560000000,6.34395313263
11053120000000,6.13616323471
11053690000000,5.94180011749
11054220000000,5.76030921936
11054770000000,5.59289836884
11055330000000,5.43382549286
11055880000000,5.28382921219
11056400000000,5.14364051819
11056950000000,5.00912809372
11057500000000,4.93961191177
11058030000000,4.84660625458
11058550000000,4.62955474854
11059080000000,4.38555717468
11059600000000,4.11724472046
11060120000000,3.86775016785
11060630000000,3.61882901192
11061230000000,3.3704431057
11061760000000,3.08481860161
11062300000000,2.80990314484
11062820000000,2.55573797226
11063350000000,2.30192232132
11063950000000,2.04222679138
11064490000000,1.75557267666
11065040000000,1.50331282616
11065560000000,1.25771641731
11066090000000,1.03222358227
11066600000000,0.835213661194
11067120000000,0.708535075188
11067660000000,0.708276867867
11068160000000,0.708206534386
