
10948820000000,9.26442337036
10949430000000,9.26440620422
10950020000000,9.26438903809
10950640000000,9.2643737793
10951270000000,9.26435756683
10951900000000,9.2643404007
10952500000000,9.26432323456
10953160000000,9.21973991394
10953770000000,8.94167804718
10954360000000,8.68575954437
10954990000000,8.43278217316
10955580000000,8.1663236618
10956160000000,7.93660449982
10956720000000,7.69403171539
10957290000000,7.47150230408
10957840000000,7.25339841843
10958420000000,7.0394282341
10958980000000,6.81571865082
10959560000000,6.61202049255
10960120000000,6.41432476044
10960690000000,6.22277641296
10961240000000,6.03197145462
10961790000000,5.86128616333
10962340000000,5.75438261032
10962890000000,5.70390033722
10963420000000,5.42601442337
10963970000000,5.17074871063
10964500000000,4.89497947693
10965040000000,4.64856147766
10965560000000,4.36384344101
10966090000000,4.1175904274
10966610000000,3.86337709427
10967120000000,3.60000753403
10967660000000,3.3669860363
10968170000000,3.09552884102
10968700000000,2.84592366219
10969220000000,2.59786200523
10969760000000,2.35294437408
10970260000000,2.09220576286
10970810000000,1.86503839493
10971350000000,1.62697470188
10971880000000,1.40121722221
10972470000000,1.20788836479
10972980000000,1.00951468945
10973510000000,0.90418356657
10974030000000,0.85417753458
10974580000000,0.835464537144
