
13142690000000,9.43496704102
13143280000000,9.16411113739
13143920000000,8.89759349823
13144550000000,8.63274288177
13145170000000,8.34492588043
13145730000000,8.07735729218
13146340000000,7.84687423706
13146950000000,7.57794761658
13147540000000,7.33244514465
13148090000000,7.10522985458
13148660000000,6.87668848038
13149250000000,6.65892124176
13149800000000,6.44033813477
13150370000000,6.22628879547
13150930000000,6.03304767609
13151490000000,5.83867454529
13152050000000,5.65183639526
13152610000000,5.4662027359
13153150000000,5.35360813141
13153700000000,5.34071016312
13154250000000,5.06612157822
13154800000000,4.80295610428
13155350000000,4.53071594238
13155870000000,4.27861499786
13156400000000,4.01841545105
13156920000000,3.76483726501
13157450000000,3.52298092842
13157980000000,3.26182842255
13158590000000,3.00408172607
13159110000000,2.72046041489
13159630000000,2.48236513138
13160140000000,2.25669884682
13160670000000,2.01203560829
13161200000000,1.76040816307
13161710000000,1.51511931419
13162250000000,1.29447698593
13162770000000,1.07361841202
