
13215170000000,9.32047939301
13215780000000,9.06226634979
13216440000000,8.7927904129
13217110000000,8.48250293732
13217720000000,8.20883750916
13218340000000,7.94633817673
13218930000000,7.68596076965
13219510000000,7.43887329102
13220160000000,7.20966863632
13220750000000,6.95487976074
13221340000000,6.72001934052
13221950000000,6.48986911774
13222510000000,6.26788043976
13223050000000,6.05783510208
13223640000000,5.87735652924
13224210000000,5.67471837997
13224760000000,5.49523925781
13225310000000,5.32324123383
13225860000000,5.16061639786
13226390000000,5.07744073868
13226910000000,4.91298103333
13227450000000,4.77093696594
13227980000000,4.54026508331
13228510000000,4.28595685959
13229020000000,4.02401590347
13229540000000,3.77147126198
13230080000000,3.53082823753
13230610000000,3.27096152306
13231130000000,3.01632499695
13231710000000,2.77009105682
13232250000000,2.49989557266
13232760000000,2.25065970421
13233270000000,2.03194451332
13233780000000,1.81797420979
13234300000000,1.58761096001
13234820000000,1.37752377987
13235330000000,1.19557249546
