
13355100000000,9.33740901947
13355730000000,9.05791854858
13356340000000,8.78012371063
13356920000000,8.51538276672
13357540000000,8.25762081146
13358130000000,8.00724601746
13358690000000,7.75734138489
13359290000000,7.5374083519
13359880000000,7.29628133774
13360480000000,7.06688165665
13361060000000,6.83639669418
13361600000000,6.60863304138
13362160000000,6.40468025208
13362700000000,6.20195245743
13363280000000,6.02180242538
13363860000000,5.81907224655
13364420000000,5.63298034668
13364980000000,5.46214580536
13365520000000,5.29973363876
13366060000000,5.15266799927
13366590000000,4.99466514587
13367160000000,4.7969212532
13367690000000,4.66192674637
13368220000000,4.44417905807
13368750000000,4.22620201111
13369280000000,4.01474809647
13369820000000,3.79356265068
13370350000000,3.61691522598
13370860000000,3.38337349892
13371400000000,3.16083860397
13371930000000,2.91613054276
13372470000000,2.67855334282
13373000000000,2.42326569557
13373540000000,2.18965029716
13374070000000,1.96793365479
13374610000000,1.7453571558
13375100000000,1.5070899725
13375630000000,1.3076851368
