
10689400000000,8.93874263763
10690000000000,8.66659069061
10690610000000,8.42147064209
10691180000000,8.18784809113
10691790000000,7.95083141327
10692350000000,7.71746349335
10692910000000,7.50395202637
10693490000000,7.30261707306
10694070000000,7.09294891357
10694700000000,6.87665557861
10695310000000,6.64470386505
10695860000000,6.43508338928
10696420000000,6.24377155304
10697010000000,6.05966806412
10697610000000,5.87291717529
10698140000000,5.91049385071
10698670000000,5.66116142273
10699180000000,5.4181637764
10699720000000,5.18526697159
10700260000000,4.92973566055
10700810000000,4.67838573456
10701330000000,4.41551923752
10701840000000,4.17756938934
10702400000000,3.90037894249
10702940000000,3.62415122986
10703480000000,3.35769701004
10704020000000,3.09192609787
10704540000000,2.84655189514
10705090000000,2.59217333794
10705590000000,2.31980037689
10706110000000,2.0686981678
10706640000000,1.82009840012
10707160000000,1.58551335335
10707690000000,1.31563556194
10708220000000,1.10431909561
