
18970360000000,8.76163959503
18970760000000,8.76165866852
18971160000000,8.7309551239
18971560000000,8.57218074799
18971960000000,8.39768981934
18972370000000,8.2413110733
18972800000000,8.06938362122
18973210000000,7.90702629089
18973610000000,7.73745059967
18974000000000,7.56879091263
18974410000000,7.41768217087
18974820000000,7.25958299637
18975210000000,7.09545993805
18975600000000,6.94893598557
18975980000000,6.80403804779
18976410000000,6.66100358963
18976800000000,6.49089193344
18977180000000,6.35927343369
18977570000000,6.22397041321
18977950000000,6.07684183121
18978330000000,5.95289993286
18978710000000,5.82529306412
18979100000000,5.70061779022
18979470000000,5.56661653519
18979850000000,5.4555106163
18980240000000,5.34376239777
18980630000000,5.30995130539
18981000000000,5.2678437233
18981370000000,5.13754224777
18981760000000,4.97680854797
18982130000000,4.80395364761
18982500000000,4.62802314758
18982890000000,4.46931314468
18983270000000,4.32078838348
18983640000000,4.15215110779
18984020000000,3.99147629738
18984380000000,3.80910730362
18984750000000,3.63680291176
18985150000000,3.45515418053
18985500000000,3.26416182518
18985870000000,3.09254741669
18986230000000,2.93071722984
18986600000000,2.74074053764
18986960000000,2.56075787544
18987320000000,2.40020465851
18987680000000,2.2402009964
18988050000000,2.06221795082
18988420000000,1.90389764309
18988790000000,1.72830688953
18989130000000,1.54555165768
18989490000000,1.38614463806
18989850000000,1.24101209641
18990190000000,1.08558702469
18990550000000,0.953666090965
18990950000000,0.846530675888
18991310000000,0.734554409981
