
10496200000000,8.81736564636
10496780000000,8.55702781677
10497370000000,8.30316829681
10497960000000,8.05052280426
10498600000000,7.80932998657
10499180000000,7.54829502106
10499760000000,7.30433416367
10500340000000,7.09413051605
10500930000000,6.85994052887
10501480000000,6.634973526
10502030000000,6.42836666107
10502580000000,6.23615789413
10503120000000,6.15119743347
10503670000000,5.89701890945
10504240000000,5.62508821487
10504810000000,5.33703136444
10505350000000,5.05749845505
10505900000000,4.78814077377
10506420000000,4.52852201462
10506970000000,4.25540733337
10507520000000,3.98188233376
10508050000000,3.70672011375
10508590000000,3.45309758186
10509140000000,3.20041894913
10509680000000,2.92777514458
10510220000000,2.66291952133
10510750000000,2.39004826546
10511260000000,2.13763618469
10511770000000,1.88760459423
10512280000000,1.64972102642
10512800000000,1.41642439365
10513320000000,1.17166984081
10513880000000,0.957376420498
10514410000000,0.738613367081
10514960000000,0.716825425625
