
10755900000000,8.88755226135
10756450000000,8.88758850098
10757060000000,8.88762283325
10757660000000,8.88765907288
10758250000000,8.8876953125
10758860000000,8.88773345947
10759470000000,8.85046577454
10760100000000,8.74080085754
10760700000000,8.48278045654
10761280000000,8.22316169739
10761890000000,8.00704860687
10762480000000,7.7654800415
10763100000000,7.52583837509
10763680000000,7.28433513641
10764240000000,7.0428404808
10764810000000,6.84258890152
10765360000000,6.62533140182
10765920000000,6.41637849808
10766470000000,6.22694778442
10767020000000,6.02308893204
10767530000000,5.82153463364
10768100000000,5.64510536194
10768650000000,5.45238113403
10769220000000,5.27957201004
10769750000000,5.08103275299
10770290000000,4.9711561203
10770810000000,4.85394906998
10771330000000,4.79061985016
10771900000000,4.60991382599
10772420000000,4.40831661224
10772950000000,4.20475101471
10773450000000,3.9775967598
10774010000000,3.73553681374
10774540000000,3.45229244232
10775050000000,3.20049786568
10775570000000,2.95153832436
10776080000000,2.73526573181
10776590000000,2.49484014511
10777150000000,2.25973248482
10777680000000,1.99564635754
10778220000000,1.75964081287
10778760000000,1.50941956043
10779300000000,1.29440462589
10779820000000,1.10012066364
10780340000000,1.04137396812
10780830000000,1.04010486603
10781360000000,1.04056882858
