
10753660000000,8.3255739212
10754240000000,8.02073860168
10754840000000,7.78420782089
10755420000000,7.54021310806
10756040000000,7.29880142212
10756650000000,7.05342817307
10757210000000,6.82160520554
10757780000000,6.61055326462
10758380000000,6.39713430405
10758920000000,6.18324995041
10759470000000,6.00308656693
10760020000000,5.82329368591
10760560000000,5.64409446716
10761110000000,5.4803109169
10761660000000,5.36448574066
10762230000000,5.47950744629
10762780000000,5.24368238449
10763320000000,4.9668841362
10763860000000,4.69053316116
10764390000000,4.42452573776
10764940000000,4.1787314415
10765490000000,3.90392613411
10766010000000,3.63972139359
10766530000000,3.38613319397
10767050000000,3.12387752533
10767580000000,2.87263202667
10768100000000,2.62330961227
10768630000000,2.36659550667
10769160000000,2.13204860687
10769700000000,1.89186191559
10770230000000,1.64049077034
10770780000000,1.41123449802
10771310000000,1.16738021374
