
10622930000000,8.93206214905
10623530000000,8.63555240631
10624150000000,8.3711977005
10624760000000,8.12476825714
10625330000000,7.86895275116
10625920000000,7.63642406464
10626500000000,7.39739179611
10627090000000,7.18109750748
10627670000000,6.95411682129
10628220000000,6.74765872955
10628800000000,6.54735040665
10629330000000,6.34542179108
10629890000000,6.16443014145
10630430000000,5.98943805695
10630990000000,5.82435798645
10631560000000,5.73043441772
10632110000000,5.69313764572
10632670000000,5.49332380295
10633190000000,5.22921466827
10633740000000,4.97934818268
10634310000000,4.689037323
10634850000000,4.40076541901
10635410000000,4.14119529724
10635950000000,3.86159110069
10636470000000,3.58191132545
10637020000000,3.32045221329
10637560000000,3.01193261147
10638080000000,2.75340986252
10638610000000,2.47953343391
10639160000000,2.22491884232
10639690000000,1.95727849007
10640210000000,1.70841491222
10640720000000,1.47777545452
10641260000000,1.2435387373
10641780000000,1.00103020668
