
13049040000000,9.56619930267
13049680000000,9.36865139008
13050280000000,9.0953207016
13050940000000,8.84162044525
13051530000000,8.56455230713
13052120000000,8.31744480133
13052700000000,8.07332706451
13053270000000,7.84101819992
13053890000000,7.6193614006
13054440000000,7.38756275177
13055000000000,7.1684422493
13055550000000,6.96130895615
13056120000000,6.76754188538
13056700000000,6.57098340988
13057260000000,6.38140487671
13057790000000,6.19814491272
13058350000000,6.02288913727
13058900000000,5.85513401031
13059430000000,5.84783887863
13060010000000,5.72990036011
13060560000000,5.44877004623
13061110000000,5.1849770546
13061640000000,4.95020341873
13062190000000,4.68365001678
13062730000000,4.4163107872
13063280000000,4.16063404083
13063810000000,3.91202235222
13064340000000,3.66252946854
13064860000000,3.41726613045
13065390000000,3.16603016853
13065920000000,2.93817687035
13066440000000,2.67418503761
13066960000000,2.43088984489
13067480000000,2.19464802742
13068020000000,1.95393514633
13068560000000,1.73729014397
13069090000000,1.50742590427
13069690000000,1.30147993565
