
19292390000000,7.95268964767
19292810000000,7.95262861252
19293210000000,7.89240884781
19293620000000,7.71077013016
19294020000000,7.5513548851
19294440000000,7.39080953598
19294840000000,7.22723197937
19295230000000,7.07224750519
19295640000000,6.91115856171
19296070000000,6.71368408203
19296490000000,6.49581050873
19296880000000,6.31647109985
19297260000000,6.11937904358
19297640000000,6.02812719345
19298010000000,5.89433574677
19298380000000,5.72966194153
19298760000000,5.62462377548
19299180000000,5.47250843048
19299560000000,5.266746521
19299930000000,5.10761880875
19300310000000,4.93309259415
19300680000000,4.75725650787
19301080000000,4.5848903656
19301510000000,4.40097284317
19301880000000,4.19589996338
19302280000000,4.0409450531
19302700000000,3.84552645683
19303110000000,3.65073752403
19303480000000,3.46582365036
19303900000000,3.28843021393
19304280000000,3.09582567215
19304660000000,2.92957425117
19305010000000,2.74270391464
19305380000000,2.57916021347
19305740000000,2.41405963898
19306110000000,2.24560570717
19306500000000,2.09209871292
19306860000000,1.90144860744
19307210000000,1.73585915565
19307590000000,1.57628798485
19307950000000,1.41703307629
19308310000000,1.24901235104
19308660000000,1.10508489609
19309020000000,0.965054035187
19309400000000,0.815550744534
19309760000000,0.688708603382
