
11232840000000,9.20474147797
11233460000000,9.20473575592
11234080000000,9.20473194122
11234720000000,9.20472717285
11235340000000,9.20472240448
11235950000000,9.17369365692
11236540000000,8.93301773071
11237170000000,8.70740699768
11237760000000,8.44295501709
11238350000000,8.2039270401
11238930000000,7.95465660095
11239500000000,7.71681165695
11240110000000,7.45673942566
11240680000000,7.2024679184
11241260000000,6.96917009354
11241810000000,6.7180981636
11242380000000,6.52922391891
11242950000000,6.33548784256
11243520000000,6.155626297
11244070000000,5.97765207291
11244620000000,5.82134580612
11245190000000,5.67268133163
11245720000000,5.50382423401
11246270000000,5.33435916901
11246830000000,5.17553424835
11247390000000,5.03535699844
11247920000000,4.89609289169
11248440000000,4.77305364609
11248980000000,4.6319437027
11249490000000,4.462703228
11250020000000,4.24252891541
11250550000000,3.98572707176
11251090000000,3.72947907448
11251640000000,3.46235561371
11252170000000,3.18682527542
11252710000000,2.93165063858
11253210000000,2.66377687454
11253750000000,2.42046713829
11254300000000,2.15238118172
11254850000000,1.89902794361
11255400000000,1.64120650291
11255920000000,1.39271450043
11256480000000,1.1737279892
11257000000000,0.975693225861
11257520000000,0.811796963215
11258060000000,0.819179952145
11258560000000,0.821539998055
