
11151020000000,9.21534824371
11151650000000,9.21532249451
11152250000000,9.10018253326
11152890000000,8.84078407288
11153480000000,8.57248497009
11154080000000,8.31637382507
11154640000000,8.05482769012
11155260000000,7.82979631424
11155870000000,7.57465076447
11156440000000,7.3240685463
11157030000000,7.10271930695
11157580000000,6.86918020248
11158240000000,6.66364812851
11158810000000,6.41086530685
11159370000000,6.20942926407
11159930000000,6.02073049545
11160490000000,5.83247709274
11161040000000,5.6531419754
11161610000000,5.47965860367
11162170000000,5.31679916382
11162740000000,5.15749073029
11163270000000,5.01093816757
11163810000000,4.88962316513
11164350000000,4.75297212601
11164890000000,4.6435880661
11165420000000,4.37398338318
11165960000000,4.17353868484
11166500000000,3.90113019943
11167030000000,3.63443994522
11167600000000,3.41823959351
11168110000000,3.12387347221
11168620000000,2.86855196953
11169150000000,2.62454271317
11169690000000,2.38235592842
11170270000000,2.11279225349
11170810000000,1.83989107609
11171330000000,1.60027015209
11171850000000,1.38178443909
11172410000000,1.1807590723
11172940000000,0.981199204922
11173460000000,0.838716864586
11173990000000,0.762279093266
11174510000000,0.754533290863
