
19292390000000,6.84693002701
19292810000000,6.84685468674
19293210000000,6.776055336
19293620000000,6.56352043152
19294020000000,6.37505626678
19294440000000,6.18386125565
19294840000000,5.98702096939
19295230000000,5.7985367775
19295640000000,5.60437726974
19296070000000,5.37774038315
19296490000000,5.14277267456
19296880000000,4.95657205582
19297260000000,4.76517915726
19297640000000,4.65312814713
19298010000000,4.56442737579
19298380000000,4.46901369095
19298760000000,4.42127418518
19299180000000,4.32630968094
19299560000000,4.19789075851
19299930000000,4.10421228409
19300310000000,4.00515890121
19300680000000,3.90810155869
19301080000000,3.81926178932
19301510000000,3.73004961014
19301880000000,3.63771986961
19302280000000,3.57601332664
19302700000000,3.50661969185
19303110000000,3.44724297523
19303480000000,3.40034747124
19303900000000,3.36466431618
19304280000000,3.33591747284
19304660000000,3.32053399086
19305010000000,3.31373047829
19305380000000,3.31599974632
19305740000000,3.32713198662
19306110000000,3.34751629829
19306500000000,3.37342047691
19306860000000,3.41577959061
19307210000000,3.46183300018
19307590000000,3.51347494125
19307950000000,3.57299685478
19308310000000,3.64456415176
19308660000000,3.71310400963
19309020000000,3.78727674484
19309400000000,3.87697172165
19309760000000,3.96601986885
