
18970360000000,7.88990545273
18970760000000,7.88992786407
18971160000000,7.8542804718
18971560000000,7.67113733292
18971960000000,7.47015523911
18972370000000,7.28887939453
18972800000000,7.08812999725
18973210000000,6.8971414566
18973610000000,6.69591140747
18974000000000,6.49391222
18974410000000,6.31128454208
18974820000000,6.11820411682
18975210000000,5.91550731659
18975600000000,5.7324180603
18975980000000,5.54907798767
18976410000000,5.36573982239
18976800000000,5.14425420761
18977180000000,4.97003412247
18977570000000,4.78778171539
18977950000000,4.58577489853
18978330000000,4.41189432144
18978710000000,4.22904109955
18979100000000,4.04609203339
18979470000000,3.84399819374
18979850000000,3.67139482498
18980240000000,3.49091315269
18980630000000,3.36000680923
18981000000000,3.23365044594
18981370000000,3.11059165001
18981760000000,3.00949048996
18982130000000,2.90715837479
18982500000000,2.80903625488
18982890000000,2.74259805679
18983270000000,2.71168518066
18983640000000,2.66015911102
18984020000000,2.62343835831
18984380000000,2.59426379204
18984750000000,2.57827329636
18985150000000,2.57411050797
18985500000000,2.58388352394
18985870000000,2.60495829582
18986230000000,2.63528800011
18986600000000,2.68347144127
18986960000000,2.74112248421
18987320000000,2.80193853378
18987680000000,2.87089848518
18988050000000,2.95690178871
18988420000000,3.04121851921
18988780000000,3.14296269417
18989130000000,3.25782990456
18989490000000,3.36871981621
18989850000000,3.47101068497
18990190000000,3.58888435364
18990550000000,3.70030140877
18990950000000,3.79595971107
18991310000000,3.92359566689
