
10689400000000,7.86020374298
10690000000000,7.53209161758
10690610000000,7.23251199722
10691180000000,6.94279623032
10691790000000,6.64378547668
10692350000000,6.34409379959
10692910000000,6.06445169449
10693490000000,5.79560518265
10694070000000,5.51395082474
10694700000000,5.22390365601
10695310000000,4.90393781662
10695860000000,4.60682296753
10696420000000,4.32648468018
10697010000000,4.04646253586
10697610000000,3.74891471863
10698140000000,3.64674043655
10698670000000,3.44549632072
10699180000000,3.25527262688
10699720000000,3.0801551342
10700260000000,2.91979241371
10700810000000,2.7844209671
10701330000000,2.66615056992
10701840000000,2.59641051292
10702400000000,2.53940367699
10702940000000,2.51241254807
10703480000000,2.51577425003
10704020000000,2.54786324501
10704540000000,2.60231113434
10705090000000,2.6825876236
10705590000000,2.79363322258
10706110000000,2.9170923233
10706640000000,3.05771303177
10707160000000,3.20658922195
10707690000000,3.39798903465
10708220000000,3.5556974411
