
10622930000000,7.9208240509
10623530000000,7.62484884262
10624150000000,7.36060237885
10624760000000,7.0684876442
10625330000000,6.76282644272
10625920000000,6.48248815536
10626500000000,6.18261241913
10627090000000,5.90263462067
10627670000000,5.60238313675
10628220000000,5.32232809067
10628800000000,5.04344463348
10629330000000,4.75345087051
10629890000000,4.48428297043
10630430000000,4.21422624588
10630990000000,3.95177960396
10631560000000,3.81208252907
10632110000000,3.7158703804
10632670000000,3.57054400444
10633190000000,3.43192076683
10633740000000,3.30957055092
10634310000000,3.18150019646
10634850000000,3.07316017151
10635410000000,2.99843668938
10635950000000,2.94141602516
10636470000000,2.90906429291
10637020000000,2.90704679489
10637560000000,2.92526078224
10638080000000,2.95496106148
10638610000000,3.01053190231
10639160000000,3.0840139389
10639690000000,3.18346881866
10640210000000,3.29448747635
10640720000000,3.40454959869
10641260000000,3.53439426422
10641780000000,3.69102907181
