
13279760000000,8.39239597321
13280380000000,8.07937526703
13280970000000,7.75666904449
13281570000000,7.4780664444
13282200000000,7.16968679428
13282790000000,6.85507249832
13283390000000,6.56866359711
13283970000000,6.26811361313
13284570000000,5.97987985611
13285160000000,5.67922019958
13285750000000,5.3824839592
13286390000000,5.10430955887
13286960000000,4.78543186188
13287520000000,4.49657058716
13288090000000,4.22495365143
13288630000000,3.92891120911
13289180000000,3.66656088829
13289740000000,3.39726448059
13290280000000,3.17317485809
13290820000000,2.9971909523
13291350000000,2.81786417961
13291910000000,2.64133071899
13292430000000,2.49312019348
13292960000000,2.39072585106
13293500000000,2.31074333191
13294020000000,2.25510883331
13294530000000,2.23414111137
13295060000000,2.24310135841
13295600000000,2.27661323547
13296110000000,2.3642911911
13296660000000,2.46930956841
13297180000000,2.62767577171
13297710000000,2.79615068436
13298220000000,2.98429250717
13298750000000,3.18037652969
13299270000000,3.36563611031
13299790000000,3.57223510742
