
10753660000000,7.35980272293
10754240000000,7.02078390121
10754840000000,6.74978113174
10755420000000,6.45159196854
10756040000000,6.15183115005
10756650000000,5.84133195877
10757210000000,5.541472435
10757780000000,5.26212406158
10758380000000,4.97226953506
10758920000000,4.67288208008
10759470000000,4.41235351562
10760020000000,4.14314603806
10760560000000,3.86355662346
10761110000000,3.59568786621
10761660000000,3.44472718239
10762230000000,3.45492625237
10762780000000,3.3172056675
10763320000000,3.15380358696
10763860000000,3.00768399239
10764390000000,2.88565707207
10764940000000,2.79125237465
10765490000000,2.70909261703
10766010000000,2.65556192398
10766530000000,2.62929964066
10767050000000,2.62929296494
10767580000000,2.65513181686
10768100000000,2.70583796501
10768630000000,2.78342986107
10769160000000,2.87599563599
10769700000000,2.9916741848
10770230000000,3.13553190231
10770780000000,3.2970328331
10771310000000,3.49745416641
