
19079970000000,7.40899515152
19080380000000,7.40898370743
19080790000000,7.40897512436
19081200000000,7.360891819
19081610000000,7.17695999146
19082010000000,6.97559928894
19082400000000,6.78239440918
19082780000000,6.57927083969
19083170000000,6.41491270065
19083570000000,6.23119926453
19083980000000,6.01846837997
19084380000000,5.81542873383
19084770000000,5.63160991669
19085150000000,5.43825054169
19085550000000,5.25455999374
19085960000000,5.07097053528
19086340000000,4.85830640793
19086720000000,4.71817302704
19087120000000,4.65779542923
19087500000000,4.56553173065
19087900000000,4.45045089722
19088280000000,4.33589506149
19088660000000,4.22627258301
19089040000000,4.11107063293
19089420000000,4.00261116028
19089790000000,3.91215109825
19090170000000,3.81123328209
19090600000000,3.72615885735
19090980000000,3.63482928276
19091340000000,3.55528616905
19091710000000,3.49435853958
19092080000000,3.43378376961
19092450000000,3.38137483597
19092820000000,3.34199905396
19093210000000,3.30508828163
19093580000000,3.27959012985
19093940000000,3.26367950439
19094340000000,3.25759577751
19094700000000,3.26258420944
19095060000000,3.28915214539
19095420000000,3.29310488701
19095780000000,3.30187678337
19096170000000,3.31734776497
19096540000000,3.34446191788
19096920000000,3.38340473175
19097280000000,3.42945981026
19097650000000,3.47865486145
19098000000000,3.54948687553
19098360000000,3.60385942459
19098710000000,3.66038441658
19099090000000,3.73189139366
19099450000000,3.80947470665
19099820000000,3.8855702877
19100160000000,3.97733974457
19100530000000,4.06852436066
