
13142690000000,8.59658527374
13143280000000,8.29669094086
13143920000000,7.99723911285
13144550000000,7.69729661942
13145170000000,7.3682513237
13145730000000,7.05897903442
13146340000000,6.78968000412
13146950000000,6.47186088562
13147540000000,6.17407894135
13148090000000,5.89489936829
13148660000000,5.60731124878
13149250000000,5.32837963104
13149800000000,5.04320526123
13150370000000,4.75378894806
13150930000000,4.48534584045
13151490000000,4.20624494553
13152050000000,3.92792344093
13152610000000,3.63903474808
13153150000000,3.4050617218
13153700000000,3.28720831871
13154250000000,3.10733246803
13154800000000,2.94805073738
13155350000000,2.80074381828
13155870000000,2.68302440643
13156400000000,2.58270382881
13156920000000,2.5122859478
13157450000000,2.46869325638
13157980000000,2.45898199081
13158590000000,2.47873044014
13159110000000,2.5344517231
13159630000000,2.60949158669
13160140000000,2.69996213913
13160670000000,2.84272766113
13161200000000,3.00852012634
13161710000000,3.18833446503
13162250000000,3.36741471291
13162770000000,3.56889843941
