10948820000000,8.197814941
10949430000000,8.19781494141
10950020000000,8.19779491425
10950650000000,8.19777584076
10951270000000,8.19775772095
10951900000000,8.19773769379
10952500000000,8.1977186203
10953160000000,8.14858913422
10953770000000,7.82706832886
10954360000000,7.52717781067
10954990000000,7.22727632523
10955580000000,6.90716695786
10956160000000,6.62722969055
10956720000000,6.32711029053
10957290000000,6.04710865021
10957840000000,5.76763868332
10958420000000,5.48782730103
10958980000000,5.18806934357
10959560000000,4.9078245163
10960120000000,4.62788772583
10960690000000,4.3476319313
10961240000000,4.05784368515
10961790000000,3.78754711151
10962340000000,3.58251214027
10962890000000,3.45378017426
10963420000000,3.24325251579
10963970000000,3.08290791512
10964500000000,2.92510843277
10965040000000,2.80000925064
10965560000000,2.67726063728
10966090000000,2.59255647659
10966610000000,2.52809476852
10967120000000,2.48822832108
10967660000000,2.47696781158
10968170000000,2.49306964874
10968700000000,2.53553295135
10969220000000,2.60358905792
10969760000000,2.69484567642
10970260000000,2.81716609001
10970810000000,2.94430541992
10971350000000,3.09862518311
10971880000000,3.26757049561
10972470000000,3.43580842018
10972980000000,3.64987325668
10973510000000,3.78256583214
10974030000000,3.83691811562
10974580000000,3.85847616196
