
11232840000000,8.16045951843
11233460000000,8.16045379639
11234080000000,8.16044807434
11234720000000,8.16044330597
11235340000000,8.16043758392
11235950000000,8.12660694122
11236540000000,7.84274673462
11237170000000,7.5705742836
11237760000000,7.25663042068
11238350000000,6.96912240982
11238930000000,6.6743311882
11239500000000,6.39889574051
11240110000000,6.09807825089
11240680000000,5.80089759827
11241260000000,5.52602815628
11241810000000,5.22649765015
11242380000000,4.9584274292
11242950000000,4.66859197617
11243520000000,4.38880586624
11244070000000,4.09911823273
11244620000000,3.84008455276
11245190000000,3.57592654228
11245720000000,3.31591057777
11246270000000,3.03916668892
11246830000000,2.77126932144
11247390000000,2.5099773407
11247920000000,2.23295164108
11248440000000,1.97834455967
11248980000000,1.86223602295
11249490000000,1.79867577553
11250020000000,1.76099276543
11250550000000,1.75582575798
11251090000000,1.78759992123
11251640000000,1.85897517204
11252170000000,1.96916747093
11252710000000,2.09975910187
11253210000000,2.26133131981
11253750000000,2.42101979256
11254300000000,2.61670923233
11254850000000,2.81305384636
11255400000000,3.02880883217
11255920000000,3.25368070602
11256480000000,3.47023963928
11257000000000,3.69170999527
11257520000000,3.92923045158
11258050000000,3.96642756462
11258560000000,3.96520161629
