11044200000000,7.946383
11044800000000,7.94638347626
11045400000000,7.9463891983
11046020000000,7.94639492035
11046620000000,7.74286842346
11047260000000,7.45344161987
11047840000000,7.13633108139
11048440000000,6.8782749176
11049110000000,6.6033782959
11049660000000,6.26399707794
11050240000000,5.98438739777
11050820000000,5.68505334854
11051410000000,5.40550613403
11051980000000,5.11500024796
11052560000000,4.82721567154
11053120000000,4.53371620178
11053690000000,4.24576330185
11054220000000,3.96602702141
11054770000000,3.69618630409
11055330000000,3.42642569542
11055880000000,3.15682578087
11056400000000,2.88727164268
11056950000000,2.60754966736
11057500000000,2.39237475395
11058030000000,2.1618950367
11058550000000,2.04771447182
11059080000000,2.02339458466
11059600000000,2.01080417633
11060120000000,2.03041028976
11060630000000,2.09143209457
11061230000000,2.16321635246
11061760000000,2.24599885941
11062300000000,2.35524988174
11062820000000,2.48114156723
11063350000000,2.62717604637
11063950000000,2.79524159431
11064490000000,3.00037670135
11065040000000,3.19689011574
11065560000000,3.40370368958
11066090000000,3.61077809334
11066600000000,3.82032394409
11067120000000,3.99493646622
11067660000000,3.99675416946
11068160000000,3.99684333801
