
13215170000000,8.48175525665
13215780000000,8.19879436493
13216440000000,7.90042877197
13217110000000,7.54702663422
13217720000000,7.22986984253
13218340000000,6.92148637772
13218930000000,6.6117939949
13219510000000,6.3136305809
13220160000000,6.03247880936
13220750000000,5.71448659897
13221340000000,5.41476488113
13221950000000,5.11434698105
13222510000000,4.81688976288
13223050000000,4.52682781219
13223640000000,4.26970624924
13224210000000,3.97032475471
13224760000000,3.69336414337
13225310000000,3.41495132446
13225860000000,3.13690090179
13226390000000,2.92279195786
13226910000000,2.73837637901
13227450000000,2.51285862923
13227980000000,2.35919523239
13228510000000,2.26463198662
13229020000000,2.19512796402
13229540000000,2.15787529945
13230080000000,2.15119767189
13230610000000,2.17649960518
13231130000000,2.2334446907
13231710000000,2.31729388237
13232250000000,2.43963909149
13232760000000,2.57866883278
13233270000000,2.72540235519
13233780000000,2.88275575638
13234300000000,3.07145524025
13234820000000,3.26500082016
13235330000000,3.4577870369
