
11151020000000,8.11625480652
11151650000000,8.11622619629
11152250000000,7.98428583145
11152890000000,7.68670558929
11153480000000,7.3761639595
11154080000000,7.07658433914
11154640000000,6.76703929901
11155260000000,6.49725627899
11155870000000,6.18726062775
11156440000000,5.87759780884
11157030000000,5.59900188446
11157580000000,5.29931163788
11158240000000,5.02979946136
11158810000000,4.68958997726
11159370000000,4.41004753113
11159930000000,4.13995265961
11160490000000,3.86080646515
11161040000000,3.58385848999
11161610000000,3.30319619179
11162170000000,3.02510142326
11162740000000,2.73559904099
11163270000000,2.44799184799
11163810000000,2.18856716156
11164350000000,1.98458647728
11164890000000,1.83000063896
11165420000000,1.79337692261
11165960000000,1.80969405174
11166500000000,1.85384309292
11167030000000,1.93169689178
11167600000000,2.01982188225
11168120000000,2.17073512077
11168620000000,2.27680540085
11169150000000,2.39877438545
11169690000000,2.53920793533
11170270000000,2.71534729004
11170810000000,2.91274642944
11171330000000,3.0991268158
11171850000000,3.27743864059
11172410000000,3.46178746223
11172940000000,3.67826962471
11173460000000,3.88594913483
11173990000000,4.09191703796
11174510000000,4.15359020233
