
10562600000000,7.78999233246
10563200000000,7.47066116333
10563800000000,7.16953325272
10564390000000,6.87088489532
10564970000000,6.59221601486
10565550000000,6.29844999313
10566120000000,6.01400089264
10566690000000,5.7112994194
10567230000000,5.43053722382
10567840000000,5.1576333046
10568410000000,4.84874010086
10568960000000,4.56547689438
10569520000000,4.29864931107
10570060000000,4.02303171158
10570600000000,3.81502437592
10571180000000,3.75452208519
10571720000000,3.63345527649
10572280000000,3.55294561386
10572870000000,3.41991472244
10573400000000,3.27285933495
10573930000000,3.16210651398
10574470000000,3.05740690231
10575010000000,2.98054790497
10575550000000,2.92135047913
10576080000000,2.88982868195
10576620000000,2.88135623932
10577150000000,2.89932060242
10577680000000,2.93980121613
10578210000000,2.99987030029
10578740000000,3.08964776993
10579250000000,3.19312620163
10579790000000,3.3092212677
10580300000000,3.44682312012
10580850000000,3.58074736595
