
10755900000000,7.76426935196
10756450000000,7.76431322098
10757060000000,7.76435422897
10757660000000,7.76439666748
10758250000000,7.7644405365
10758860000000,7.76448631287
10759470000000,7.71916341782
10760100000000,7.58179712296
10760700000000,7.26281166077
10761280000000,6.93668603897
10761890000000,6.65735149384
10762480000000,6.36113262177
10763100000000,6.06444883347
10763680000000,5.76151800156
10764240000000,5.45298671722
10764810000000,5.19171094894
10765360000000,4.90159225464
10765920000000,4.61656570435
10766470000000,4.35049819946
10767020000000,4.06401014328
10767530000000,3.78886771202
10768100000000,3.54177737236
10768650000000,3.2616789341
10769220000000,3.00268340111
10769750000000,2.65930914879
10770300000000,2.42234563828
10770810000000,2.13593673706
10771330000000,1.92476212978
10771900000000,1.63034129143
10772420000000,1.34283041954
10772950000000,1.15737128258
10773450000000,1.11575436592
10774010000000,1.22251367569
10774540000000,1.41437673569
10775050000000,1.61656212807
10775570000000,1.80181992054
10776080000000,1.96687543392
10776590000000,2.17733979225
10777150000000,2.39461708069
10777680000000,2.64788007736
10778220000000,2.88389635086
10778760000000,3.14635753632
10779300000000,3.38714385033
10779820000000,3.64363098145
10780340000000,3.76561141014
10780830000000,3.76443529129
10781360000000,3.76389241219
