
13355100000000,8.48929405212
13355730000000,8.17090034485
13356340000000,7.85122823715
13356920000000,7.54379177094
13357540000000,7.24137592316
13358130000000,6.94403839111
13358690000000,6.64348220825
13359290000000,6.37507390976
13359880000000,6.07635354996
13360480000000,5.7870593071
13361060000000,5.49017238617
13361600000000,5.19017839432
13362160000000,4.91441774368
13362700000000,4.633061409
13363280000000,4.37516832352
13363860000000,4.07488298416
13364420000000,3.78689312935
13364980000000,3.50974559784
13365520000000,3.23121547699
13366060000000,2.96322870255
13366590000000,2.68333959579
13367160000000,2.39617037773
13367690000000,2.13522624969
13368220000000,1.98526716232
13368750000000,1.83154785633
13369280000000,1.70193004608
13369820000000,1.61570847034
13370350000000,1.56554853916
13370860000000,1.62157034874
13371400000000,1.71298480034
13371930000000,1.86715757847
13372470000000,2.03961539268
13373000000000,2.24934029579
13373540000000,2.45863866806
13374070000000,2.67446732521
13374610000000,2.90344905853
13375100000000,3.16301178932
13375630000000,3.39796161652
