
19224750000000,7.14730262756
19225170000000,7.08637142181
19225580000000,6.91285800934
19225970000000,6.71417474747
19226380000000,6.53397130966
19226780000000,6.32790851593
19227220000000,6.15385293961
19227620000000,5.95710992813
19228020000000,5.76022291183
19228430000000,5.56891489029
19228840000000,5.3803691864
19229240000000,5.20432376862
19229640000000,5.02045583725
19230020000000,4.82160997391
19230410000000,4.64883136749
19230810000000,4.46132802963
19231190000000,4.28208875656
19231560000000,4.11070251465
19231960000000,3.92047476768
19232340000000,3.74222016335
19232710000000,3.57099866867
19233080000000,3.3884999752
19233470000000,3.22081232071
19233860000000,3.0589556694
19234230000000,2.87744665146
19234590000000,2.69161486626
19234980000000,2.51908540726
19235360000000,2.33587479591
19235710000000,2.17075896263
19236070000000,1.99722766876
19236460000000,1.83419370651
19236820000000,1.64844679832
19237180000000,1.49223041534
19237550000000,1.31083440781
19237900000000,1.15182447433
19238250000000,1.04530990124
19238600000000,0.981855630875
19238970000000,0.912598848343
19239330000000,0.827528595924
19239680000000,0.762619376183
19240030000000,0.723543405533
19240410000000,0.719881296158
19240790000000,0.78347837925
19241140000000,0.868056952953
19241500000000,0.992085158825
19241840000000,1.12718570232
19242190000000,1.23412537575
19242540000000,1.36585068703
19242900000000,1.52161359787
19243250000000,1.65689647198
19243600000000,1.80019032955
19243940000000,1.95039784908
19244290000000,2.10797667503
19244660000000,2.2587325573
19245040000000,2.43792104721
19245430000000,2.60856842995
19245800000000,2.76588058472
19246150000000,2.92058539391
19246500000000,3.08539056778
19246860000000,3.26440882683
19247250000000,3.43703985214
