
19153370000000,7.58359289169
19153790000000,7.58359718323
19154230000000,7.50915765762
19154640000000,7.31265306473
19155030000000,7.09928178787
19155440000000,6.91167402267
19155840000000,6.73331737518
19156240000000,6.54487371445
19156630000000,6.37209796906
19157060000000,6.19001674652
19157450000000,6.00733947754
19157840000000,5.83374357224
19158240000000,5.64173460007
19158630000000,5.47407388687
19159040000000,5.29860639572
19159450000000,5.12393474579
19159840000000,4.92555856705
19160220000000,4.74952554703
19160590000000,4.56679582596
19160970000000,4.3934545517
19161380000000,4.21941709518
19161750000000,4.04847764969
19162110000000,3.87368798256
19162490000000,3.70723247528
19162870000000,3.53201174736
19163240000000,3.34576177597
19163600000000,3.18520450592
19163960000000,3.00571084023
19164320000000,2.84509968758
19164710000000,2.65574860573
19165070000000,2.47630548477
19165430000000,2.31570601463
19165790000000,2.13600993156
19166150000000,1.9660115242
19166510000000,1.79681622982
19166870000000,1.66134214401
19167250000000,1.60998499393
19167600000000,1.581122756
19167980000000,1.52931380272
19168340000000,1.46224963665
19168710000000,1.40716564655
19169060000000,1.36452519894
19169420000000,1.34723854065
19169780000000,1.35166049004
19170130000000,1.37480831146
19170490000000,1.4160721302
19170840000000,1.48541307449
19171190000000,1.55974972248
19171540000000,1.64861238003
19171890000000,1.74452471733
19172240000000,1.85019791126
19172590000000,1.98629331589
19172960000000,2.1063644886
19173320000000,2.24561285973
19173700000000,2.37719488144
19174080000000,2.52635383606
19174440000000,2.67086601257
19174810000000,2.83648705482
19175160000000,2.98691868782
19175530000000,3.13139915466
19175890000000,3.2955904007
19176240000000,3.45197701454
