
13049040000000,8.64044570923
13049680000000,8.40925598145
13050280000000,8.08999347687
13050940000000,7.79034423828
13051530000000,7.45911884308
13052120000000,7.15977907181
13052700000000,6.85988664627
13053270000000,6.57001590729
13053890000000,6.28907012939
13054440000000,5.98941326141
13055000000000,5.70029830933
13055550000000,5.42017889023
13056120000000,5.15150403976
13056700000000,4.8710770607
13057260000000,4.59167575836
13057790000000,4.31148004532
13058350000000,4.03243255615
13058900000000,3.75241303444
13059430000000,3.63455963135
13060010000000,3.47940707207
13060560000000,3.25439310074
13061110000000,3.04592037201
13061640000000,2.86654305458
13062190000000,2.69906163216
13062730000000,2.54947137833
13063280000000,2.42780041695
13063810000000,2.33354520798
13064340000000,2.28959226608
13064860000000,2.26854634285
13065390000000,2.2940132618
13065920000000,2.33541059494
13066440000000,2.41435003281
13066960000000,2.5190012455
13067480000000,2.65059971809
13068020000000,2.80279779434
13068560000000,2.95860362053
13069090000000,3.1465857029
13069690000000,3.34128403664
