
13355100000000,9.69462966919
13355730000000,9.42125415802
13356340000000,9.14956188202
13356920000000,8.89162158966
13357540000000,8.64127731323
13358130000000,8.3984670639
13358690000000,8.15688228607
13359290000000,7.94443225861
13359880000000,7.71225881577
13360480000000,7.49198198318
13361060000000,7.27075576782
13361600000000,7.0531039238
13362160000000,6.8583688736
13362700000000,6.66592407227
13363280000000,6.49512004852
13363860000000,6.30403470993
13364420000000,6.12887191772
13364980000000,5.96868133545
13365520000000,5.8163690567
13366060000000,5.67905330658
13366590000000,5.55970907211
13367160000000,5.49189186096
13367690000000,5.41095876694
13368220000000,5.49379825592
13368750000000,5.57424879074
13369280000000,5.66335344315
13369820000000,5.77959632874
13370350000000,5.87761592865
13370860000000,6.0560297966
13371400000000,6.23476743698
13371930000000,6.44848966599
13372470000000,6.66179943085
13373000000000,6.89983940125
13373540000000,7.12595176697
13374070000000,7.35025691986
13374610000000,7.58276939392
13375100000000,7.84377479553
13375630000000,8.07838344574
