
19153370000000,8.99555778503
19153790000000,8.99556159973
19154230000000,8.95233631134
19154640000000,8.80350399017
19155030000000,8.62517356873
19155440000000,8.4743309021
19155840000000,8.33383846283
19156240000000,8.18492507935
19156630000000,8.04837799072
19157060000000,7.90368318558
19157450000000,7.76197719574
19157840000000,7.62622451782
19158240000000,7.47893047333
19158630000000,7.35172462463
19159040000000,7.22132205963
19159450000000,7.09382104874
19159840000000,6.94674539566
19160220000000,6.81947135925
19160590000000,6.68874025345
19160970000000,6.56423425674
19161380000000,6.44192361832
19161750000000,6.32510519028
19162110000000,6.20694160461
19162490000000,6.09722089767
19162870000000,5.98462533951
19163240000000,5.86813163757
19163600000000,5.77077579498
19163960000000,5.66534137726
19164320000000,5.57420635223
19164710000000,5.47069644928
19165070000000,5.37705993652
19165430000000,5.29698991776
19165790000000,5.21166229248
19166150000000,5.13553667068
19166510000000,5.06411409378
19166870000000,5.01614570618
19167250000000,4.92208814621
19167600000000,4.81841039658
19167980000000,4.81562137604
19168330000000,4.95777416229
19168710000000,5.07858324051
19169060000000,5.2216424942
19169420000000,5.3606300354
19169780000000,5.48569345474
19170130000000,5.61374855042
19170490000000,5.74405097961
19170840000000,5.89862394333
19171190000000,6.03110599518
19171540000000,6.16694545746
19171890000000,6.30042409897
19172240000000,6.43647623062
19172590000000,6.59995079041
19172960000000,6.73831939697
19173320000000,6.89311408997
19173700000000,7.03453540802
19174080000000,7.19242143631
19174440000000,7.34292173386
19174810000000,7.5131778717
19175160000000,7.66613149643
19175530000000,7.81186151505
19175890000000,7.97637557983
19176240000000,8.13220596313
