
10622930000000,9.11855602264
10623530000000,8.90996170044
10624150000000,8.72764778137
10624760000000,8.48698616028
10625330000000,8.2399892807
10625920000000,8.0181016922
10626500000000,7.77912712097
10627090000000,7.55728197098
10627670000000,7.32387399673
10628220000000,7.1106004715
10628800000000,6.9031085968
10629330000000,6.69279336929
10629890000000,6.50293302536
10630430000000,6.31830215454
10630990000000,6.14683389664
10631560000000,6.06685161591
10632110000000,5.98784160614
10632670000000,6.00825500488
10633190000000,6.0934419632
10633740000000,6.17796373367
10634310000000,6.28270101547
10634850000000,6.39523458481
10635410000000,6.50792837143
10635950000000,6.63844203949
10636470000000,6.77706050873
10637020000000,6.91764307022
10637560000000,7.08488607407
10638080000000,7.22421598434
10638610000000,7.37899112701
10639160000000,7.52969360352
10639690000000,7.69571208954
10640210000000,7.85662174225
10640720000000,8.005443573
10641260000000,8.1660194397
10641780000000,8.34644603729
