
19079970000000,8.63901519775
19080380000000,8.63900566101
19080790000000,8.63899803162
19081200000000,8.59940433502
19081610000000,8.44318199158
19082010000000,8.27365779877
19082400000000,8.11230754852
19082780000000,7.94428300858
19083170000000,7.80953836441
19083570000000,7.66028404236
19083980000000,7.48937225342
19084380000000,7.32829427719
19084770000000,7.18419647217
19085150000000,7.03475284576
19085550000000,6.89479494095
19085960000000,6.75698137283
19086340000000,6.60015058517
19086720000000,6.48523521423
19087120000000,6.38044118881
19087500000000,6.31805038452
19087900000000,6.33187866211
19088280000000,6.36217355728
19088660000000,6.39120006561
19089040000000,6.41147947311
19089420000000,6.44247198105
19089790000000,6.47458839417
19090170000000,6.51629066467
19090600000000,6.55860519409
19090980000000,6.61309528351
19091340000000,6.67014312744
19091710000000,6.72230243683
19092080000000,6.78461933136
19092450000000,6.85104513168
19092820000000,6.91392564774
19093210000000,6.99146127701
19093580000000,7.06900262833
19093940000000,7.15005254745
19094340000000,7.22562932968
19094700000000,7.32373952866
19095060000000,7.4168753624
19095420000000,7.49384069443
19095780000000,7.56489086151
19096170000000,7.6370010376
19096540000000,7.72294521332
19096920000000,7.81713533401
19097280000000,7.90916967392
19097650000000,7.99490690231
19098000000000,8.0979757309
19098360000000,8.18020057678
19098710000000,8.26095676422
19099090000000,8.35555648804
19099450000000,8.45163440704
19099820000000,8.54097747803
19100160000000,8.64406204224
19100530000000,8.74258422852
