
13142690000000,9.78461265564
13143280000000,9.53274440765
13143920000000,9.28207969666
13144550000000,9.03404521942
13145170000000,8.76567935944
13145730000000,8.51724624634
13146340000000,8.30424880981
13146950000000,8.05741596222
13147540000000,7.82802820206
13148100000000,7.61791658401
13148660000000,7.40482807159
13149250000000,7.20355319977
13149800000000,7.0040512085
13150370000000,6.80571746826
13150930000000,6.62805938721
13151490000000,6.44980382919
13152050000000,6.27944660187
13152610000000,6.11096954346
13153150000000,5.9530749321
13153700000000,5.83780145645
13154250000000,5.89974832535
13154800000000,5.96986484528
13155350000000,6.05448961258
13155870000000,6.14366912842
13156400000000,6.24588441849
13156920000000,6.35811662674
13157450000000,6.47351026535
13157980000000,6.61378765106
13158590000000,6.76099872589
13159110000000,6.9332485199
13159630000000,7.08728408813
13160140000000,7.23916292191
13160670000000,7.42752122879
13161200000000,7.62882852554
13161710000000,7.83406877518
13162250000000,8.02949237823
13162770000000,8.24211597443
