
10753660000000,8.77039527893
10754240000000,8.50961112976
10754840000000,8.300365448
10755420000000,8.06152820587
10756040000000,7.82571840286
10756650000000,7.58625745773
10757210000000,7.35994625092
10757780000000,7.15399646759
10758380000000,6.9456949234
10758920000000,6.73686122894
10759470000000,6.56083726883
10760020000000,6.38504457474
10760560000000,6.20957374573
10761110000000,6.04880094528
10761660000000,5.98648023605
10762230000000,5.89112901688
10762780000000,5.95825481415
10763320000000,6.0313911438
10763860000000,6.11647081375
10764390000000,6.2094244957
10764940000000,6.30454301834
10765490000000,6.42105054855
10766010000000,6.54278039932
10766530000000,6.66824865341
10767050000000,6.80676460266
10767580000000,6.94732475281
10768100000000,7.09455347061
10768630000000,7.25430679321
10769160000000,7.40779304504
10769700000000,7.57318687439
10770230000000,7.75688409805
10770780000000,7.94271659851
10771310000000,8.1591424942
