
10689400000000,9.00841712952
10690000000000,8.72298431396
10690610000000,8.4651966095
10691180000000,8.21861171722
10691790000000,7.96693277359
10692350000000,7.71820640564
10692910000000,7.48949384689
10693490000000,7.27325105667
10694070000000,7.05417919159
10694700000000,6.83920621872
10695310000000,6.60858488083
10695860000000,6.40232753754
10696420000000,6.21450996399
10697010000000,6.03400325775
10697610000000,5.85022163391
10698140000000,5.68696832657
10698670000000,5.70398283005
10699180000000,5.73050737381
10699720000000,5.76575613022
10700260000000,5.83617115021
10700810000000,5.92293119431
10701330000000,6.02796411514
10701840000000,6.14619064331
10702400000000,6.2912979126
10702940000000,6.44493246078
10703480000000,6.60129976273
10704020000000,6.7647690773
10704540000000,6.92207574844
10705090000000,7.091381073
10705590000000,7.27963161469
10706110000000,7.45959329605
10706640000000,7.64415454865
10707160000000,7.82504653931
10707690000000,8.04357624054
10708220000000,8.21941566467
