
11151020000000,9.17106533051
11151650000000,9.17104148865
11152250000000,9.05918598175
11152890000000,8.81039619446
11153480000000,8.55434322357
11154080000000,8.31092262268
11154640000000,8.06344509125
11155260000000,7.85128736496
11155870000000,7.61219549179
11156440000000,7.37856960297
11157030000000,7.17319726944
11157580000000,6.95804691315
11158250000000,6.77008867264
11158810000000,6.5410861969
11159370000000,6.36035871506
11159930000000,6.19272375107
11160490000000,6.02726364136
11161040000000,5.87162160873
11161610000000,5.72330188751
11162170000000,5.58638238907
11162740000000,5.45551776886
11163270000000,5.3377699852
11163810000000,5.24274778366
11164350000000,5.22172260284
11164890000000,5.21951293945
11165420000000,5.43156814575
11165960000000,5.60266017914
11166500000000,5.83089351654
11167030000000,6.05676984787
11167600000000,6.24296140671
11168120000000,6.5005774498
11168620000000,6.69715261459
11169150000000,6.88843822479
11169690000000,7.08291244507
11170270000000,7.3049492836
11170810000000,7.53642368317
11171330000000,7.74511671066
11171850000000,7.94020223618
11172410000000,8.13501167297
11172940000000,8.35763072968
11173460000000,8.56673622131
11173990000000,8.77101802826
11174510000000,8.83170604706
