
18970360000000,9.23245811462
18970760000000,9.23247718811
18971160000000,9.20218753815
18971560000000,9.04875469208
18971960000000,8.88300704956
18972370000000,8.73481082916
18972800000000,8.57214736938
18973210000000,8.41896724701
18973610000000,8.25920963287
18974000000000,8.10069656372
18974410000000,7.95913648605
18974820000000,7.81125020981
18975210000000,7.6581788063
18975600000000,7.52195882797
18975980000000,7.38753604889
18976410000000,7.2552895546
18976800000000,7.09857749939
18977180000000,6.97780752182
18977570000000,6.85380268097
18977950000000,6.71948814392
18978330000000,6.60652589798
18978710000000,6.49066400528
18979100000000,6.37789964676
18979470000000,6.25721931458
18979850000000,6.15751838684
18980240000000,6.05593919754
18980630000000,5.94411659241
18981000000000,5.84828805923
18981370000000,5.83970451355
18981760000000,5.88130283356
18982130000000,5.93097114563
18982500000000,5.98531627655
18982890000000,6.05147600174
18983270000000,6.1366481781
18983640000000,6.21519374847
18984020000000,6.29585266113
18984380000000,6.39188051224
18984750000000,6.48603153229
18985150000000,6.58893966675
18985510000000,6.70102596283
18985870000000,6.80501794815
18986230000000,6.90583372116
18986600000000,7.02751731873
18986960000000,7.14603614807
18987320000000,7.25439119339
18987680000000,7.36483001709
18988050000000,7.4906001091
18988420000000,7.60513877869
18988790000000,7.73527812958
18989130000000,7.87456607819
18989490000000,8.00214385986
18989850000000,8.11817646027
18990190000000,8.24809074402
18990550000000,8.36685657501
18990950000000,8.46909046173
18991310000000,8.60213279724
