
19292390000000,8.29429340363
19292810000000,8.29423141479
19293210000000,8.23853969574
19293620000000,8.07466220856
19294020000000,7.93098592758
19294440000000,7.78739213943
19294840000000,7.64159584045
19295230000000,7.50411844254
19295640000000,7.36788702011
19296070000000,7.22322797775
19296490000000,7.09192419052
19296880000000,6.99870634079
19297260000000,6.91875219345
19297640000000,6.85233354568
19298010000000,6.85550069809
19298380000000,6.87639713287
19298760000000,6.90536022186
19299180000000,6.91427993774
19299560000000,6.92540931702
19299930000000,6.93969583511
19300310000000,6.95833539963
19300680000000,6.97866153717
19301080000000,7.00370073318
19301510000000,7.03408908844
19301880000000,7.07222986221
19302280000000,7.10662698746
19302700000000,7.15475702286
19303110000000,7.20783233643
19303480000000,7.26278924942
19303900000000,7.31984376907
19304280000000,7.38590097427
19304660000000,7.447016716
19305010000000,7.52003908157
19305380000000,7.58682107925
19305740000000,7.65778446198
19306110000000,7.7337346077
19306500000000,7.80559158325
19306860000000,7.89884233475
19307210000000,7.98367786407
19307590000000,8.06826400757
19307950000000,8.1563949585
19308310000000,8.25379180908
19308660000000,8.34118556976
19309020000000,8.43096923828
19309400000000,8.53455734253
19309760000000,8.63337898254
