
13279760000000,9.57868766785
13280380000000,9.30437850952
13280970000000,9.02622890472
13281570000000,8.7885761261
13282200000000,8.52838134766
13282790000000,8.26843547821
13283390000000,8.03437137604
13283970000000,7.79577922821
13284570000000,7.57111263275
13285160000000,7.34125137329
13285760000000,7.11973810196
13286390000000,6.91705179214
13286960000000,6.69133806229
13287520000000,6.4934091568
13288090000000,6.31389713287
13288630000000,6.12577390671
13289180000000,5.96635198593
13289740000000,5.81558656693
13290280000000,5.68358802795
13290820000000,5.67478132248
13291350000000,5.71469736099
13291910000000,5.75807714462
13292430000000,5.85980176926
13292960000000,5.95652198792
13293500000000,6.08152294159
13294020000000,6.21975803375
13294530000000,6.35724925995
13295060000000,6.501557827
13295600000000,6.64814138412
13296110000000,6.82899284363
13296660000000,6.99490261078
13297180000000,7.20348167419
13297710000000,7.40795183182
13298220000000,7.62327051163
13298750000000,7.8368973732
13299270000000,8.0348072052
13299790000000,8.24951171875
