
10496200000000,8.94915390015
10496780000000,8.94915390015
10497370000000,8.69923114777
10497960000000,8.4513053894
10498600000000,8.21475696564
10499180000000,7.95920372009
10499760000000,7.72017908096
10500340000000,7.51442480087
10500930000000,7.2855386734
10501480000000,7.06601381302
10502030000000,6.86454820633
10502580000000,6.67711114883
10503120000000,6.51407384872
10503670000000,6.48917293549
10504240000000,6.52553939819
10504810000000,6.56656312943
10505350000000,6.61795330048
10505900000000,6.67813920975
10506420000000,6.74581956863
10506970000000,6.82359838486
10507520000000,6.89334344864
10508050000000,6.97095251083
10508590000000,7.05553817749
10509140000000,7.14654254913
10509680000000,7.26117324829
10510220000000,7.38412189484
10510750000000,7.51924991608
10511260000000,7.65219306946
10511770000000,7.79133081436
10512280000000,7.93103313446
10512800000000,8.0756855011
10513320000000,8.237865448
10513880000000,8.39282417297
10514410000000,8.5771818161
10514960000000,8.60039901733
