
13049040000000,9.73165225983
13049680000000,9.52559280396
13050280000000,9.24610042572
13050940000000,8.9861536026
13051530000000,8.70187282562
13052120000000,8.44801998138
13052700000000,8.19687652588
13053270000000,7.95736312866
13053890000000,7.72878074646
13054440000000,7.48873138428
13055000000000,7.26157188416
13055550000000,7.0455198288
13056120000000,6.84269714355
13056700000000,6.63593626022
13057260000000,6.43545722961
13057790000000,6.24047851562
13058350000000,6.05311727524
13058900000000,5.8724193573
13059430000000,5.73705625534
13060010000000,5.67379331589
13060560000000,5.70010995865
13061110000000,5.731528759
13061640000000,5.76824378967
13062190000000,5.84367609024
13062730000000,5.93169403076
13063280000000,6.02776527405
13063810000000,6.13243198395
13064340000000,6.26417016983
13064860000000,6.39816999435
13065390000000,6.55500984192
13065920000000,6.6993060112
13066440000000,6.87561416626
13066960000000,7.04953193665
13067480000000,7.23093318939
13068020000000,7.42239046097
13068560000000,7.60420131683
13069090000000,7.81134319305
13069690000000,8.01688766479
