
19224750000000,8.38040447235
19225170000000,8.33342075348
19225580000000,8.19295310974
19225970000000,8.03333854675
19226380000000,7.88880872726
19226780000000,7.72580862045
19227220000000,7.59057378769
19227620000000,7.43898153305
19228020000000,7.28918933868
19228430000000,7.14680337906
19228840000000,7.00765419006
19229240000000,6.8797826767
19229640000000,6.74973201752
19230020000000,6.6104722023
19230410000000,6.49299049377
19230810000000,6.3682513237
19231190000000,6.25121116638
19231560000000,6.14300489426
19231960000000,6.0255188942
19232340000000,5.91864109039
19232710000000,5.82008075714
19233080000000,5.71816635132
19233470000000,5.62727117538
19233860000000,5.54439496994
19234230000000,5.45301008224
19234590000000,5.36447286606
19234980000000,5.28735303879
19235360000000,5.20818471909
19235710000000,5.14240980148
19236070000000,5.07786560059
19236460000000,5.01894521713
19236820000000,4.95866584778
19237180000000,4.91247701645
19237550000000,4.86137533188
19237900000000,4.82213258743
19238250000000,4.7607216835
19238600000000,4.69652462006
19238970000000,4.6714630127
19239330000000,4.75238466263
19239680000000,4.88109827042
19240030000000,4.98395442963
19240410000000,5.10136938095
19240790000000,5.27253913879
19241140000000,5.42993021011
19241500000000,5.59331703186
19241840000000,5.75593805313
19242190000000,5.87846946716
19242540000000,6.02283620834
19242900000000,6.18741226196
19243250000000,6.32810497284
19243600000000,6.47548246384
19243940000000,6.62877988815
19244290000000,6.78811502457
19244660000000,6.93949651718
19245040000000,7.11850309372
19245430000000,7.28825902939
19245800000000,7.4439368248
19246150000000,7.5973405838
19246500000000,7.7613158226
19246860000000,7.93951845169
19247250000000,8.1112165451
