11044200000000,9.2625341
11044800000000,9.26253414154
11045400000000,9.26253890991
11046020000000,9.26254367828
11046620000000,9.07892131805
11047260000000,8.82618904114
11047840000000,8.55171203613
11048440000000,8.33232498169
11049110000000,8.11478328705
11049660000000,7.85003805161
11050240000000,7.63635826111
11050820000000,7.41242742538
11051410000000,7.20828151703
11051980000000,6.99871873856
11052560000000,6.7954621315
11053120000000,6.59543609619
11053690000000,6.40387678146
11054220000000,6.22507143021
11054770000000,6.05985498428
11055330000000,5.902364254
11055880000000,5.7533082962
11056400000000,5.613260746
11056950000000,5.47840452194
11057500000000,5.35838890076
11058030000000,5.26292514801
11058550000000,5.37718343735
11059080000000,5.567466259
11059600000000,5.76876974106
11060120000000,5.96027517319
11060630000000,6.16268777847
11061230000000,6.35799598694
11061760000000,6.56772518158
11062300000000,6.77457904816
11062820000000,6.97140073776
11063350000000,7.17287015915
11063950000000,7.3844037056
11064490000000,7.62491321564
11065040000000,7.84383487701
11065560000000,8.06614685059
11066090000000,8.28319549561
11066600000000,8.49885559082
11067120000000,8.67550468445
11067660000000,8.67734718323
11068160000000,8.67743587494
