
10755900000000,8.89576053619
10756450000000,8.89579868317
10757060000000,8.89583396912
10757660000000,8.89587020874
10758250000000,8.89590835571
10758860000000,8.89594745636
10759470000000,8.8560552597
10760100000000,8.73262119293
10760700000000,8.45420360565
10761280000000,8.17287063599
10761890000000,7.93220663071
10762480000000,7.69695949554
10763100000000,7.46732854843
10763680000000,7.23906135559
10764240000000,7.01280546188
10764810000000,6.82620573044
10765360000000,6.62480735779
10765920000000,6.43467712402
10766470000000,6.26351928711
10767020000000,6.09321069717
10767530000000,5.95025634766
10768100000000,5.8306927681
10768650000000,5.70450305939
10769220000000,5.59931278229
10769750000000,5.45764732361
10770300000000,5.35375452042
10770810000000,5.236515522
10771330000000,5.14543294907
10771900000000,5.13034057617
10772420000000,5.16536092758
10772950000000,5.26436710358
10773450000000,5.43457221985
10774010000000,5.65529108047
10774540000000,5.92456102371
10775050000000,6.16863679886
10775570000000,6.39878559113
10776080000000,6.59725856781
10776590000000,6.82764863968
10777150000000,7.05726671219
10777680000000,7.32000207901
10778220000000,7.56107139587
10778760000000,7.82636928558
10779300000000,8.06794261932
10779820000000,8.32347106934
10780340000000,8.44349193573
10780830000000,8.4424238205
10781360000000,8.44188022614
