10948820000000,9.263048
10949430000000,9.263048172
10950020000000,9.26303100586
10950640000000,9.2630147934
10951270000000,9.26299858093
10951900000000,9.26298141479
10952500000000,9.26296424866
10953160000000,9.222697258
10953770000000,8.94873905182
10954360000000,8.69541072845
10954990000000,8.44507312775
10955580000000,8.18148612976
10956160000000,7.95432662964
10956720000000,7.71463441849
10957290000000,7.49492120743
10957840000000,7.27972173691
10958420000000,7.06871175766
10958980000000,6.84791469574
10959560000000,6.64708471298
10960120000000,6.45237874985
10960690000000,6.26387786865
10961240000000,6.07645559311
10961790000000,5.90913009644
10962340000000,5.76989412308
10962890000000,5.6704750061
10963420000000,5.71003913879
10963970000000,5.78178024292
10964500000000,5.87103748322
10965040000000,5.96086788177
10965560000000,6.07613658905
10966090000000,6.18540143967
10966610000000,6.30689573288
10967120000000,6.44185447693
10967660000000,6.56861829758
10968170000000,6.7247505188
10968700000000,6.87616300583
10969220000000,7.03427219391
10969760000000,7.19790220261
10970260000000,7.38096618652
10970810000000,7.5489282608
10971350000000,7.7355055809
10971880000000,7.92638874054
10972470000000,8.10748291016
10972980000000,8.32929420471
10973510000000,8.463139534
10974030000000,8.51750850677
10974580000000,8.5390920639
