
13215170000000,9.69813537598
13215780000000,9.46454524994
13216440000000,9.22013568878
13217110000000,8.92874240875
13217720000000,8.66941070557
13218340000000,8.42057800293
13218930000000,8.17496299744
13219510000000,7.94270467758
13220160000000,7.72761154175
13220750000000,7.48975133896
13221340000000,7.27083873749
13221950000000,7.05748414993
13222510000000,6.85264396667
13223050000000,6.6594581604
13223640000000,6.49423217773
13224210000000,6.30956697464
13224760000000,6.14669513702
13225310000000,5.99143791199
13225860000000,5.84564256668
13226390000000,5.7083773613
13226910000000,5.68289279938
13227450000000,5.61091899872
13227980000000,5.6825876236
13228510000000,5.81399154663
13229020000000,5.95857286453
13229540000000,6.10651731491
13230080000000,6.25490283966
13230610000000,6.42311239243
13231130000000,6.59573078156
13231710000000,6.76995038986
13232250000000,6.96967601776
13232760000000,7.162566185
13233270000000,7.34290742874
13233780000000,7.52551221848
13234300000000,7.73343706131
13234820000000,7.93842554092
13235330000000,8.13690567017
