
11232840000000,9.25832271576
11233460000000,9.25831794739
11234080000000,9.25831317902
11234720000000,9.25830841064
11235340000000,9.25830459595
11235950000000,9.23095035553
11236540000000,8.98429012299
11237170000000,8.74718284607
11237760000000,8.48396205902
11238350000000,8.24592494965
11238930000000,8.01276493073
11239500000000,7.8065123558
11240110000000,7.58952140808
11240680000000,7.38139343262
11241260000000,7.19558858871
11241810000000,7.00021982193
11242380000000,6.80052852631
11242950000000,6.58616113663
11243520000000,6.3848900795
11244070000000,6.18279266357
11244620000000,6.01282024384
11245190000000,5.84330129623
11245720000000,5.71378278732
11246270000000,5.58383750916
11246830000000,5.47191762924
11247390000000,5.36790418625
11247920000000,5.2710018158
11248440000000,5.19871520996
11248980000000,5.25063848495
11249490000000,5.35976696014
11250020000000,5.51993179321
11250550000000,5.71433067322
11251090000000,5.91299629211
11251640000000,6.12517213821
11252170000000,6.34900712967
11252710000000,6.56063890457
11253210000000,6.78704690933
11253750000000,6.99336242676
11254300000000,7.22670793533
11254850000000,7.45028543472
11255400000000,7.68559217453
11255920000000,7.92308998108
11256480000000,8.14668369293
11257000000000,8.37167358398
11257520000000,8.60994052887
11258060000000,8.64648628235
11258560000000,8.64522743225
