
10753660000000,9.31575202942
10754240000000,8.99282169342
10754840000000,8.73046302795
10755420000000,8.43941020966
10756040000000,8.1526966095
10756650000000,7.85430002213
10757210000000,7.57032775879
10757780000000,7.30836343765
10758380000000,7.05384397507
10758920000000,6.7970252037
10759470000000,6.59182262421
10760020000000,6.39560604095
10760560000000,6.21965026855
10761110000000,6.05411672592
10761660000000,5.99793195724
10762230000000,5.89769363403
10762780000000,5.96727800369
10763320000000,6.06238937378
10763860000000,6.17829084396
10764390000000,6.28213977814
10764940000000,6.39584064484
10765490000000,6.50789690018
10766010000000,6.65494823456
10766530000000,6.7710981369
10767050000000,6.93684339523
10767580000000,7.03600597382
10768100000000,7.20074748993
10768630000000,7.33980464935
10769160000000,7.51295423508
10769700000000,7.65776824951
10770230000000,7.82274103165
10770780000000,7.98925590515
10771310000000,8.18269824982
