
13142690000000,10.5348787308
13143280000000,10.2386465073
13143920000000,9.94245433807
13144550000000,9.64594459534
13145170000000,9.32304573059
13145730000000,9.02070522308
13146340000000,8.7597990036
13146950000000,8.45212459564
13147540000000,8.16747570038
13148090000000,7.90073537827
13148660000000,7.63531160355
13149250000000,7.38081073761
13149800000000,7.11699962616
13150370000000,6.87217569351
13150930000000,6.66513776779
13151490000000,6.4653711319
13152050000000,6.28393554688
13152610000000,6.12145185471
13153150000000,5.96676826477
13153700000000,5.84267234802
13154250000000,5.93884801865
13154800000000,6.01653003693
13155350000000,6.1214632988
13155870000000,6.22952699661
13156400000000,6.33823394775
13156920000000,6.43901729584
13157450000000,6.60211086273
13157980000000,6.73315238953
13158590000000,6.84825515747
13159110000000,7.06469249725
13159630000000,7.20918083191
13160140000000,7.33709955215
13160670000000,7.50451231003
13161200000000,7.68816900253
13161710000000,7.87975263596
13162250000000,8.04716396332
13162770000000,8.2904253006
