
13355100000000,9.57164955139
13355730000000,9.25965881348
13356340000000,8.95230770111
13356920000000,8.65198326111
13357540000000,8.36153507233
13358130000000,8.08383083344
13358690000000,7.80352830887
13359290000000,7.55983114243
13359880000000,7.3069767952
13360480000000,7.06917047501
13361060000000,6.8371796608
13361600000000,6.60990095139
13362160000000,6.40821456909
13362700000000,6.20236635208
13363280000000,6.0222659111
13363860000000,5.83997869492
13364420000000,5.63966083527
13364980000000,5.46513414383
13365520000000,5.30583620071
13366020000000,5.15884113312
13366590000000,5.00330638885
13367160000000,4.83344268799
13367690000000,4.70063591003
13368220000000,4.47171115875
13368750000000,4.27990436554
13369280000000,4.06641149521
13369820000000,3.83598923683
13370350000000,3.69028735161
13370860000000,3.41428923607
13371400000000,3.19704937935
13371930000000,2.94677424431
13372470000000,2.71457457542
13373000000000,2.43800020218
13373540000000,2.19849443436
13374070000000,1.97221541405
13374610000000,1.7850985527
13375100000000,1.51855814457
13375630000000,1.31252014637
