
11232840000000,9.33780956268
11233460000000,9.33780384064
11234080000000,9.33779811859
11234720000000,9.33779525757
11235340000000,9.33778858185
11235950000000,9.30107212067
11236540000000,9.03572940826
11237170000000,8.78127002716
11237760000000,8.49711608887
11238350000000,8.23529911041
11238930000000,7.96731519699
11239500000000,7.72083091736
11240110000000,7.4581656456
11240680000000,7.20438861847
11241260000000,6.97092676163
11241810000000,6.71916437149
11242380000000,6.53075265884
11242950000000,6.34181833267
11243520000000,6.15853500366
11244070000000,5.98557758331
11244620000000,5.82847690582
11245190000000,5.67704582214
11245720000000,5.51762199402
11246270000000,5.33721494675
11246830000000,5.17895650864
11247730000000,5.06843471527
11247920000000,4.93620967865
11248440000000,4.81960821152
11248980000000,4.67927885056
11249490000000,4.52709770203
11250020000000,4.28234624863
11250550000000,4.03365516663
11251090000000,3.76371121407
11251640000000,3.4973320961
11252170000000,3.23353075981
11252710000000,2.96881747246
11253210000000,2.69186377525
11253750000000,2.44678711891
11254300000000,2.19290018082
11254850000000,1.91780722141
11255400000000,1.65336453915
11255920000000,1.39787423611
11256480000000,1.17963016033
11257000000000,0.981812298298
11257520000000,0.833187103271
11258050000000,0.832493185997
11258560000000,0.838099777699
