
11232840000000,8.16385555267
11233460000000,8.16384983063
11234080000000,8.16384410858
11234720000000,8.16384124756
11235340000000,8.16383552551
11235950000000,8.1305065155
11236540000000,7.84651088715
11237170000000,7.57369375229
11237760000000,7.25904846191
11238350000000,6.97210741043
11238930000000,6.67793750763
11239500000000,6.40152168274
11240110000000,6.10151529312
11240680000000,5.803606987
11241260000000,5.52808237076
11241810000000,5.22777748108
11242380000000,4.95945072174
11242950000000,4.67018079758
11243520000000,4.39044189453
11244070000000,4.10057020187
11244620000000,3.84143590927
11245190000000,3.57740592957
11245720000000,3.31830668449
11246270000000,3.04067111015
11246830000000,2.77394032478
11247390000000,2.51205205917
11247920000000,2.23466992378
11248440000000,1.98221313953
11248980000000,1.86667144299
11249490000000,1.80489802361
11250020000000,1.76798474789
11250550000000,1.76126658916
11251090000000,1.7894411087
11251640000000,1.86819720268
11252170000000,1.97075080872
11252710000000,2.10318636894
11253210000000,2.2721452713
11253750000000,2.45092463493
11254300000000,2.6502969265
11254850000000,2.84988331795
11255400000000,3.05096006393
11255920000000,3.2718706131
11256480000000,3.52319502831
11257000000000,3.69466209412
11257520000000,3.94398331642
11258050000000,3.98640942574
11258560000000,3.9850564003
