
13049040000000,9.7680683136
13049680000000,9.5430393219
13050280000000,9.24052715302
13050940000000,8.95992183685
13051540000000,8.64659309387
13052120000000,8.37572669983
13052700000000,8.10417747498
13053270000000,7.85209417343
13053890000000,7.6224694252
13054440000000,7.39380407333
13055000000000,7.16954088211
13055550000000,6.9709482193
13056120000000,6.76916694641
13056700000000,6.57807588577
13057260000000,6.38984680176
13057790000000,6.20168495178
13058320000000,6.02434539795
13058900000000,5.85606050491
13059430000000,5.84868955612
13060010000000,5.73083257675
13060560000000,5.45211458206
13061110000000,5.18638896942
13061640000000,4.95238876343
13062190000000,4.71344041824
13062730000000,4.41990470886
13063280000000,4.1839389801
13063810000000,3.93067073822
13064340000000,3.68270754814
13064860000000,3.44728398323
13065390000000,3.18947219849
13065920000000,2.97182583809
13066440000000,2.69808506966
13066960000000,2.44908952713
13067480000000,2.2159781456
13068020000000,1.97134876251
13068560000000,1.75614774227
13069090000000,1.51801991463
13069690000000,1.30494582653
