
11151020000000,10.02805233
11151650000000,10.0280265808
11152250000000,9.89573574066
11152890000000,9.59863948822
11153480000000,9.28755569458
11154080000000,8.98999977112
11154640000000,8.68147182465
11155260000000,8.41358375549
11155870000000,8.10830211639
11156440000000,7.8025226593
11157030000000,7.5335187912
11157580000000,7.24277639389
11158240000000,6.98766756058
11158810000000,6.67740869522
11159370000000,6.43891859055
11159930000000,6.22202920914
11160490000000,6.03474187851
11161040000000,5.8751335144
11161610000000,5.73033952713
11162170000000,5.6060795784
11162740000000,5.50527048111
11163270000000,5.3977637291
11163810000000,5.29470491409
11164350000000,5.30778884888
11164890000000,5.3014216423
11165420000000,5.48119974136
11165960000000,5.66969633102
11166500000000,5.94730949402
11167030000000,6.12414693832
11167600000000,6.34686183929
11168110000000,6.60010385513
11168620000000,6.79379701614
11169150000000,6.97417449951
11169690000000,7.18219852448
11170270000000,7.365442276
11170810000000,7.59373474121
11171330000000,7.77688455582
11171850000000,7.9586892128
11172410000000,8.18229293823
11172940000000,8.41391086578
11173460000000,8.62758541107
11173990000000,8.84369468689
11174510000000,8.89613342285
