
10755900000000,7.76750326157
10756450000000,7.76754617691
10757060000000,7.7676153183
10757660000000,7.76765537262
10758250000000,7.7676949501
10758860000000,7.76773786545
10759470000000,7.72192382812
10760100000000,7.58423042297
10760700000000,7.26568317413
10761280000000,6.93830490112
10761890000000,6.65787315369
10762480000000,6.36194515228
10763100000000,6.10231590271
10763680000000,5.76229715347
10764240000000,5.45426702499
10764810000000,5.19421577454
10765360000000,4.9052605629
10765920000000,4.6182513237
10766470000000,4.35197210312
10767020000000,4.0659737587
10767530000000,3.79160237312
10768100000000,3.57593655586
10768650000000,3.2648499012
10769220000000,3.00579667091
10769750000000,2.66009831429
10770290000000,2.4240398407
10770810000000,2.13787770271
10771330000000,1.95340442657
10771900000000,1.63335204124
10772420000000,1.3515048027
10772950000000,1.16035616398
10773450000000,1.11587750912
10774010000000,1.22329318523
10774540000000,1.42206633091
10775050000000,1.62576031685
10775570000000,1.82006001472
10776080000000,1.98606300354
10776590000000,2.21012306213
10777150000000,2.4142138958
10777680000000,2.65840101242
10778220000000,2.8845448494
10778760000000,3.15461158752
10779300000000,3.40188860893
10779820000000,3.66172122955
10780340000000,3.78761339188
10780830000000,3.79298782349
10781360000000,3.78854584694
