
10755900000000,9.67910861969
10756450000000,9.67915153503
10757060000000,9.67922592163
10757660000000,9.67926502228
10758250000000,9.6793050766
10758860000000,9.67934703827
10759470000000,9.63272666931
10760100000000,9.49328804016
10760700000000,9.17617702484
10761280000000,8.84853935242
10761890000000,8.56663036346
10762480000000,8.27133274078
10763100000000,8.01510429382
10763680000000,7.6769080162
10764240000000,7.37513971329
10764810000000,7.11629772186
10765360000000,6.8419547081
10765920000000,6.57243013382
10766470000000,6.34141397476
10767020000000,6.11746788025
10767530000000,5.96589422226
10768100000000,5.89999055862
10768650000000,5.72773885727
10769220000000,5.61117887497
10769750000000,5.5063624382
10770290000000,5.42568635941
10770810000000,5.29996061325
10771330000000,5.21562957764
10771900000000,5.2322716713
10772420000000,5.25399112701
10772950000000,5.33133363724
10773450000000,5.5139131546
10774010000000,5.72829198837
10774540000000,5.99123954773
10775050000000,6.23653507233
10775570000000,6.45234012604
10776080000000,6.6320476532
10776590000000,6.84425544739
10777150000000,7.09056043625
10777680000000,7.35775995255
10778220000000,7.60322380066
10778760000000,7.89249992371
10779300000000,8.13839912415
10779820000000,8.39928627014
10780340000000,8.51747989655
10780830000000,8.52623271942
10781360000000,8.51798820496
