
13215170000000,10.4195461273
13215780000000,10.1431617737
13216440000000,9.84966182709
13217110000000,9.50128936768
13217720000000,9.1942243576
13218340000000,8.89321231842
13218930000000,8.58752918243
13219510000000,8.30003643036
13220160000000,8.03059005737
13220750000000,7.73320960999
13221340000000,7.45694446564
13221950000000,7.18011379242
13222510000000,6.92622470856
13223050000000,6.69526433945
13223640000000,6.50846719742
13224210000000,6.31848621368
13224760000000,6.15601396561
13225310000000,6.01298141479
13225860000000,5.87569332123
13226390000000,5.74631690979
13226910000000,5.74070644379
13227450000000,5.68334293365
13227980000000,5.75042486191
13228510000000,5.8978805542
13229020000000,6.04356956482
13229540000000,6.22362565994
13230080000000,6.32461929321
13230610000000,6.54241323471
13231130000000,6.67853975296
13231710000000,6.87874746323
13232250000000,7.05804824829
13232760000000,7.22930049896
13233270000000,7.40018749237
13233780000000,7.56446027756
13234300000000,7.75655937195
13234820000000,7.97685718536
13235330000000,8.18531894684
