
19153370000000,8.6543006897
19153790000000,8.65430641174
19154230000000,8.56879806519
19154640000000,8.37334728241
19155030000000,8.16508483887
19155440000000,7.984146595
19155840000000,7.81265258789
19156240000000,7.63145399094
19156630000000,7.47251462936
19157060000000,7.31620693207
19157450000000,7.14978790283
19157840000000,7.00317382812
19158240000000,6.85285806656
19158630000000,6.72579860687
19159040000000,6.60142660141
19159450000000,6.46648597717
19159840000000,6.32802820206
19160220000000,6.20762586594
19160590000000,6.08425188065
19160970000000,5.97324991226
19161380000000,5.870698452
19161750000000,5.76276397705
19162110000000,5.66106319427
19162490000000,5.56869506836
19162870000000,5.48552942276
19163240000000,5.37697172165
19163600000000,5.30165433884
19163960000000,5.22148752213
19164320000000,5.15265321732
19164710000000,5.09504699707
19165070000000,5.03834342957
19165430000000,4.97743034363
19165790000000,4.93012189865
19166020000000,4.88853597641
19166510000000,4.83926725388
19166870000000,4.81361436844
19167250000000,4.92052555084
19167600000000,4.98322153091
19167980000000,4.95007276535
19168330000000,4.7513422966
19168710000000,4.6092300415
19169060000000,4.39854860306
19169420000000,4.2788848877
19169780000000,4.06216669083
19170130000000,3.91153645515
19170490000000,3.7353079319
19170840000000,3.5755853653
19171190000000,3.41300392151
19171540000000,3.28490614891
19171890000000,3.10642695427
19172240000000,2.95746636391
19172590000000,2.78278398514
19172960000000,2.62180018425
19173320000000,2.48457169533
19173700000000,2.2984995842
19174080000000,2.15283298492
19174440000000,2.00040960312
19174810000000,1.81507611275
19175160000000,1.66939377785
19175530000000,1.53930532932
19175890000000,1.39564979076
19176240000000,1.27214634418
