
10562600000000,9.73469734192
10563200000000,9.4158706665
10563800000000,9.1189661026
10564390000000,8.82099342346
10564970000000,8.54882049561
10565550000000,8.26040172577
10566120000000,7.98024511337
10566690000000,7.68745279312
10567230000000,7.41452980042
10567840000000,7.16081905365
10568410000000,6.8728685379
10568960000000,6.62879419327
10569520000000,6.40855741501
10570060000000,6.20409107208
10570600000000,6.07604408264
10571180000000,5.91111087799
10571720000000,6.02465867996
10572280000000,6.18046855927
10572870000000,6.27911996841
10573400000000,6.42707538605
10573930000000,6.48917484283
10574470000000,6.6095533371
10575010000000,6.70630836487
10575550000000,6.84097862244
10576080000000,6.93877077103
10576620000000,7.12128686905
10577150000000,7.22112321854
10577680000000,7.41215801239
10578210000000,7.53577280045
10578740000000,7.6982011795
10579250000000,7.85123300552
10579790000000,7.97675037384
10580300000000,8.12656402588
10580850000000,8.26810264587
