
10753660000000,7.3616642952
10754240000000,7.02285718918
10754840000000,6.75154018402
10755420000000,6.46472835541
10756040000000,6.15383148193
10756650000000,5.8430223465
10757210000000,5.54343795776
10757780000000,5.26437091827
10758380000000,4.97411584854
10758920000000,4.67400932312
10759470000000,4.41521692276
10760020000000,4.14468288422
10760560000000,3.86633372307
10761110000000,3.59764456749
10761660000000,3.44644570351
10762230000000,3.45629262924
10762780000000,3.31851673126
10763320000000,3.15890550613
10763860000000,3.01487755775
10764390000000,2.88901567459
10764940000000,2.80316615105
10765490000000,2.71049380302
10766010000000,2.65879178047
10766530000000,2.6300110817
10767050000000,2.63447380066
10767580000000,2.65534806252
10768100000000,2.70980763435
10768630000000,2.7990398407
10769160000000,2.89948058128
10769700000000,3.03849458694
10770230000000,3.17591142654
10770780000000,3.32904887199
10771310000000,3.52839875221
