
10753660000000,8.45797920227
10754240000000,8.12126255035
10754840000000,7.86069917679
10755420000000,7.58229017258
10756040000000,7.32047986984
10756650000000,7.05548906326
10757210000000,6.82278585434
10757780000000,6.61436367035
10758380000000,6.39888381958
10758920000000,6.18428087234
10759470000000,6.00319433212
10760020000000,5.82705307007
10760560000000,5.64499092102
10761120000000,5.48264122009
10761660000000,5.36950016022
10762230000000,5.4858341217
10762780000000,5.25289869308
10763320000000,4.9768075943
10763860000000,4.70084667206
10764390000000,4.42969322205
10764940000000,4.18032693863
10765490000000,3.91142725945
10766010000000,3.64628410339
10766530000000,3.39498615265
10767050000000,3.12928462029
10767580000000,2.88471412659
10768100000000,2.62818026543
10768630000000,2.37668657303
10769160000000,2.13911294937
10769700000000,1.90729427338
10770230000000,1.66629135609
10770780000000,1.42852079868
10771310000000,1.17751526833
