
11151020000000,8.11936950684
11151650000000,8.11934185028
11152250000000,7.98772573471
11152890000000,7.68901443481
11153480000000,7.37781667709
11154080000000,7.0802192688
11154640000000,6.76926708221
11155260000000,6.49936532974
11155870000000,6.19023704529
11156440000000,5.87990283966
11157030000000,5.60125684738
11157580000000,5.3015666008
11158240000000,5.0330080986
11158810000000,4.69254112244
11159370000000,4.41182899475
11159930000000,4.14215421677
11160490000000,3.86240363121
11161040000000,3.58515906334
11161610000000,3.30542469025
11162170000000,3.02659392357
11162740000000,2.73725295067
11163270000000,2.5166580677
11163810000000,2.19052243233
11164350000000,1.98611235619
11164890000000,1.83395397663
11165420000000,1.80085027218
11165960000000,1.8149780035
11166500000000,1.85621714592
11167030000000,1.93279898167
11167600000000,2.02869272232
11168110000000,2.17877554893
11168620000000,2.27954721451
11169150000000,2.41726589203
11169680000000,2.56426334381
11170270000000,2.74539661407
11170810000000,2.95063257217
11171330000000,3.13486051559
11171850000000,3.30158042908
11172410000000,3.472240448
11172940000000,3.68577623367
11173460000000,3.90165400505
11173990000000,4.11569786072
11174510000000,4.17367601395
