
10948820000000,8.20021724701
10949430000000,8.2001953125
10950020000000,8.20017719269
10950640000000,8.20015907288
10951270000000,8.20014095306
10951900000000,8.20010948181
10952500000000,8.200091362
10953160000000,8.15221977234
10953770000000,7.83199501038
10954360000000,7.52921247482
10954990000000,7.22931098938
10955580000000,6.90943241119
10956160000000,6.62934589386
10956720000000,6.32925748825
10957290000000,6.04923439026
10957840000000,5.76978206635
10958420000000,5.49075889587
10958980000000,5.19054079056
10959560000000,4.9095454216
10960120000000,4.63012599945
10960690000000,4.34924459457
10961240000000,4.0595331192
10961790000000,3.79012870789
10962340000000,3.58389687538
10962890000000,3.45411515236
10963420000000,3.24482011795
10963970000000,3.08602428436
10964500000000,2.92705774307
10965040000000,2.80324339867
10965560000000,2.68396472931
10966090000000,2.59649777412
10966610000000,2.53807020187
10967120000000,2.49053168297
10967660000000,2.49419474602
10968170000000,2.49711489677
10968700000000,2.53681850433
10969220000000,2.61719632149
10969760000000,2.71233177185
10970260000000,2.85367298126
10970820000000,2.97843766212
10971350000000,3.11834836006
10971880000000,3.29842329025
10972470000000,3.4485309124
10972980000000,3.65758347511
10973510000000,3.79374051094
10974030000000,3.85344982147
10974580000000,3.871778965
