
13279760000000,8.39424324036
13280380000000,8.08153152466
13280970000000,7.75857877731
13281570000000,7.47993659973
13282200000000,7.17233562469
13282790000000,6.85670948029
13283390000000,6.57081747055
13283970000000,6.26993083954
13284570000000,5.98119831085
13285160000000,5.68073606491
13285750000000,5.3853802681
13286390000000,5.10546207428
13286960000000,4.78810977936
13287520000000,4.4982881546
13288090000000,4.22704792023
13288630000000,3.9322783947
13289180000000,3.66778898239
13289740000000,3.39910554886
13290280000000,3.17442417145
13290820000000,2.99964761734
13291350000000,2.82163953781
13291910000000,2.64628481865
13292430000000,2.55133771896
13292960000000,2.40021276474
13293500000000,2.31664133072
13294020000000,2.26093888283
13294530000000,2.23440265656
13295060000000,2.24942111969
13295600000000,2.27691149712
13296110000000,2.36942315102
13296660000000,2.49798512459
13297180000000,2.65518665314
13297710000000,2.8386054039
13298220000000,3.02348589897
13298750000000,3.21582436562
13299270000000,3.38085508347
13299790000000,3.57435059547
