
19224750000000,8.40396308899
19225170000000,8.34976863861
19225580000000,8.19065093994
19225970000000,8.01205921173
19226380000000,7.85803508759
19226780000000,7.68594837189
19227220000000,7.54409456253
19227620000000,7.38740777969
19228020000000,7.23365688324
19228430000000,7.08769321442
19228840000000,6.94145202637
19229230000000,6.8089966774
19229640000000,6.67589521408
19230020000000,6.52931308746
19230410000000,6.4043211937
19230810000000,6.2717795372
19231190000000,6.14939212799
19231560000000,6.03432798386
19231960000000,5.91393709183
19232340000000,5.80447864532
19232710000000,5.69343185425
19233080000000,5.58285188675
19233470000000,5.49281072617
19233860000000,5.39815092087
19234230000000,5.31148147583
19234590000000,5.24465608597
19234980000000,5.17878818512
19235350000000,5.08649730682
19235710000000,5.02378559113
19236070000000,4.94763231277
19236460000000,4.90218782425
19236820000000,4.86501932144
19237180000000,4.85307359695
19237550000000,4.8037981987
19237920000000,4.74516296387
19238250000000,4.75407361984
19238600000000,4.80906772614
19238970000000,4.81630468369
19239330000000,4.74927663803
19239680000000,4.56109619141
19240030000000,4.42862796783
19240410000000,4.29092741013
19240790000000,4.13169717789
19241140000000,3.92540216446
19241500000000,3.75781822205
19241840000000,3.60380148888
19242190000000,3.45259213448
19242540000000,3.32672834396
19242900000000,3.13100767136
19243250000000,3.01554107666
19243600000000,2.84511756897
19243940000000,2.69887089729
19244290000000,2.58012580872
19244660000000,2.41405081749
19245040000000,2.27001786232
19245430000000,2.08582854271
19245800000000,1.98522269726
19246150000000,1.85350358486
19246500000000,1.71022725105
19246860000000,1.51799321175
19247250000000,1.3848824501
