
13355100000000,8.49046039581
13355730000000,8.1715593338
13356340000000,7.8532333374
13356920000000,7.54543399811
13357540000000,7.2420668602
13358130000000,6.94513654709
13358690000000,6.64512872696
13359290000000,6.37697172165
13359880000000,6.07843637466
13360480000000,5.78850364685
13361060000000,5.49197006226
13361600000000,5.19117259979
13362160000000,4.91734933853
13362700000000,4.63476324081
13363280000000,4.37766456604
13363860000000,4.07793664932
13364420000000,3.78865337372
13364980000000,3.5114004612
13365520000000,3.23394155502
13366060000000,2.96485733986
13366590000000,2.68724441528
13367160000000,2.3999080658
13367690000000,2.13848471642
13368220000000,1.99227237701
13368750000000,1.84203076363
13369280000000,1.70400941372
13369820000000,1.62088882923
13370350000000,1.57078492641
13370860000000,1.62183535099
13371400000000,1.71988976002
13371930000000,1.8902451992
13372470000000,2.06200790405
13373000000000,2.27261996269
13373540000000,2.47613501549
13374070000000,2.68350243568
13374610000000,2.90744042397
13375100000000,3.1767578125
13375630000000,3.41884326935
