
19224750000000,7.14947557449
19225170000000,7.08920383453
19225580000000,6.91660499573
19225970000000,6.71670198441
19226380000000,6.53736877441
19226780000000,6.33055686951
19227220000000,6.15613794327
19227620000000,5.95933866501
19228020000000,5.76255559921
19228430000000,5.57129669189
19228840000000,5.38336181641
19229240000000,5.20681715012
19229640000000,5.0226984024
19230020000000,4.82381868362
19230410000000,4.65096902847
19230810000000,4.46363782883
19231190000000,4.28417491913
19231560000000,4.11296129227
19231960000000,3.92234945297
19232340000000,3.74412083626
19232710000000,3.57268571854
19233080000000,3.39058089256
19233470000000,3.22232937813
19233860000000,3.06056141853
19234230000000,2.87879896164
19234590000000,2.69255876541
19234980000000,2.52063798904
19235350000000,2.33816289902
19235710000000,2.17194199562
19236070000000,1.99823737144
19236460000000,1.83561253548
19236820000000,1.64971160889
19237180000000,1.4942125082
19237550000000,1.31199264526
19237900000000,1.15310800076
19238250000000,1.04565775394
19238600000000,0.982252657413
19238970000000,0.91458594799
19239330000000,0.828580141068
19239680000000,0.764902770519
19240030000000,0.734149575233
19240410000000,0.732259571552
19240790000000,0.835095107555
19241140000000,0.869383215904
19241500000000,0.996570527554
19241840000000,1.14029812813
19242190000000,1.25063705444
19242540000000,1.37761282921
19242900000000,1.53640258312
19243250000000,1.66652107239
19243600000000,1.8076338768
19243940000000,1.95083642006
19244290000000,2.11351680756
19244660000000,2.26851224899
19245040000000,2.44737887383
19245430000000,2.62100505829
19245800000000,2.78120875359
19246150000000,2.93764734268
19246500000000,3.09782361984
19246860000000,3.28494477272
19247250000000,3.45895147324
