
11151020000000,9.32114505768
11151650000000,9.32111549377
11152250000000,9.19833183289
11152890000000,8.91558933258
11153480000000,8.62651824951
11154080000000,8.34809875488
11154640000000,8.06952953339
11155260000000,7.83647537231
11155870000000,7.57972383499
11156440000000,7.32461261749
11157030000000,7.10366868973
11157580000000,6.87336587906
11158240000000,6.66589927673
11158810000000,6.41133022308
11159370000000,6.2119102478
11159930000000,6.02974033356
11160490000000,5.8339509964
11161040000000,5.654337883
11161610000000,5.48418188095
11162170000000,5.32598257065
11162740000000,5.17392349243
11163230000000,5.05934143066
11163810000000,4.93126726151
11164350000000,4.8038983345
11164890000000,4.69373130798
11165420000000,4.42704057693
11165960000000,4.21059560776
11166500000000,3.95895671844
11167030000000,3.6841905117
11167600000000,3.45407605171
11168110000000,3.16704010963
11168620000000,2.89662766457
11169150000000,2.66223931313
11169680000000,2.40816688538
11170270000000,2.13124370575
11170810000000,1.87723135948
11171330000000,1.62585699558
11171850000000,1.3910241127
11172410000000,1.18090236187
11172940000000,0.988578021526
11173460000000,0.852951943874
11173990000000,0.794040381908
11174510000000,0.81310749054
