
11044200000000,9.89748096466
11044800000000,9.89748764038
11045400000000,9.89749336243
11046020000000,9.89749908447
11046620000000,9.69481563568
11047260000000,9.40324878693
11047840000000,9.08918094635
11048430000000,8.83350849152
11049100000000,8.56767749786
11049660000000,8.23573875427
11050240000000,7.96606636047
11050820000000,7.67904996872
11051410000000,7.41537189484
11051980000000,7.14985847473
11052560000000,6.90424489975
11053120000000,6.64504480362
11053690000000,6.42896747589
11054220000000,6.23143815994
11054770000000,6.06304168701
11055330000000,5.91688394547
11055880000000,5.78126907349
11056400000000,5.6470785141
11056950000000,5.52480792999
11057500000000,5.41849899292
11058030000000,5.3224568367
11058550000000,5.45569801331
11059080000000,5.64903640747
11059600000000,5.85758495331
11060120000000,6.05030345917
11060630000000,6.26029920578
11061230000000,6.47280788422
11061760000000,6.69197320938
11062300000000,6.87509298325
11062820000000,7.07410144806
11063350000000,7.27076339722
11063950000000,7.45623826981
11064490000000,7.67644691467
11065040000000,7.87665557861
11065560000000,8.09961509705
11066090000000,8.32898521423
11066600000000,8.54605960846
11067120000000,8.73687362671
11067660000000,8.7646150589
11068160000000,8.76470565796
