
13279760000000,9.49401950836
13280380000000,9.1900177002
13280970000000,8.88118934631
13281570000000,8.6185541153
13282200000000,8.32941055298
13282790000000,8.0421295166
13283390000000,7.78417682648
13283970000000,7.53164243698
13284570000000,7.29082012177
13285160000000,7.05608129501
13285750000000,6.83160829544
13286390000000,6.62360334396
13286960000000,6.39383649826
13287520000000,6.20509195328
13288090000000,6.00912475586
13288720000000,5.81958818436
13289180000000,5.65841817856
13289740000000,5.50585269928
13290280000000,5.38128900528
13290820000000,5.21453523636
13291350000000,4.97805404663
13291910000000,4.73737812042
13292430000000,4.45577478409
13292960000000,4.22682476044
13293500000000,3.98379206657
13294020000000,3.7201962471
13294530000000,3.4694275856
13295060000000,3.24884271622
13295600000000,3.00861430168
13296110000000,2.73253273964
13296660000000,2.50849890709
13297180000000,2.25303339958
13297710000000,1.99373972416
13298220000000,1.74724197388
13298750000000,1.50716555119
13299270000000,1.28758442402
13299790000000,1.11316227913
