
10562600000000,7.79112100601
10563200000000,7.47184705734
10563800000000,7.17196941376
10564390000000,6.87157773972
10564970000000,6.59386587143
10565550000000,6.29987668991
10566120000000,6.01491498947
10566690000000,5.71238136292
10567230000000,5.4314866066
10567840000000,5.15870141983
10568410000000,4.84996700287
10568960000000,4.56670475006
10569520000000,4.29911804199
10570060000000,4.06353616714
10570600000000,3.81630992889
10571180000000,3.75631403923
10571720000000,3.6351313591
10572280000000,3.55707359314
10572870000000,3.42594122887
10573400000000,3.27815485001
10573930000000,3.16490387917
10574470000000,3.0610408783
10575010000000,2.98612332344
10575550000000,2.9221701622
10576080000000,2.91157412529
10576620000000,2.88171958923
10577150000000,2.89973974228
10577680000000,2.94024682045
10578210000000,3.00242853165
10578740000000,3.12725687027
10579250000000,3.23709726334
10579790000000,3.34490680695
10580300000000,3.48229002953
10580850000000,3.61819052696
