
10948820000000,9.39036655426
10949430000000,9.39034461975
10950020000000,9.39032649994
10950640000000,9.39030838013
10951270000000,9.39029026031
10951900000000,9.39002037048
10952500000000,9.39000225067
10953160000000,9.33828353882
10953770000000,9.03549098969
10954360000000,8.75543308258
10954990000000,8.47980117798
10955580000000,8.19233417511
10956160000000,7.9476442337
10956720000000,7.69656562805
10957290000000,7.47188568115
10957840000000,7.25541734695
10958420000000,7.04370212555
10958980000000,6.83220481873
10959560000000,6.61257123947
10960120000000,6.41480207443
10960690000000,6.22379779816
10961230000000,6.03391599655
10961790000000,5.86255741119
10962340000000,5.75540733337
10962890000000,5.70532751083
10963420000000,5.4472413063
10963970000000,5.18983459473
10964500000000,4.90188074112
10965040000000,4.65523386002
10965560000000,4.37227106094
10966090000000,4.12725830078
10966610000000,3.87054800987
10967120000000,3.60164833069
10967660000000,3.37991118431
10968170000000,3.11509132385
10968700000000,2.85873198509
10969220000000,2.6064760685
10969760000000,2.37021303177
10970260000000,2.10884904861
10970810000000,1.88702559471
10971350000000,1.63883185387
10971880000000,1.41973817348
10972470000000,1.20956611633
10972980000000,1.0478593111
10973510000000,0.913563251495
10974030000000,0.860658228397
10974580000000,0.841414511204
