
19153370000000,7.58582401276
19153790000000,7.58583021164
19154230000000,7.51260185242
19154640000000,7.31529951096
19155030000000,7.10195207596
19155440000000,6.91332387924
19155840000000,6.73578357697
19156240000000,6.54773330688
19156630000000,6.37423753738
19157060000000,6.19397687912
19157450000000,6.00966119766
19157840000000,5.83515167236
19158240000000,5.64239549637
19158630000000,5.47565031052
19159040000000,5.30100154877
19159450000000,5.12670373917
19159840000000,4.927693367
19160220000000,4.75159168243
19160590000000,4.56897163391
19160970000000,4.39539766312
19161380000000,4.22164154053
19161750000000,4.0504360199
19162110000000,3.89107704163
19162490000000,3.71073031425
19162870000000,3.60632157326
19163240000000,3.34736299515
19163600000000,3.18642401695
19163960000000,3.00693559647
19164320000000,2.84710979462
19164710000000,2.6574921608
19165070000000,2.47945404053
19165430000000,2.31793212891
19165790000000,2.13801527023
19166150000000,1.96785974503
19166510000000,1.7998046875
19166870000000,1.66327059269
19167250000000,1.61112737656
19167600000000,1.58126652241
19167980000000,1.52959060669
19168330000000,1.4647911787
19168710000000,1.41028308868
19169060000000,1.36688303947
19169420000000,1.35332322121
19169780000000,1.36175024509
19170130000000,1.37509608269
19170490000000,1.41689050198
19170840000000,1.49804806709
19171190000000,1.56628274918
19171540000000,1.64930987358
19171890000000,1.75664162636
19172240000000,1.87059140205
19172590000000,2.01227521896
19172960000000,2.12918066978
19173320000000,2.26634335518
19173700000000,2.398832798
19174080000000,2.5366332531
19174440000000,2.68015980721
19174810000000,2.83821082115
19175160000000,2.99093866348
19175530000000,3.13956880569
19175890000000,3.30608057976
19176240000000,3.46441292763
