
10496200000000,7.91064023972
10496780000000,7.60315608978
10497370000000,7.31493234634
10497960000000,7.00459575653
10498600000000,6.71298980713
10499180000000,6.39288139343
10499760000000,6.0878663063
10500340000000,5.82095193863
10500930000000,5.51665496826
10501480000000,5.21800613403
10502030000000,4.93671751022
10502580000000,4.66754722595
10503120000000,4.48440980911
10503670000000,4.28258562088
10504240000000,4.11578941345
10504810000000,3.94290590286
10505350000000,3.78732872009
10505900000000,3.6539683342
10506420000000,3.54173254967
10506970000000,3.42947006226
10507520000000,3.32262063026
10508050000000,3.22272849083
10508590000000,3.16523241997
10509140000000,3.11318063736
10509680000000,3.09774279594
10510220000000,3.11027979851
10510750000000,3.15414261818
10511260000000,3.23615455627
10511770000000,3.32153129578
10512280000000,3.3963060379
10512800000000,3.50999259949
10513320000000,3.63225889206
10513880000000,3.77447557449
10514410000000,3.92119550705
10514960000000,3.93498659134
