
19224750000000,9.06183815002
19225170000000,9.00047683716
19225580000000,8.82990646362
19225970000000,8.62945842743
19226380000000,8.45108604431
19226780000000,8.24776268005
19227220000000,8.07490062714
19227620000000,7.88169574738
19228020000000,7.68551397324
19228430000000,7.50087928772
19228840000000,7.31655550003
19229240000000,7.14509057999
19229640000000,6.97002887726
19230020000000,6.78153133392
19230410000000,6.62311601639
19230810000000,6.45668888092
19231190000000,6.30468273163
19231560000000,6.17134666443
19231960000000,6.03878831863
19232340000000,5.93121767044
19232710000000,5.82781410217
19233080000000,5.73117160797
19233470000000,5.63599300385
19233860000000,5.57137680054
19234230000000,5.47161436081
19234590000000,5.4151725769
19234980000000,5.33806085587
19235360000000,5.26203966141
19235710000000,5.20255279541
19236070000000,5.14280557632
19236460000000,5.11362409592
19236820000000,5.02314949036
19237180000000,4.95907974243
19237550000000,4.9422121048
19237900000000,4.9024772644
19238250000000,4.83502483368
19238600000000,4.76998615265
19238970000000,4.74008798599
19239330000000,4.81133747101
19239680000000,4.95220327377
19240030000000,5.03667879105
19240410000000,5.15028476715
19240790000000,5.3187251091
19241140000000,5.46788597107
19241500000000,5.62736272812
19241840000000,5.77663612366
19242190000000,5.90116357803
19242540000000,6.05047607422
19242900000000,6.21866846085
19243250000000,6.35803461075
19243600000000,6.52272701263
19243940000000,6.67469406128
19244290000000,6.84919881821
19244660000000,7.00492715836
19245040000000,7.17309045792
19245430000000,7.3430981636
19245800000000,7.50871133804
19246150000000,7.66991853714
19246500000000,7.82431173325
19246860000000,8.02041721344
19247250000000,8.18231391907
