
19292390000000,6.84825658798
19292810000000,6.84818267822
19293210000000,6.78001928329
19293620000000,6.56455230713
19294020000000,6.37751722336
19294440000000,6.18516016006
19294840000000,5.98868274689
19295230000000,5.79992055893
19295640000000,5.60688400269
19296070000000,5.38057756424
19296490000000,5.14489269257
19296880000000,4.95925140381
19297260000000,4.76704406738
19297640000000,4.65743589401
19298010000000,4.56859445572
19298380000000,4.47174358368
19298750000000,4.42468357086
19299180000000,4.331782341
19299560000000,4.20395612717
19299930000000,4.11191177368
19300310000000,4.0124835968
19300680000000,3.91370534897
19301080000000,3.82417798042
19301510000000,3.73703622818
19301880000000,3.64754462242
19302280000000,3.57927036285
19302700000000,3.51084256172
19303110000000,3.46122336388
19303480000000,3.40235114098
19303900000000,3.36605834961
19304280000000,3.34001493454
19304660000000,3.32109427452
19305010000000,3.31522035599
19305380000000,3.32204413414
19305740000000,3.34114956856
19306110000000,3.36832809448
19306500000000,3.40418553352
19306860000000,3.44445371628
19307210000000,3.51115822792
19307590000000,3.55361533165
19307950000000,3.61858081818
19308310000000,3.69916272163
19308660000000,3.76716732979
19309020000000,3.82891130447
19309400000000,3.90631270409
19309760000000,3.982868433
