
19079970000000,9.32958984375
19080380000000,9.3295545578
19080790000000,9.32954597473
19081200000000,9.2811870575
19081610000000,9.096824646
19082010000000,8.89535903931
19082400000000,8.7021074295
19082780000000,8.5011882782
19083170000000,8.33640003204
19083570000000,8.15377044678
19083980000000,7.94171237946
19084380000000,7.74170827866
19084770000000,7.56031322479
19085150000000,7.36913871765
19085550000000,7.18800354004
19085960000000,7.00859260559
19086340000000,6.80067491531
19086720000000,6.65789842606
19087120000000,6.58040142059
19087500000000,6.56697559357
19087900000000,6.43164348602
19088280000000,6.40609788895
19088660000000,6.41895341873
19089040000000,6.42544603348
19089420000000,6.44599723816
19089790000000,6.48261260986
19090170000000,6.52394914627
19090600000000,6.56710243225
19090980000000,6.63864707947
19091340000000,6.75471162796
19091710000000,6.7808880806
19092080000000,6.87563705444
19092450000000,6.95422840118
19092820000000,6.98989105225
19093210000000,7.07458543777
19093580000000,7.18137407303
19093940000000,7.26582479477
19094340000000,7.3257060051
19094700000000,7.45672273636
19095060000000,7.50126218796
19095420000000,7.56806898117
19095780000000,7.69680786133
19096170000000,7.73213434219
19096540000000,7.86551332474
19096920000000,7.92196846008
19097280000000,8.02324390411
19097650000000,8.11612033844
19098000000000,8.20356655121
19098360000000,8.27905273438
19098710000000,8.36025714874
19099090000000,8.4258518219
19099450000000,8.48968696594
19099820000000,8.56983852386
19100160000000,8.68410110474
19100530000000,8.78031635284
