
10689400000000,9.7796459198
10690000000000,9.44924640656
10690610000000,9.14876270294
10691180000000,8.85918617249
10691790000000,8.5601348877
10692350000000,8.25936222076
10692910000000,7.97994852066
10693490000000,7.71148967743
10694070000000,7.432076931
10694700000000,7.14735841751
10695310000000,6.83751392365
10695860000000,6.5548043251
10696420000000,6.30016183853
10697010000000,6.06701183319
10697610000000,5.85711622238
10698140000000,5.69629049301
10698670000000,5.71083688736
10699180000000,5.73796463013
10699720000000,5.81965446472
10700260000000,5.87746953964
10700810000000,5.98134279251
10701330000000,6.13556098938
10701840000000,6.24102544785
10702400000000,6.37380933762
10702940000000,6.54731655121
10703480000000,6.71101617813
10704020000000,6.84701776505
10704540000000,7.03452110291
10705090000000,7.19841146469
10705590000000,7.38078165054
10706110000000,7.56644487381
10706640000000,7.73384475708
10707160000000,7.89611625671
10707690000000,8.07923412323
10708220000000,8.23727989197
