
10689400000000,7.86352682114
10690000000000,7.53503751755
10690610000000,7.23501968384
10691180000000,6.94559192657
10691790000000,6.64612007141
10692350000000,6.34619522095
10692910000000,6.067091465
10693490000000,5.79688549042
10694070000000,5.51606035233
10694700000000,5.2244553566
10695310000000,4.90431785583
10695860000000,4.60727024078
10696420000000,4.32671785355
10697010000000,4.04682922363
10697610000000,3.74916577339
10698140000000,3.64808368683
10698670000000,3.44682765007
10699180000000,3.25663971901
10699720000000,3.08345413208
10700260000000,2.92268204689
10700810000000,2.79038929939
10701330000000,2.67445802689
10701840000000,2.60147404671
10702400000000,2.5402712822
10702940000000,2.51257157326
10703480000000,2.52840352058
10704020000000,2.54816508293
10704540000000,2.60512733459
10705090000000,2.69140529633
10705590000000,2.82006335258
10706110000000,2.96138358116
10706640000000,3.08741378784
10707160000000,3.24667549133
10707690000000,3.43527984619
10708220000000,3.58095812798
