
13142690000000,9.6784029007
13143280000000,9.38186645508
13143920000000,9.08715820312
13144550000000,8.79391288757
13145170000000,8.47280597687
13145730000000,8.17156791687
13146340000000,7.91448163986
13146950000000,7.61844110489
13147540000000,7.35305595398
13148090000000,7.11088991165
13148660000000,6.87924385071
13149250000000,6.65987586975
13149800000000,6.4421210289
13150370000000,6.22844457626
13150930000000,6.03426980972
13151490000000,5.84114122391
13152420000000,5.65345478058
13152610000000,5.47832536697
13153150000000,5.35483264923
13153700000000,5.3461766243
13154250000000,5.06693077087
13154800000000,4.8648481369
13155350000000,4.53283786774
13155870000000,4.28838205338
13156400000000,4.02508592606
13156920000000,3.77347755432
13157450000000,3.52410244942
13157980000000,3.28184890747
13158590000000,3.00734353065
13159110000000,2.74300408363
13159630000000,2.50378799438
13160140000000,2.29168891907
13160670000000,2.03104329109
13161200000000,1.78533649445
13161710000000,1.53537678719
13162250000000,1.30453836918
13162770000000,1.07537579536
