
19292390000000,8.79848575592
19292810000000,8.79841136932
19293210000000,8.72951221466
19293620000000,8.52133083344
19294020000000,8.34315872192
19294440000000,8.15635490417
19294840000000,7.97102737427
19295230000000,7.79316282272
19295640000000,7.6157913208
19296070000000,7.41552877426
19296490000000,7.21398544312
19296880000000,7.08020687103
19297260000000,6.96139574051
19297640000000,6.88318586349
19298010000000,6.87417507172
19298380000000,6.89013957977
19298750000000,6.91026830673
19299180000000,6.91844367981
19299560000000,6.93247795105
19299930000000,6.94675016403
19300310000000,6.99282169342
19300680000000,7.0081653595
19301080000000,7.04275655746
19301510000000,7.09789323807
19301880000000,7.16017627716
19302280000000,7.20434236526
19302700000000,7.25204515457
19303110000000,7.31135416031
19303480000000,7.36830615997
19303900000000,7.45666790009
19304280000000,7.47639942169
19304660000000,7.57982301712
19305010000000,7.6658744812
19305380000000,7.70078229904
19305740000000,7.79495668411
19306110000000,7.85363483429
19306500000000,7.91899013519
19306860000000,8.0301322937
19307210000000,8.07164955139
19307590000000,8.17787837982
19307950000000,8.24848556519
19308310000000,8.33635616302
19308660000000,8.39155387878
19309020000000,8.48477268219
19309400000000,8.5619802475
19309760000000,8.66638088226
