
10496200000000,9.85418128967
10496780000000,9.54881000519
10497370000000,9.2652015686
10497960000000,8.96141433716
10498600000000,8.67269611359
10499180000000,8.36328220367
10499760000000,8.06576538086
10500340000000,7.81070613861
10500930000000,7.51811981201
10501480000000,7.24159288406
10502030000000,6.98012828827
10502580000000,6.749127388
10503120000000,6.5672416687
10503670000000,6.50558328629
10504240000000,6.53202772141
10504810000000,6.57114648819
10505350000000,6.65244293213
10505900000000,6.70596504211
10506420000000,6.80012702942
10506970000000,6.91150283813
10507520000000,7.00792789459
10508050000000,7.08276844025
10508590000000,7.18081855774
10509140000000,7.23236036301
10509680000000,7.36126422882
10510220000000,7.52850818634
10510750000000,7.6424498558
10511260000000,7.76724720001
10511770000000,7.89717149734
10512280000000,8.02084827423
10512800000000,8.16028118134
10513320000000,8.29103755951
10513880000000,8.42424297333
10514410000000,8.61347770691
10514960000000,8.64103507996
