
10562600000000,8.89101886749
10563200000000,8.58924865723
10563800000000,8.31101894379
10564390000000,8.02770042419
10564970000000,7.7798204422
10565550000000,7.53139734268
10566120000000,7.29270029068
10566690000000,7.05898141861
10567230000000,6.84611177444
10567840000000,6.64412593842
10568410000000,6.42776727676
10568960000000,6.22496604919
10569520000000,6.04503011703
10570120000000,5.87918567657
10570600000000,5.73647069931
10571180000000,5.82508563995
10571720000000,5.56542873383
10572280000000,5.29682731628
10572870000000,5.01102352142
10573400000000,4.72324752808
10573930000000,4.47876358032
10574470000000,4.20447254181
10575010000000,3.94007325172
10575550000000,3.66316509247
10576080000000,3.40515232086
10576620000000,3.14418172836
10577150000000,2.8722884655
10577680000000,2.62109160423
10578210000000,2.36935639381
10578740000000,2.09444117546
10579250000000,1.85177135468
10579790000000,1.6192483902
10580300000000,1.36222648621
10580850000000,1.15585267544
