
10622930000000,9.06587409973
10623530000000,8.75770282745
10624150000000,8.48281478882
10624760000000,8.20730876923
10625330000000,7.92142963409
10625920000000,7.66698598862
10626500000000,7.40538692474
10627090000000,7.18198156357
10627670000000,6.95479059219
10628220000000,6.74846029282
10628800000000,6.54847478867
10629330000000,6.3459444046
10629890000000,6.16791534424
10630920000000,5.99138402939
10630990000000,5.82528686523
10631560000000,5.73171901703
10632110000000,5.69582557678
10632670000000,5.49421834946
10633180000000,5.23853111267
10633740000000,4.98005008698
10634310000000,4.68973588943
10634850000000,4.41790294647
10635410000000,4.1556687355
10635950000000,3.86410951614
10636470000000,3.5886631012
10637020000000,3.32589435577
10637560000000,3.01231646538
10638080000000,2.75757479668
10638610000000,2.48020410538
10639160000000,2.23491001129
10639690000000,1.96082568169
10640210000000,1.72060966492
10640720000000,1.48036634922
10641260000000,1.24974679947
10641780000000,1.00464570522
