
13215170000000,8.48378562927
13215780000000,8.20011234283
13216440000000,7.90150213242
13217110000000,7.5485033989
13217720000000,7.23198413849
13218340000000,6.92311906815
13218930000000,6.61394071579
13219510000000,6.31752681732
13220160000000,6.03384017944
13220750000000,5.71627235413
13221340000000,5.4171962738
13221950000000,5.11629533768
13222510000000,4.81981515884
13223050000000,4.52809047699
13223640000000,4.27137613297
13224210000000,3.97239375114
13224760000000,3.69464540482
13225310000000,3.4181907177
13225860000000,3.13939595222
13226390000000,2.92533493042
13226910000000,2.74055719376
13227450000000,2.51513886452
13227980000000,2.36396074295
13228510000000,2.27315545082
13229020000000,2.20546245575
13229540000000,2.17030692101
13230080000000,2.15131521225
13230610000000,2.17689156532
13231130000000,2.23371887207
13231710000000,2.32781243324
13232250000000,2.45839715004
13232760000000,2.60429310799
13233270000000,2.75709080696
13233780000000,2.90467786789
13234300000000,3.093978405
13234820000000,3.27401161194
13235330000000,3.46079397202
