
18970360000000,9.84596347809
18970760000000,9.84598827362
18971160000000,9.81031036377
18971560000000,9.63127613068
18971960000000,9.43489933014
18972370000000,9.25319194794
18972800000000,9.05801200867
18973210000000,8.872174263
18973610000000,8.67925930023
18974000000000,8.48354053497
18974410000000,8.30386352539
18974820000000,8.12161159515
18975210000000,7.92687892914
18975600000000,7.75783348083
18975980000000,7.58744716644
18976410000000,7.42278909683
18976800000000,7.22369718552
18977180000000,7.06781578064
18977570000000,6.95201301575
18977950000000,6.75743770599
18978330000000,6.62968206406
18978710000000,6.502576828
18979100000000,6.3838429451
18979470000000,6.26484012604
18979850000000,6.1698679924
18980240000000,6.07728099823
18980630000000,5.95847177505
18981000000000,5.88972616196
18981370000000,5.86603689194
18981760000000,5.92021179199
18982130000000,5.98177909851
18982500000000,6.06600284576
18982890000000,6.1431183815
18983270000000,6.24082374573
18983640000000,6.29951047897
18984020000000,6.39618492126
18984380000000,6.46515130997
18984750000000,6.57149982452
18985150000000,6.70778274536
18985500000000,6.78692913055
18985870000000,6.89332342148
18986230000000,7.02043676376
18986600000000,7.14628601074
18986960000000,7.25290727615
18987320000000,7.34804773331
18987680000000,7.48974704742
18988050000000,7.59438276291
18988420000000,7.70816802979
18988780000000,7.82100105286
18989130000000,7.93481588364
18989490000000,8.05505752563
18989850000000,8.16246700287
18990190000000,8.26662921906
18990550000000,8.39947891235
18990950000000,8.50708770752
18991310000000,8.65411376953
