
10755900000000,8.9799823761
10756450000000,8.98002529144
10757060000000,8.98009872437
10757660000000,8.98013877869
10758250000000,8.98017883301
10758860000000,8.98022174835
10759470000000,8.93259239197
10760100000000,8.81007194519
10760700000000,8.52447128296
10761280000000,8.24338722229
10761890000000,8.01471138
10762480000000,7.76849746704
10763100000000,7.53960800171
10763680000000,7.28519487381
10764240000000,7.04406261444
10764810000000,6.84354925156
10765360000000,6.62906455994
10765920000000,6.41942882538
10766470000000,6.22839784622
10767020000000,6.02732276917
10767530000000,5.82317638397
10768100000000,5.64775419235
10768650000000,5.45793962479
10769220000000,5.28656435013
10769930000000,5.10002613068
10770290000000,5.0169634819
10770810000000,4.91316795349
10771330000000,4.89084100723
10771900000000,4.67576217651
10772420000000,4.44639778137
10772950000000,4.26721525192
10773450000000,4.04890203476
10774010000000,3.78695631027
10774540000000,3.48857045174
10775050000000,3.24240350723
10775570000000,3.02080440521
10776080000000,2.75290942192
10776590000000,2.51319861412
10777150000000,2.26916980743
10777680000000,2.02248311043
10778220000000,1.79272270203
10778760000000,1.51631140709
10779300000000,1.3037443161
10779820000000,1.10679876804
10780340000000,1.06478428841
10780830000000,1.06748127937
10781360000000,1.06731176376
