
13049040000000,8.64434814453
13049680000000,8.41286373138
13050280000000,8.09373664856
13050940000000,7.79446601868
13051530000000,7.46238946915
13052120000000,7.1626958847
13052700000000,6.86309528351
13053270000000,6.5733590126
13053890000000,6.29212093353
13054440000000,5.99238348007
13055000000000,5.70286273956
13055550000000,5.42267751694
13056120000000,5.15379142761
13056700000000,4.87300157547
13057260000000,4.59366941452
13057790000000,4.31356954575
13058350000000,4.03379678726
13058900000000,3.75342440605
13059430000000,3.63532924652
13060010000000,3.47946691513
13060560000000,3.25599884987
13061110000000,3.04803156853
13061640000000,2.87003564835
13062190000000,2.70583295822
13062730000000,2.55429029465
13063280000000,2.43201589584
13063810000000,2.33650803566
13064340000000,2.29273486137
13064860000000,2.27112770081
13065390000000,2.30038166046
13065920000000,2.34248447418
13066440000000,2.41782522202
13066960000000,2.54063940048
13067480000000,2.6919836998
13068020000000,2.84775567055
13068560000000,2.99309635162
13069090000000,3.16849112511
13069690000000,3.34884738922
