
19079970000000,8.61741542816
19080380000000,8.61734294891
19080790000000,8.61733436584
19081200000000,8.57281970978
19081610000000,8.40270423889
19082010000000,8.22088336945
19082400000000,8.05716705322
19082780000000,7.88082313538
19083170000000,7.74303007126
19083570000000,7.60117816925
19083980000000,7.43268871307
19084380000000,7.29550504684
19084770000000,7.14370632172
19085150000000,7.00027322769
19085550000000,6.86864566803
19085960000000,6.73689222336
19086420000000,6.58957910538
19086720000000,6.51309299469
19087120000000,6.53024339676
19087500000000,6.47836208344
19087900000000,6.29342937469
19088280000000,6.10832929611
19088660000000,5.93457221985
19089040000000,5.75374317169
19089420000000,5.5706782341
19089790000000,5.41078519821
19090170000000,5.23833703995
19090600000000,5.05428504944
19090980000000,4.85786628723
19091340000000,4.67121648788
19091710000000,4.51302051544
19092080000000,4.33155727386
19092450000000,4.15213108063
19092820000000,3.99286055565
19093210000000,3.80530452728
19093580000000,3.6283416748
19093940000000,3.45034313202
19094340000000,3.29129505157
19094700000000,3.09653878212
19095060000000,2.93868684769
19095420000000,2.76438832283
19095780000000,2.60583806038
19096170000000,2.44917297363
19096540000000,2.28286099434
19096920000000,2.09152817726
19097280000000,1.90588569641
19097650000000,1.74621474743
19098000000000,1.57892239094
19098360000000,1.43093943596
19098710000000,1.2831479311
19099090000000,1.11988258362
19099450000000,0.959432125092
19099820000000,0.835725009441
19100160000000,0.68828612566
19100520000000,0.574341833591
