
11044200000000,7.94825935364
11044800000000,7.94826507568
11045400000000,7.94827127457
11046020000000,7.94827747345
11046620000000,7.74475193024
11047260000000,7.45523309708
11047840000000,7.13880348206
11048430000000,6.88139295578
11049110000000,6.60727548599
11049660000000,6.26519060135
11050240000000,5.98574590683
11050820000000,5.68658351898
11051410000000,5.40701293945
11051980000000,5.11694860458
11052560000000,4.83006095886
11053120000000,4.53541660309
11053690000000,4.24728918076
11054220000000,3.96803474426
11054770000000,3.69759774208
11055330000000,3.42966032028
11055880000000,3.15864634514
11056400000000,2.88916325569
11056950000000,2.60916280746
11057500000000,2.39418816566
11058030000000,2.16415596008
11058550000000,2.05290222168
11059080000000,2.02794098854
11059600000000,2.01504683495
11060120000000,2.03225111961
11060630000000,2.09277796745
11061230000000,2.16470503807
11061760000000,2.24639034271
11062300000000,2.36028790474
11062820000000,2.49753260612
11063350000000,2.66175794601
11063950000000,2.8359234333
11064490000000,3.02473402023
11065040000000,3.22569108009
11065560000000,3.42931199074
11066090000000,3.62216353416
11066600000000,3.8220808506
11067120000000,4.0086555481
11067660000000,4.01062440872
11068160000000,4.01071596146
