
19079970000000,7.41194963455
19080380000000,7.41192150116
19080790000000,7.41191244125
19081200000000,7.36427545547
19081610000000,7.17980623245
19082010000000,6.97853326797
19082400000000,6.78496456146
19082780000000,6.58200836182
19083170000000,6.41805744171
19083570000000,6.23343801498
19083980000000,6.02097225189
19084380000000,5.8184928894
19084770000000,5.6336312294
19085150000000,5.44062566757
19085550000000,5.25888299942
19085960000000,5.07275867462
19086340000000,4.86052560806
19086720000000,4.71977233887
19087120000000,4.65882539749
19087500000000,4.56899738312
19087900000000,4.45194339752
19088280000000,4.33737421036
19088660000000,4.22843360901
19089040000000,4.11399745941
19089420000000,4.00541114807
19089790000000,3.91559863091
19090170000000,3.81936645508
19090600000000,3.73174071312
19090980000000,3.643699646
19091340000000,3.56422543526
19091710000000,3.49830508232
19092080000000,3.43693113327
19092450000000,3.3833823204
19092820000000,3.34559679031
19093210000000,3.30990171432
19093580000000,3.28651499748
19093940000000,3.26934814453
19094340000000,3.25899648666
19094700000000,3.26388788223
19095060000000,3.29122662544
19095420000000,3.29395008087
19095780000000,3.30320382118
19096170000000,3.32055354118
19096540000000,3.35342407227
19096920000000,3.41406059265
19097280000000,3.46366071701
19097650000000,3.52262711525
19098000000000,3.59473919868
19098360000000,3.64270162582
19098710000000,3.69527602196
19099090000000,3.77342748642
19099450000000,3.85953521729
19099820000000,3.92081522942
19100160000000,4.0348405838
19100530000000,4.07761478424
