
13049040000000,10.5641889572
13049680000000,10.3329601288
13050280000000,10.0119485855
13050940000000,9.71256256104
13051530000000,9.3829164505
13052120000000,9.08371448517
13052700000000,8.78518390656
13053270000000,8.49857711792
13053890000000,8.21691417694
13054440000000,7.921667099
13055000000000,7.63385009766
13055550000000,7.3598818779
13056120000000,7.0952000618
13056700000000,6.82702064514
13057260000000,6.55922269821
13057790000000,6.31941890717
13058350000000,6.07764673233
13058900000000,5.87939119339
13059430000000,5.74421405792
13060010000000,5.6770825386
13060560000000,5.72092008591
13061110000000,5.76120519638
13061640000000,5.83357906342
13062190000000,5.90481996536
13062730000000,6.00728607178
13063280000000,6.13680553436
13063810000000,6.24063110352
13064340000000,6.34851551056
13064860000000,6.52538394928
13065390000000,6.66329526901
13065920000000,6.8167090416
13066440000000,6.99703216553
13066960000000,7.13963317871
13067480000000,7.30832052231
13068020000000,7.47866344452
13068560000000,7.63826370239
13069090000000,7.85243415833
13069690000000,8.05821228027
