
11232840000000,10.0774536133
11233460000000,10.0774478912
11234080000000,10.0774421692
11234720000000,10.0774393082
11235340000000,10.0774335861
11235950000000,10.0439424515
11236540000000,9.75866603851
11237170000000,9.48619174957
11237760000000,9.17340278625
11238350000000,8.88490104675
11238930000000,8.593334198
11239500000000,8.32373142242
11240110000000,8.0303401947
11240680000000,7.74500703812
11241260000000,7.48570871353
11241810000000,7.21089363098
11242380000000,6.9617524147
11242950000000,6.69617938995
11243520000000,6.44715642929
11244070000000,6.2038860321
11244620000000,6.01932859421
11245190000000,5.85006809235
11245720000000,5.71854734421
11246270000000,5.61991119385
11246830000000,5.51437425613
11247390000000,5.41806936264
11247920000000,5.32370471954
11248440000000,5.29006624222
11248980000000,5.35620450974
11249490000000,5.42780685425
11250020000000,5.63996648788
11250550000000,5.80124378204
11251090000000,6.04633951187
11251640000000,6.22225046158
11252170000000,6.42810964584
11252710000000,6.64195394516
11253210000000,6.8679151535
11253750000000,7.07641506195
11254300000000,7.2938041687
11254850000000,7.49240684509
11255400000000,7.70317983627
11255920000000,7.95075368881
11256480000000,8.18765354156
11257000000000,8.42835903168
11257520000000,8.668176651
11258050000000,8.71066665649
11258560000000,8.70952224731
