
10622930000000,9.84825134277
10623530000000,9.56130123138
10624150000000,9.30691814423
10624760000000,9.01799106598
10625330000000,8.71936702728
10625920000000,8.44549655914
10626500000000,8.15161514282
10627090000000,7.87678527832
10627670000000,7.58448410034
10628220000000,7.32264995575
10628800000000,7.05874300003
10629330000000,6.79057884216
10629890000000,6.56227016449
10630430000000,6.34241485596
10630990000000,6.15864086151
10631560000000,6.07195997238
10632110000000,6.00430822372
10632670000000,6.01205825806
10633190000000,6.12459659576
10633740000000,6.24172306061
10634310000000,6.3317155838
10634850000000,6.46874380112
10635410000000,6.6103014946
10635950000000,6.71472644806
10636470000000,6.88294696808
10637020000000,7.01484966278
10637560000000,7.18483972549
10638080000000,7.37813711166
10638610000000,7.48807144165
10639160000000,7.64141750336
10639690000000,7.81031370163
10640210000000,7.9479341507
10640720000000,8.08494758606
10641260000000,8.21892166138
10641780000000,8.376953125
