
10496200000000,8.99823570251
10496780000000,8.70298671722
10497370000000,8.42035770416
10497960000000,8.13157939911
10498600000000,7.86015462875
10499180000000,7.57340240479
10499760000000,7.30962324142
10500340000000,7.09729480743
10500930000000,6.86064338684
10501480000000,6.63716936111
10502420000000,6.42977237701
10502580000000,6.23949193954
10503120000000,6.15156126022
10503670000000,5.89747190475
10504240000000,5.63683795929
10504810000000,5.33775234222
10505350000000,5.05854558945
10505900000000,4.78847742081
10506420000000,4.53056621552
10506970000000,4.25783920288
10507520000000,3.98556995392
10508050000000,3.70765137672
10508590000000,3.45414042473
10509140000000,3.20278906822
10509680000000,2.93155050278
10510220000000,2.66542935371
10510750000000,2.39811730385
10511260000000,2.15763187408
10511770000000,1.8887616396
10512280000000,1.65640890598
10512800000000,1.41936886311
10513320000000,1.17758607864
10513880000000,0.972410619259
10514410000000,0.741388142109
10514960000000,0.719246804714
