
11044200000000,9.02495002747
11044800000000,9.02495670319
11045400000000,9.02496242523
11046020000000,9.02496814728
11046620000000,8.83220863342
11047260000000,8.56259727478
11047840000000,8.26488399506
11048430000000,8.02653312683
11049100000000,7.77183628082
11049660000000,7.47171878815
11050240000000,7.23257064819
11050820000000,6.99068784714
11051410000000,6.77299547195
11051980000000,6.55558633804
11052560000000,6.34624099731
11053120000000,6.14002895355
11053690000000,5.94494009018
11054220000000,5.76139736176
11054770000000,5.59361314774
11055330000000,5.43482208252
11055880000000,5.29046487808
11056530000000,5.14624357224
11056950000000,5.02985668182
11057500000000,4.96770095825
11058030000000,4.87900257111
11058550000000,4.67070436478
11059080000000,4.43156480789
11059600000000,4.14444732666
11060120000000,3.91437506676
11060630000000,3.64674305916
11061230000000,3.41215801239
11061760000000,3.1067533493
11062300000000,2.83517074585
11062820000000,2.5897872448
11063350000000,2.33505940437
11063950000000,2.05760717392
11064490000000,1.77810931206
11065040000000,1.53801310062
11065560000000,1.26636862755
11066090000000,1.05901110172
11066600000000,0.841567456722
11067120000000,0.718477666378
11067660000000,0.713981866837
11068160000000,0.713917613029
