
19292390000000,8.01276302338
19292810000000,8.01268768311
19293210000000,7.94064664841
19293620000000,7.74339056015
19294020000000,7.57216882706
19294440000000,7.40201377869
19294840000000,7.22979974747
19295230000000,7.07523679733
19295820000000,6.91183614731
19296070000000,6.71485710144
19296490000000,6.49655199051
19296880000000,6.31759738922
19297260000000,6.12065935135
19297640000000,6.03027868271
19298010000000,5.91483926773
19298380000000,5.73028373718
19298750000000,5.62686252594
19299180000000,5.47437286377
19299560000000,5.27257490158
19299930000000,5.12108182907
19300310000000,4.93454551697
19300680000000,4.75911092758
19301080000000,4.58576154709
19301510000000,4.40149450302
19301880000000,4.19665718079
19302280000000,4.04199171066
19302700000000,3.84886360168
19303110000000,3.65333867073
19303480000000,3.47695350647
19303900000000,3.29004597664
19304280000000,3.11352920532
19304660000000,2.93128108978
19305010000000,2.74321579933
19305380000000,2.58029651642
19305740000000,2.41465067863
19306110000000,2.24593019485
19306500000000,2.09413075447
19306860000000,1.90843999386
19307210000000,1.73887979984
19307590000000,1.5880510807
19307950000000,1.41939258575
19308310000000,1.24956834316
19308660000000,1.10959756374
19309020000000,0.970804333687
19309400000000,0.820529341698
19309760000000,0.693282961845
