
10689400000000,9.04419994354
10690000000000,8.74268341064
10690610000000,8.47436714172
10691180000000,8.21368789673
10691790000000,7.96154212952
10692350000000,7.72620010376
10692910000000,7.51374530792
10693490000000,7.30346298218
10694070000000,7.10613870621
10694700000000,6.88058757782
10695310000000,6.6451830864
10695860000000,6.43637561798
10696420000000,6.24459886551
10697420000000,6.06586885452
10697610000000,5.87367486954
10698140000000,5.91336154938
10698670000000,5.66564273834
10699180000000,5.42060470581
10699720000000,5.18614530563
10700260000000,4.93270969391
10700810000000,4.6949801445
10701330000000,4.41667318344
10701840000000,4.18124580383
10702400000000,3.90732264519
10702940000000,3.63292074203
10703480000000,3.36951589584
10704020000000,3.10979485512
10704540000000,2.85071563721
10705090000000,2.60174274445
10705590000000,2.33345341682
10706110000000,2.08061337471
10706640000000,1.83347642422
10707160000000,1.59851682186
10707690000000,1.32482409477
10708220000000,1.15395104885
