
13215160000000,9.55937385559
13215780000000,9.2796459198
13216440000000,8.98222732544
13217100000000,8.63621425629
13217720000000,8.33163166046
13218340000000,8.03443050385
13218930000000,7.74140501022
13219510000000,7.46605634689
13220160000000,7.21719312668
13220750000000,6.95646715164
13221340000000,6.72976875305
13221950000000,6.49058628082
13222510000000,6.26936531067
13223050000000,6.05887269974
13223640000000,5.88288784027
13224210000000,5.67555856705
13224760000000,5.49684715271
13225820000000,5.32733297348
13225860000000,5.16650772095
13226390000000,5.08021879196
13226910000000,4.91695308685
13227450000000,4.80423164368
13227980000000,4.55293321609
13228510000000,4.31571006775
13229020000000,4.0557308197
13229540000000,3.79331278801
13230080000000,3.55426931381
13230610000000,3.29497313499
13231130000000,3.05424332619
13231710000000,2.80381608009
13232250000000,2.53270125389
13232760000000,2.27334690094
13233270000000,2.05113339424
13233780000000,1.83787465096
13234300000000,1.59859609604
13234820000000,1.37772333622
13235330000000,1.19787466526
