
20352890000000,69.6439743042
20353410000000,68.5367050171
20353920000000,66.680557251
20354450000000,70.0713043213
20354950000000,71.5327682495
20355470000000,73.7171859741
20355960000000,75.2616653442
20356430000000,78.4270935059
20356920000000,81.9327926636
20357400000000,85.5280532837
20357870000000,89.1155471802
20358370000000,92.7071304321
20358870000000,96.4816207886
20359310000000,100.171340942
20359790000000,102.636657715
20360270000000,99.3023529053
20360740000000,93.6128921509
20361180000000,76.4831695557
20361610000000,71.5748291016
20362070000000,72.6752624512
20362530000000,61.7051086426
20362960000000,44.432964325
20363390000000,27.4205875397
20363870000000,9.88306713104
20364310000000,4.92943572998
20364890000000,5.59376525879
20365400000000,10.2132873535
20365930000000,8.9740152359
20366370000000,15.0355043411
20366810000000,22.0903682709
20367230000000,24.8344516754
20367650000000,26.274017334
20368080000000,27.4245586395
20368520000000,16.842912674
20368960000000,2.16108036041
20369420000000,4.73150014877
20369880000000,3.87469482422
20370310000000,1.19209635258
20370760000000,1.48463952541
20371200000000,1.73459148407
20371630000000,2.12873792648
20372070000000,2.78668999672
20372500000000,3.85118913651
20372940000000,4.10317182541
20373400000000,2.13796186447
20373820000000,10.8981704712
20374250000000,43.1229553223
20374720000000,65.0130996704
20375170000000,88.3295974731
20375600000000,120.984779358
20376030000000,147.698867798
20376480000000,152.54145813
20376930000000,160.777526855
20377390000000,165.932373047
20377830000000,173.771224976
20378310000000,179.99029541
20378740000000,179.190963745
20379200000000,175.438690186
20379630000000,166.964599609
20380080000000,161.869247437
20380530000000,158.530395508
20380980000000,145.785934448
20381420000000,123.753700256
20381850000000,107.044029236
20382280000000,110.971000671
20382700000000,114.579238892
20383150000000,118.02117157
20383570000000,122.941184998
20384000000000,132.345092773
20384450000000,143.910934448
20384900000000,154.901702881
20385360000000,159.132995605
20385800000000,161.904083252
20386230000000,178.701660156
20386680000000,163.233352661
20387100000000,155.74407959
20387560000000,161.034240723
20388040000000,161.46472168
20388480000000,162.33253479
20388910000000,159.574981689
20389340000000,150.709640503
20389770000000,151.168762207
20390200000000,153.501205444
20390640000000,153.633209229
20391070000000,142.73236084
20391490000000,125.21434021
20391950000000,109.267738342
20392380000000,94.9722290039
20392810000000,84.1243667603
20393250000000,81.3143005371
20393670000000,78.6932220459
20394110000000,75.9649887085
20394520000000,81.9341812134
20394930000000,86.6990432739
20395360000000,88.9142684937
20395790000000,90.9987640381
20396210000000,93.2063827515
20396650000000,95.3036956787
20397050000000,95.811630249
20397480000000,95.452255249
20397900000000,98.6679153442
20398310000000,101.133529663
20398720000000,100.246803284
20399150000000,97.7745285034
20399570000000,107.369590759
20400010000000,115.475578308
20400450000000,128.462280273
20400870000000,148.15625
20401290000000,174.662963867
20401700000000,165.104202271
20402110000000,140.336273193
20402530000000,113.41847229
20402950000000,92.8266906738
20403430000000,94.007194519
20403850000000,96.0949172974
20404260000000,98.1147155762
20404680000000,100.056861877
20405120000000,101.823974609
20405530000000,101.817581177
20405940000000,104.712280273
20406380000000,103.884757996
20406810000000,105.009490967
20407250000000,106.939476013
20407690000000,108.843566895
20408140000000,110.712860107
20408560000000,112.529182434
20408960000000,114.220367432
20409370000000,115.815170288
20409780000000,117.485809326
20410190000000,119.331741333
20410640000000,121.434524536
20411070000000,125.616294861
20411470000000,131.507019043
20411900000000,133.63861084
20412370000000,134.404464722
20412790000000,135.966827393
20413200000000,137.160705566
20413620000000,138.155502319
20414060000000,139.585006714
20414470000000,141.635116577
20414890000000,146.228164673
20415300000000,148.64881897
20415740000000,149.856231689
20416170000000,150.443344116
20416570000000,151.265304565
20416970000000,151.762252808
20417390000000,152.388244629
20417780000000,153.074127197
20418170000000,153.384017944
20418580000000,154.058410645
20418980000000,154.617248535
20419370000000,154.955368042
20419780000000,155.409637451
20420190000000,155.865081787
20420620000000,156.301330566
20421030000000,156.755203247
20421490000000,157.146621704
20421900000000,157.626800537
20422350000000,157.774597168
20422760000000,156.741912842
20423190000000,157.07182312
20423620000000,157.493469238
20424030000000,157.866210938
20424480000000,158.222412109
20424910000000,158.597442627
20425320000000,158.947616577
20425760000000,159.245101929
20426180000000,159.58807373
20426610000000,159.881729126
20427030000000,160.204208374
20427480000000,160.493804932
20427880000000,160.788208008
20428300000000,161.051803589
20428760000000,161.319778442
20429170000000,162.09916687
20429590000000,163.165222168
20430030000000,171.562866211
20430450000000,177.545013428
20430850000000,177.271697998
20431270000000,176.076034546
20431670000000,174.38621521
20432080000000,168.441955566
20432520000000,162.427505493
20432960000000,156.845184326
20433380000000,157.34954834
20433810000000,157.016204834
20434210000000,156.736160278
20434630000000,156.775680542
20435050000000,157.052581787
20435540000000,157.373535156
20436000000000,157.67628479
20436420000000,157.993209839
20436800000000,158.111831665
20437230000000,154.544464111
20437640000000,149.370605469
20438050000000,146.353408813
20438480000000,137.613723755
20438920000000,136.464248657
20439340000000,136.822189331
20439740000000,132.075088501
20440150000000,132.19241333
