
10332480000000,50.9222373962
10333280000000,50.9220848083
10334070000000,49.517993927
10334820000000,51.6144447327
10335540000000,52.8654518127
10336320000000,54.3026542664
10337050000000,55.4034881592
10337720000000,56.4495811462
10338430000000,57.4463272095
10339120000000,59.4968643188
10339780000000,69.6762084961
10340450000000,81.1984481812
10341130000000,100.963356018
10341770000000,115.752670288
10342400000000,131.436859131
10343070000000,147.85307312
10343710000000,165.766784668
10344320000000,161.698272705
10344940000000,153.285720825
10345600000000,149.429443359
10346220000000,163.701507568
10346850000000,169.370452881
10347500000000,162.697235107
10348140000000,144.581710815
10348740000000,134.775772095
10349390000000,140.74029541
10350010000000,163.172576904
10350670000000,163.549514771
10351300000000,166.949676514
10351960000000,171.017105103
10352590000000,129.697769165
10353230000000,96.642868042
10353840000000,52.9939193726
10354500000000,37.0167427063
10355140000000,34.4799613953
10355750000000,21.7354202271
10356410000000,16.3158035278
10357060000000,16.6105175018
10357690000000,16.7297096252
10358310000000,17.1241092682
10358960000000,3.07622098923
10359570000000,5.05743837357
10360190000000,3.12685060501
10360810000000,4.07672023773
10361440000000,10.3359289169
10362090000000,12.8596382141
10362700000000,27.3278427124
10363310000000,40.2977981567
10363960000000,47.2595825195
10364650000000,62.2517127991
10365270000000,77.3121032715
10365890000000,84.2418365479
10366530000000,112.341934204
10367150000000,140.481826782
10367740000000,141.356399536
10368360000000,141.842514038
10368990000000,142.605361938
10369590000000,141.808120728
10370220000000,140.948867798
10370830000000,141.672058105
10371440000000,142.34173584
10372040000000,141.34979248
10372670000000,102.278579712
10373250000000,72.6987457275
10373840000000,38.4156188965
10374480000000,13.0183734894
10375070000000,6.45887947083
10375710000000,23.2583026886
10376300000000,36.0721740723
10376910000000,37.4414520264
10377520000000,38.1381072998
10378140000000,38.8929443359
10378760000000,39.6639175415
10379350000000,35.0217323303
10379930000000,18.1856555939
10380560000000,18.0568714142
10381190000000,18.5172615051
10381790000000,18.9631118774
10382410000000,19.3814716339
10383050000000,19.8448944092
10383620000000,20.3508033752
10384230000000,20.8264255524
10384890000000,21.3526935577
10385540000000,21.9839763641
10386150000000,22.5505924225
10386730000000,23.1357269287
10387340000000,23.7587604523
10387960000000,24.4637947083
10388560000000,24.6494579315
10389150000000,25.188293457
10389750000000,25.9112682343
10390370000000,26.7170543671
10390970000000,27.6034469604
10391590000000,28.5166950226
10392230000000,29.5216846466
10392860000000,30.6226673126
10393460000000,31.7715435028
10394090000000,32.9563903809
10394670000000,34.2673797607
10395300000000,35.4757881165
10395910000000,37.0517578125
10396530000000,28.9463653564
10397110000000,15.9739646912
10397700000000,16.8328475952
10398330000000,17.6950473785
10398920000000,18.6659984589
10399510000000,19.7114543915
10400140000000,20.7056179047
10400760000000,22.046257019
10401340000000,23.4854831696
10401960000000,25.0202732086
10402550000000,27.0584335327
10403160000000,24.3391189575
10403800000000,5.88871717453
10404440000000,10.9283266068
10405050000000,16.3231391907
10405710000000,11.2750196457
10406340000000,12.736371994
10406980000000,18.3715324402
10407590000000,28.0077056885
10408180000000,30.8781452179
10408760000000,31.7577056885
10409350000000,36.6864395142
10409950000000,36.3643875122
10410570000000,36.3659133911
10411180000000,36.3598861694
10411810000000,36.3573760986
10412410000000,36.3554153442
