14107740000000,49.1979751587
14108450000000,50.1490707397
14109270000000,52.7254295349
14109990000000,52.8028678894
14110720000000,53.8042488098
14111430000000,54.8522415161
14112130000000,55.9469985962
14112800000000,56.8621482849
14113470000000,59.5132751465
14114150000000,62.7996139526
14114760000000,72.4765090942
14115420000000,83.4635238647
14116130000000,90.5430450439
14116780000000,119.297302246
14117390000000,121.484809875
14118000000000,144.687820435
14118660000000,173.86265564
14119300000000,158.711471558
14119920000000,155.736709595
14120550000000,157.965957642
14121190000000,158.345596313
14121830000000,155.914733887
14122470000000,156.400115967
14123120000000,157.176727295
14123730000000,160.273345947
14124360000000,160.149551392
14125020000000,160.501098633
14125670000000,161.06060791
14126270000000,176.12437439
14126920000000,154.019882202
14127570000000,106.833885193
14128250000000,72.8211364746
14128870000000,41.1671447754
14129560000000,29.0133018494
14130210000000,9.43448925018
14130840000000,13.5412626266
14131500000000,15.6008386612
14132130000000,18.3712043762
14132730000000,18.6163101196
14133390000000,18.9392242432
14134020000000,3.63149189949
14134690000000,4.67624044418
14135330000000,7.13175106049
14135990000000,11.2793998718
14136640000000,16.6428985596
14137270000000,30.7323608398
14137870000000,39.3489837646
14138500000000,58.021522522
14139150000000,83.2449798584
14139770000000,91.2104034424
14140400000000,106.301750183
14141010000000,111.992980957
14141590000000,127.953964233
14142180000000,141.590698242
14142780000000,141.924194336
14143370000000,139.37399292
14144040000000,140.261978149
14144660000000,141.040435791
14145270000000,141.724609375
14145890000000,142.383987427
14146530000000,138.488189697
14147160000000,87.3934631348
14147750000000,49.8372840881
14148370000000,7.76915502548
14148990000000,2.10828328133
14149600000000,9.72612380981
14150190000000,21.4467926025
14150790000000,23.6010742188
14151440000000,24.0446624756
14152070000000,24.3698043823
14152740000000,24.1059055328
14153350000000,24.671875
14153990000000,25.209066391
14154580000000,25.1226406097
14155170000000,23.2560214996
14155810000000,20.7766628265
14156400000000,20.4616146088
14156960000000,20.9272727966
14157550000000,21.1938476562
14158150000000,21.8760719299
14158760000000,22.3917503357
14159430000000,22.8731422424
14160000000000,23.3728218079
14160560000000,23.8158512115
14161150000000,24.4453334808
14161740000000,25.1345348358
14162340000000,25.8847694397
14162940000000,25.1615982056
14163540000000,25.9205570221
14164130000000,26.7726993561
14164740000000,27.6195259094
14165320000000,26.7019176483
14165950000000,27.5991744995
14166550000000,28.6268215179
14167160000000,29.6771831512
14167750000000,30.851480484
14168350000000,31.9285316467
14168970000000,24.9851608276
14169560000000,26.201713562
14170170000000,27.4087238312
14170800000000,26.4876537323
14171420000000,24.6738605499
14172050000000,23.8471946716
14172640000000,22.2583370209
14173230000000,14.0628757477
14173790000000,11.1757307053
14174370000000,8.87718486786
14174960000000,3.35074448586
14175550000000,1.50116980076
14176150000000,1.65015375614
14176740000000,3.03307366371
14177350000000,4.765209198
14178010000000,5.9251499176
14178630000000,6.38488101959
14179220000000,7.29293203354
14179830000000,10.4384384155
14180440000000,12.1066160202
14181030000000,20.2603473663
14181630000000,29.7245254517
