
12364620000000,52.8808326721
12365380000000,52.8808517456
12366190000000,52.8808708191
12366910000000,48.9712219238
12367670000000,54.9027023315
12368430000000,66.0713729858
12369140000000,71.6525115967
12369850000000,56.4982452393
12370570000000,57.7149772644
12371250000000,58.8361663818
12371930000000,59.8808021545
12372620000000,70.5368728638
12373260000000,93.0685653687
12373900000000,105.447807312
12374570000000,117.471496582
12375270000000,136.219543457
12375960000000,165.02696228
12376580000000,174.067657471
12377240000000,173.113800049
12377900000000,160.641830444
12378540000000,151.722854614
12379230000000,152.452133179
12379890000000,152.944717407
12380540000000,153.414535522
12381180000000,153.902816772
12381820000000,159.992172241
12382490000000,168.591430664
12383100000000,177.682815552
12383730000000,141.854736328
12384400000000,106.96206665
12385020000000,68.9281692505
12385680000000,34.7481193542
12386310000000,22.9912815094
12386970000000,29.1383285522
12387590000000,31.2319202423
12388270000000,30.649887085
12388940000000,23.8296089172
12389560000000,8.10520458221
12390190000000,4.94388866425
12390840000000,5.18205595016
12391490000000,5.2821726799
12392120000000,5.58734750748
12392770000000,5.6162686348
12393370000000,9.74612903595
12394050000000,20.245923996
12394730000000,28.2665081024
12395340000000,40.9939002991
12396000000000,52.1279716492
12396660000000,76.6519088745
12397280000000,94.126991272
12397910000000,112.055374146
12398510000000,117.439682007
12399160000000,124.105079651
12399760000000,129.166137695
12400360000000,135.396194458
12400950000000,134.885803223
12401660000000,135.606674194
12402280000000,137.560134888
12402900000000,137.175048828
12403510000000,137.807540894
12404120000000,123.803619385
12404720000000,92.2541275024
12405340000000,56.3310127258
12405970000000,19.2087402344
12406610000000,20.2363872528
12407240000000,28.5669517517
12407850000000,31.027557373
12408470000000,33.6612815857
12409060000000,36.792591095
12409670000000,41.2340698242
12410300000000,43.4813613892
12410910000000,44.2861862183
12411500000000,45.1370887756
12412120000000,46.0189666748
12412750000000,45.7745475769
12413370000000,43.9595794678
12414020000000,43.1026000977
12414630000000,37.9703483582
12415220000000,35.4215278625
12415820000000,30.7424755096
12416470000000,24.9232444763
12417070000000,25.67852211
12417660000000,23.8991794586
12418300000000,19.6573257446
12418890000000,14.8530254364
12419510000000,15.4756832123
12420100000000,15.9365653992
12420780000000,16.3889560699
12421360000000,17.4717731476
12421940000000,19.4961566925
12422530000000,20.314535141
12423140000000,21.2268276215
12423730000000,21.807598114
12424330000000,22.4834194183
12424950000000,23.3093929291
12425530000000,24.1615447998
12426120000000,25.0267028809
12426740000000,25.9328079224
12427340000000,27.0390586853
12427910000000,28.1814537048
12428530000000,29.3145694733
12429120000000,30.6567497253
12429750000000,32.0532035828
12430350000000,33.4510002136
12430950000000,34.6600570679
12431570000000,29.4153366089
12432190000000,27.3927059174
12432780000000,25.8609371185
12433410000000,24.6334514618
12434020000000,23.498588562
12434670000000,22.6768779755
12435280000000,14.2594833374
12435880000000,5.8157916069
12436490000000,4.05937957764
12437080000000,7.95547580719
12437660000000,8.88664722443
12438280000000,9.99952030182
12438900000000,11.4836730957
12439540000000,13.4676656723
12440180000000,16.5331707001
12440780000000,21.1888713837
12441440000000,28.4622058868
12442050000000,34.0075111389
12442680000000,34.0171127319
