14380170000000,18.9517612457
14380940000000,21.4342899323
14381680000000,21.9808750153
14382420000000,22.0394458771
14383130000000,22.8782367706
14383840000000,24.0052623749
14384520000000,25.2542629242
14385230000000,26.6210708618
14385910000000,18.8913936615
14386610000000,18.8740081787
14387290000000,5.8304810524
14387940000000,2.86582112312
14388620000000,20.430147171
14389250000000,24.6645298004
14389890000000,29.9124774933
14390540000000,52.4911651611
14391280000000,84.3421859741
14391920000000,94.5688781738
14392560000000,126.256919861
14393180000000,142.476074219
14393810000000,145.308944702
14394450000000,147.46585083
14395040000000,149.526107788
14395690000000,151.122634888
14396320000000,152.764038086
14396980000000,154.276672363
14397670000000,117.870941162
14398340000000,71.4755477905
14398960000000,22.9594955444
14399570000000,11.8096046448
14400170000000,39.6890258789
14400820000000,56.6223678589
14401440000000,44.6614570618
14402060000000,49.8849639893
14402700000000,65.0537490845
14403350000000,74.7893981934
14403980000000,82.5949707031
14404650000000,86.2637481689
14405280000000,90.0288009644
14405920000000,90.315574646
14406590000000,85.4916534424
14407240000000,85.6398544312
14407880000000,76.7609405518
14408480000000,67.1664047241
14409090000000,52.485584259
14409770000000,44.5888748169
14410410000000,26.8336753845
14411030000000,20.9863071442
14411670000000,17.1322669983
14412300000000,1.74695372581
14412930000000,2.50758528709
14413540000000,2.87034416199
14414180000000,3.39425134659
14414900000000,4.02837991714
14415500000000,5.28033971786
14416100000000,7.05947685242
14416710000000,9.76584815979
14417370000000,8.25528717041
14417970000000,48.3128204346
14418580000000,75.5578536987
14419230000000,119.734893799
14419820000000,142.853652954
14420440000000,176.440032959
14421040000000,175.393203735
14421660000000,177.474395752
14422270000000,178.765350342
14422890000000,177.131256104
14423520000000,177.773773193
14424150000000,179.420257568
14424730000000,177.063217163
14425340000000,177.287445068
14425980000000,176.259719849
14426610000000,173.141326904
14427200000000,171.490158081
14427820000000,170.136138916
14428420000000,169.951416016
14429030000000,170.016555786
14429630000000,170.53453064
14430240000000,170.662826538
14430820000000,171.091171265
14431470000000,171.503570557
14432080000000,171.869659424
14432670000000,171.906433105
14433270000000,172.470962524
14433900000000,172.735534668
14434500000000,173.045227051
14435090000000,171.355789185
14435730000000,171.647216797
14436290000000,169.565505981
14436930000000,169.793518066
14437530000000,170.135513306
14438130000000,170.429092407
14438750000000,171.586654663
14439390000000,171.556396484
14440020000000,171.792495728
14440590000000,172.035644531
14441170000000,172.192337036
14441780000000,169.245574951
14442360000000,157.967605591
14443060000000,154.836502075
14443660000000,153.153366089
14444260000000,150.15802002
14444870000000,149.071014404
14445460000000,145.107223511
14446090000000,142.378570557
14446660000000,139.437866211
14447260000000,136.261672974
14447860000000,134.833374023
14448470000000,131.601119995
14449110000000,133.761001587
14449720000000,134.398269653
14450380000000,137.581787109
14450950000000,138.446136475
14451540000000,138.519760132
14452160000000,139.246429443
14452750000000,139.952789307
