
20502880000000,49.8170051575
20503430000000,51.5141906738
20503970000000,54.3279800415
20504530000000,58.0233001709
20505080000000,65.6888961792
20505630000000,73.0052947998
20506130000000,76.8231658936
20506630000000,83.6523971558
20507140000000,86.8564300537
20507620000000,90.9922485352
20508090000000,94.7841262817
20508600000000,98.4581222534
20509080000000,102.529647827
20509530000000,106.258094788
20510010000000,108.97845459
20510470000000,111.903701782
20510950000000,114.57775116
20511390000000,114.173828125
20511840000000,109.676811218
20512280000000,96.825553894
20512720000000,93.3485717773
20513150000000,96.3188171387
20513580000000,96.6485443115
20514000000000,92.8302993774
20514440000000,82.532989502
20514870000000,72.2180633545
20515310000000,65.1964263916
20515760000000,63.9044570923
20516210000000,67.0126571655
20516640000000,62.7556343079
20517100000000,38.6221656799
20517540000000,10.8911981583
20517960000000,4.36892938614
20518400000000,5.86798620224
20518840000000,12.2185144424
20519270000000,12.8781728745
20519690000000,13.5568027496
20520100000000,13.9659585953
20520560000000,14.0312986374
20520990000000,13.5544433594
20521430000000,8.39584064484
20521870000000,1.79890286922
20522350000000,5.05782699585
20522800000000,6.16344404221
20523230000000,5.92896938324
20523680000000,5.71108579636
20524130000000,6.2110581398
20524580000000,6.54472780228
20525050000000,7.54310750961
20525550000000,9.81346130371
20526010000000,15.7268400192
20526440000000,33.6589622498
20526890000000,61.422542572
20527320000000,58.5065803528
20527790000000,30.0648193359
20528210000000,0.0640612766147
20528670000000,4.12770795822
20529140000000,33.1419372559
20529580000000,49.5663032532
20530030000000,59.8799934387
20530470000000,87.8318557739
20530900000000,120.277641296
20531350000000,139.764846802
20531790000000,135.680969238
20532200000000,130.15663147
20532650000000,140.475387573
20533110000000,151.661148071
20533530000000,158.352081299
20533970000000,161.862503052
20534420000000,171.850601196
20534870000000,173.045211792
20535300000000,161.951171875
20535750000000,163.819458008
20536200000000,165.245315552
20536620000000,166.548248291
20537050000000,167.487976074
20537490000000,168.331512451
20537930000000,169.115890503
20538360000000,169.787902832
20538790000000,170.406646729
20539240000000,170.904159546
20539690000000,173.309844971
20540100000000,175.869995117
20540550000000,178.943664551
20540980000000,175.682754517
20541400000000,170.444137573
20541810000000,169.544235229
20542280000000,158.09564209
20542750000000,127.36630249
20543190000000,112.855644226
20543620000000,96.518157959
20544050000000,78.4741973877
20544460000000,64.7879867554
20544920000000,69.9527206421
20545350000000,89.5442810059
20545770000000,105.612556458
20546180000000,110.495414734
20546620000000,112.472175598
20547060000000,114.478248596
20547470000000,106.637077332
20547870000000,93.5221939087
20548290000000,84.8783493042
20548710000000,77.0983963013
20549130000000,78.4462051392
20549550000000,81.0232086182
20549970000000,83.3554840088
20550390000000,86.0212020874
20550800000000,90.5723190308
20551230000000,99.9067687988
20551670000000,111.665611267
20552070000000,115.864341736
20552460000000,117.408653259
20552890000000,120.394691467
20553320000000,131.85508728
20553720000000,150.853775024
20554160000000,170.253417969
20554570000000,158.018295288
20555030000000,134.861114502
20555420000000,108.379508972
20555840000000,78.8601913452
20556270000000,70.8432312012
20556690000000,75.6117630005
20557120000000,87.4506225586
20557540000000,93.81690979
20557970000000,100.722518921
20558410000000,108.213912964
20558830000000,111.834655762
20559290000000,113.821914673
20559710000000,115.871284485
20560140000000,117.681304932
20560550000000,119.431869507
20560990000000,121.123336792
20561420000000,122.835090637
20561850000000,124.464881897
20562260000000,125.977790833
20562680000000,127.436004639
20563100000000,128.830429077
20563520000000,130.127197266
20563950000000,131.419616699
20564380000000,132.671203613
20564800000000,133.986068726
20565210000000,135.095657349
20565620000000,136.178375244
20566050000000,137.245269775
20566480000000,138.269805908
20566890000000,139.301467896
20567290000000,140.203308105
20567700000000,141.073181152
20568150000000,141.951553345
20568530000000,142.836776733
20568950000000,143.573822021
20569340000000,144.357925415
20569760000000,145.079116821
20570170000000,145.807922363
20570570000000,146.47769165
20570950000000,147.124725342
20571360000000,147.718261719
20571770000000,148.353759766
20572160000000,148.939651489
20572550000000,149.504837036
20572950000000,150.025680542
20573330000000,150.559402466
20573740000000,151.049636841
20574170000000,151.573379517
20574590000000,152.054962158
20575010000000,152.550445557
20575410000000,153.024307251
20575850000000,153.427261353
20576240000000,153.894638062
20576660000000,154.303817749
20577110000000,154.713180542
20577510000000,155.139709473
20577930000000,155.517288208
20578370000000,155.887741089
20578770000000,156.278167725
20579180000000,156.606811523
20579630000000,156.969833374
20580020000000,157.99597168
20580420000000,164.66116333
20580800000000,164.461227417
20581240000000,167.185745239
20581650000000,171.990890503
20582050000000,171.365814209
20582470000000,179.224777222
20582860000000,174.379806519
20583270000000,168.195602417
20583710000000,167.067687988
20584130000000,167.245330811
20584540000000,167.366317749
20584960000000,167.536956787
20585350000000,167.86038208
20585790000000,166.347930908
20586240000000,164.315612793
20586640000000,161.086807251
20587050000000,154.819442749
20587490000000,147.34487915
20587890000000,145.047912598
20588290000000,145.43989563
20588690000000,145.768371582
20589080000000,146.158569336
20589540000000,146.325698853
20589940000000,144.206863403
20590330000000,142.422363281
20590770000000,139.718978882
20591190000000,135.145385742
20591610000000,136.260360718
20592020000000,138.402618408
20592400000000,139.391647339
20592820000000,139.787750244
20593260000000,140.005279541
