11931370000000,60.1165885925
11932130000000,62.2149276733
11932870000000,66.691116333
11933600000000,71.4094390869
11934310000000,75.8912963867
11935080000000,81.2062988281
11935780000000,87.275718689
11936430000000,92.8583679199
11937120000000,97.5958099365
11937780000000,102.674209595
11938440000000,103.323898315
11939080000000,95.5301437378
11939800000000,87.6755371094
11940450000000,83.1324996948
11941070000000,82.3918685913
11941700000000,46.0556678772
11942380000000,48.6086959839
11943010000000,10.5360422134
11943650000000,6.10042190552
11944270000000,8.94418525696
11944990000000,14.7303657532
11945670000000,10.8678274155
11946340000000,13.2993707657
11946960000000,15.7332897186
11947610000000,18.3851165771
11948240000000,22.0190486908
11948830000000,22.7508659363
11949510000000,15.8690814972
11950160000000,24.6784000397
11950770000000,42.6095085144
11951450000000,38.7254447937
11952080000000,7.80999279022
11952740000000,12.8745117188
11953400000000,156.406082153
11954040000000,161.938858032
11954720000000,152.541641235
11955340000000,140.980941772
11956020000000,146.642776489
11956670000000,152.304428101
11957290000000,145.220306396
11957900000000,147.460800171
11958560000000,145.264266968
11959210000000,147.185974121
11959860000000,150.622467041
11960530000000,153.46270752
11961170000000,157.085494995
11961780000000,171.330947876
11962420000000,174.248245239
11963050000000,178.449035645
11963660000000,166.431213379
11964320000000,156.936721802
11964930000000,153.545654297
11965540000000,116.97038269
11966200000000,97.7057189941
11966810000000,86.1090164185
11967400000000,91.1103591919
11968020000000,87.9994659424
11968680000000,83.7822036743
11969300000000,87.4002761841
11969900000000,90.8201599121
11970520000000,94.1079940796
11971100000000,97.5789489746
11971730000000,105.49848938
11972360000000,119.90145874
11972960000000,138.631591797
11973550000000,157.678817749
11974170000000,161.813781738
11974780000000,132.778915405
11975440000000,130.142990112
11976060000000,115.863792419
11976640000000,94.4552001953
11977280000000,87.7107849121
11977890000000,87.9015045166
11978530000000,88.9577560425
11979130000000,90.8815155029
11979770000000,93.1774673462
11980370000000,94.2935256958
11980970000000,96.7992553711
11981560000000,106.717704773
11982180000000,118.827713013
11982770000000,121.154396057
11983370000000,123.267524719
11984000000000,125.320037842
11984630000000,129.403915405
11985230000000,132.494064331
11985820000000,134.128173828
11986450000000,135.724807739
11987040000000,141.318054199
11987670000000,146.415390015
11988260000000,147.578475952
11988860000000,148.6040802
11989470000000,149.566390991
11990040000000,150.523910522
11990630000000,151.381362915
11991240000000,152.187561035
11991850000000,152.972976685
11992460000000,153.734359741
11993080000000,154.482940674
11993690000000,155.187149048
11994310000000,155.793380737
11994880000000,156.448562622
11995510000000,156.994308472
11996090000000,157.575836182
11996680000000,158.086517334
11997290000000,158.527160645
11997910000000,159.056411743
11998520000000,159.541305542
11999160000000,159.982757568
11999810000000,171.190811157
12000380000000,174.160339355
12001000000000,174.263824463
12001610000000,174.395843506
12002210000000,176.251586914
12002840000000,168.886428833
12003450000000,152.420074463
12004040000000,153.060668945
12004670000000,153.930007935
12005280000000,153.726837158
12005890000000,155.478973389
12006540000000,151.688400269
12007130000000,143.625030518
12007730000000,144.266677856
12008370000000,144.839035034
12008970000000,145.409332275
12009560000000,141.646469116
12010150000000,139.574111938
12010760000000,141.698379517
