14107740000000,21.2048435211
14108450000000,22.1527023315
14109270000000,21.6201648712
14109990000000,23.3894271851
14110720000000,24.3758125305
14111430000000,25.5599250793
14112130000000,26.8371219635
14112800000000,28.3664550781
14113470000000,28.2484951019
14114150000000,27.4422531128
14114760000000,20.0385570526
14115420000000,10.9542274475
14116130000000,4.90109109879
14116780000000,23.9081172943
14117390000000,26.7444553375
14118000000000,50.1795349121
14118660000000,79.8269119263
14119300000000,110.426429749
14119920000000,117.679351807
14120550000000,119.695625305
14121190000000,123.211730957
14121830000000,129.371444702
14122470000000,132.255905151
14123120000000,134.493301392
14123730000000,134.354995728
14124360000000,137.03565979
14125020000000,139.208969116
14125670000000,140.989868164
14126270000000,127.133972168
14126920000000,97.3480148315
14127570000000,49.8575592041
14128250000000,15.3674316406
14128870000000,18.6788215637
14129560000000,32.2428283691
14130210000000,53.8315238953
14130840000000,52.71616745
14131500000000,53.7156219482
14132130000000,54.4178314209
14132730000000,57.8260231018
14133390000000,61.1757888794
14134020000000,80.3109054565
14134690000000,83.465171814
14135330000000,85.7764892578
14135990000000,86.4303131104
14136640000000,86.088394165
14137270000000,76.5411453247
14137870000000,72.6296539307
14138500000000,58.4726982117
14139150000000,37.4988899231
14139770000000,33.9895324707
14140400000000,22.5787334442
14141010000000,19.82462883
14141590000000,6.15806388855
14142180000000,6.31350040436
14142780000000,6.78705596924
14143370000000,4.57774925232
14144040000000,5.60778570175
14144660000000,7.00645923615
14145270000000,9.06701469421
14145890000000,12.6716709137
14146530000000,12.6989278793
14147160000000,24.4691257477
14147750000000,71.6517105103
14148370000000,119.39138031
14148990000000,139.972640991
14149600000000,153.019882202
14150190000000,167.612548828
14150790000000,171.462280273
14151440000000,172.549987793
14152070000000,173.333129883
14152740000000,173.405090332
14153350000000,174.091339111
14153990000000,174.602218628
14154580000000,174.468582153
14155170000000,172.437133789
14155810000000,169.910369873
14156400000000,169.769577026
14156960000000,170.335098267
14157550000000,170.637268066
14158150000000,171.28477478
14158760000000,171.698364258
14159430000000,171.990631104
14160000000000,172.236938477
14160560000000,172.410720825
14161150000000,172.716415405
14161740000000,173.013259888
14162340000000,173.296676636
14162940000000,172.012374878
14163540000000,172.296630859
14164130000000,172.571884155
14164740000000,172.812973022
14165320000000,171.19317627
14165950000000,171.459960938
14166550000000,171.732055664
14167160000000,171.967330933
14167750000000,172.207260132
14168350000000,172.356552124
14168970000000,164.727554321
14169560000000,165.168655396
14170170000000,165.560165405
14170800000000,163.95262146
14171420000000,161.238113403
14172050000000,159.749252319
14172640000000,157.363830566
14173230000000,148.560089111
14173790000000,145.776824951
14174370000000,143.761108398
14174960000000,138.433944702
14175550000000,133.930923462
14176150000000,134.801528931
14176740000000,134.404266357
14177350000000,134.299804688
14178010000000,134.379180908
14178630000000,135.543960571
14179220000000,136.411468506
14179830000000,135.365371704
14180440000000,136.293685913
14181030000000,132.708358765
14181630000000,130.857528687
