13813060000000,18.8235454559
13813810000000,19.8726615906
13814550000000,20.5131187439
13815310000000,22.4687461853
13816020000000,23.4853878021
13816760000000,24.6582012177
13817460000000,26.0048904419
13818130000000,27.4267520905
13818820000000,28.8889045715
13819510000000,22.7434597015
13820150000000,19.6457653046
13820800000000,15.0656147003
13821480000000,2.03439974785
13822120000000,25.5968437195
13822770000000,55.1592903137
13823460000000,59.1805076599
13824080000000,100.600914001
13824730000000,123.500991821
13825360000000,127.183425903
13825990000000,130.445922852
13826660000000,133.485458374
13827280000000,136.354995728
13827920000000,138.805404663
13828570000000,141.174255371
13829210000000,143.217956543
13829850000000,144.987823486
13830500000000,124.65322113
13831150000000,85.6851119995
13831800000000,49.0641899109
13832440000000,21.5157241821
13833080000000,15.0415363312
13833700000000,37.9046211243
13834340000000,38.1229248047
13834980000000,40.5757904053
13835650000000,45.9251937866
13836250000000,60.4144821167
13836860000000,72.8364486694
13837510000000,76.6202011108
13838130000000,80.7633590698
13838760000000,84.1496276855
13839390000000,84.9849777222
13840040000000,87.9764633179
13840670000000,82.3785171509
13841310000000,74.1771774292
13841920000000,66.1934127808
13842560000000,55.8076515198
13843220000000,49.2424087524
13843840000000,44.100276947
13844490000000,33.7850151062
13845090000000,18.4911785126
13845720000000,3.47304940224
13846330000000,4.22177886963
13846940000000,4.5305018425
13847560000000,5.28241491318
13848160000000,6.41307735443
13848750000000,7.99248838425
13849350000000,10.5360412598
13850000000000,13.1795063019
13850610000000,9.91518115997
13851240000000,43.3407554626
13851870000000,84.6494979858
13852480000000,130.373092651
13853080000000,150.907928467
13853660000000,172.570663452
13854280000000,178.154174805
13854880000000,178.438934326
13855460000000,178.584320068
13856050000000,178.765365601
13856700000000,179.011291504
13857310000000,174.684692383
13857900000000,178.687423706
13858520000000,179.171478271
13859140000000,174.362335205
13859750000000,174.777374268
13860370000000,173.76499939
13860950000000,173.835128784
13861540000000,173.038894653
13862140000000,171.269241333
13862710000000,171.180953979
13863320000000,171.585067749
13863950000000,171.980728149
13864560000000,172.364135742
13865160000000,172.665679932
13865780000000,172.990386963
13866410000000,173.279052734
13866980000000,173.529052734
13867560000000,170.953994751
13868180000000,171.361160278
13868760000000,171.546020508
13869350000000,171.130187988
13869970000000,171.492584229
13870560000000,171.78288269
13871170000000,171.387680054
13871830000000,165.370773315
13872410000000,165.851074219
13873020000000,166.209686279
13873610000000,166.447021484
13874200000000,166.499923706
13874800000000,161.801330566
13875400000000,158.466781616
13875980000000,158.971099854
13876610000000,159.383117676
13877190000000,151.790252686
13877820000000,136.157089233
13878420000000,130.034484863
13878990000000,131.012496948
13879590000000,131.894592285
13880200000000,133.108673096
13880790000000,134.205963135
13881410000000,135.179000854
13881970000000,135.389099121
13882550000000,136.316818237
13883180000000,137.077636719
13883800000000,134.816467285
13884380000000,127.23009491
13885000000000,128.368362427
13885600000000,129.228622437
13886190000000,130.055664062
