11406630000000,20.7393951416
11407390000000,22.352148056
11408130000000,23.6481628418
11408860000000,26.4640254974
11409570000000,27.6337051392
11410300000000,28.9881916046
11410970000000,30.6099090576
11411650000000,32.0134277344
11412300000000,33.7122650146
11412990000000,20.7811393738
11413630000000,3.14564156532
11414270000000,1.09120643139
11414910000000,17.4132862091
11415550000000,28.8968811035
11416210000000,50.6593780518
11416800000000,67.7755432129
11417460000000,77.492477417
11418150000000,89.1949386597
11418760000000,110.17086792
11419370000000,132.247817993
11420040000000,140.576431274
11420670000000,142.156402588
11421290000000,138.659957886
11421970000000,141.013031006
11422590000000,140.050628662
11423230000000,142.021224976
11423890000000,139.209060669
11424550000000,111.975509644
11425180000000,75.4920959473
11425790000000,41.1308135986
11426440000000,8.51760673523
11427070000000,12.3423643112
11427740000000,21.6351051331
11428410000000,39.577922821
11429040000000,54.8450622559
11429680000000,77.0989837646
11430310000000,91.2142868042
11430950000000,90.6755599976
11431620000000,80.2562255859
11432270000000,88.5282516479
11432910000000,97.5307998657
11433550000000,95.6843032837
11434160000000,95.8497238159
11434790000000,88.6679840088
11435400000000,57.4589118958
11436010000000,55.3343467712
11436620000000,55.4844474792
11437240000000,47.9647598267
11437840000000,41.2635192871
11438550000000,27.752532959
11439150000000,3.1730735302
11439740000000,26.816368103
11440350000000,23.7055931091
11441000000000,22.8724651337
11441610000000,20.9239387512
11442200000000,6.95834112167
11442810000000,9.38496494293
11443510000000,13.721827507
11444120000000,1.68508124352
11444750000000,32.3446350098
11445410000000,76.6316986084
11446040000000,127.688446045
11446670000000,152.915863037
11447280000000,166.012252808
11447890000000,172.512451172
11448550000000,173.79498291
11449160000000,176.068832397
11449780000000,173.825393677
11450370000000,170.419113159
11451020000000,168.966400146
11451690000000,169.26802063
11452300000000,167.56640625
11452900000000,166.117385864
11453500000000,166.497894287
11454080000000,167.952697754
11454690000000,164.246444702
11455300000000,170.818099976
11455880000000,171.001815796
11456440000000,171.40473938
11457120000000,171.833969116
11457720000000,172.262023926
11458300000000,172.595840454
11458910000000,172.902648926
11459510000000,173.010925293
11460170000000,173.406539917
11460790000000,173.673675537
11461370000000,173.91242981
11461940000000,174.117874146
11462550000000,174.321502686
11463220000000,174.513824463
11463810000000,174.707260132
11464440000000,174.877731323
11465020000000,175.026992798
11465610000000,175.165374756
11466170000000,175.298202515
11466800000000,175.282791138
11467400000000,170.625640869
11468010000000,169.993530273
11468650000000,165.679367065
11469270000000,161.371276855
11469940000000,145.25668335
11470560000000,144.321304321
11471150000000,145.113983154
11471760000000,145.846878052
11472420000000,146.614456177
11472990000000,147.384857178
11473620000000,148.021148682
11474210000000,148.701599121
11474810000000,150.833618164
11475370000000,146.729171753
11475990000000,136.172775269
11476590000000,116.103050232
11477230000000,123.239860535
11477820000000,124.340789795
11478420000000,136.672805786
11479000000000,140.779586792
11479590000000,132.114746094
11480190000000,131.501449585
