14107740000000,58.9585876465
14108450000000,63.654499054
14109270000000,66.7351608276
14109990000000,72.8721389771
14110720000000,78.0229492188
14111430000000,83.6767272949
14112130000000,89.4228363037
14112800000000,95.1497497559
14113470000000,98.8473739624
14114140000000,101.432571411
14114760000000,97.379486084
14115420000000,93.0783309937
14116130000000,89.465927124
14116780000000,65.017036438
14117390000000,68.6568832397
14118000000000,49.4674606323
14118660000000,23.9689083099
14119300000000,0.559708714485
14119920000000,3.6272315979
14120550000000,1.87796890736
14121190000000,2.13894963264
14121830000000,5.89981126785
14122470000000,6.9734916687
14123120000000,8.15805244446
14123730000000,6.80221128464
14124360000000,10.1447057724
14125020000000,17.6731262207
14125670000000,56.0165748596
14126270000000,109.110458374
14126920000000,81.8371658325
14127570000000,23.1026725769
14128250000000,28.8194007874
14128870000000,136.068145752
14129560000000,168.539306641
14130210000000,166.160614014
14130840000000,172.937988281
14131500000000,176.467559814
14132130000000,179.501586914
14132730000000,179.510375977
14133390000000,179.570266724
14134020000000,163.680786133
14134690000000,166.201187134
14135330000000,169.984359741
14135990000000,174.381729126
14136640000000,179.659317017
14137270000000,166.242889404
14137870000000,159.319168091
14138500000000,142.003433228
14139150000000,119.82434082
14139770000000,116.13445282
14140400000000,104.667938232
14141010000000,103.273300171
14141590000000,90.9706344604
14142180000000,80.5598602295
14142780000000,84.0183944702
14143370000000,90.2449951172
14144040000000,93.0727386475
14144660000000,96.6422119141
14145270000000,99.851852417
14145890000000,102.888893127
14146530000000,108.861587524
14147160000000,158.874511719
14147750000000,164.903625488
14148370000000,123.981193542
14148990000000,117.430503845
14149600000000,112.477813721
14150190000000,104.624282837
14150790000000,105.477264404
14151440000000,108.182258606
14152070000000,111.449684143
14152740000000,114.830055237
14153350000000,117.637298584
14153990000000,119.984947205
14154580000000,123.007995605
14155170000000,127.533164978
14155810000000,132.384613037
14156400000000,135.09475708
14156960000000,136.765884399
14157550000000,138.422470093
14158150000000,139.651260376
14158760000000,140.99055481
14159430000000,142.508911133
14160000000000,144.008926392
14160560000000,145.259353638
14161150000000,146.266799927
14161740000000,147.251220703
14162340000000,148.214248657
14162940000000,150.63092041
14163540000000,151.440109253
14164130000000,152.267776489
14164740000000,153.002502441
14165320000000,155.594085693
14165950000000,156.215713501
14166550000000,156.844192505
14167160000000,157.435012817
14167750000000,158.006103516
14168350000000,158.552841187
14168970000000,166.863647461
14169560000000,167.104095459
14170170000000,167.412719727
14170800000000,169.630310059
14171420000000,173.004592896
14172050000000,175.115478516
14172640000000,178.078475952
14173230000000,172.62159729
14173790000000,169.323577881
14174370000000,166.881729126
14174960000000,161.095108032
14175550000000,156.159805298
14176150000000,156.580947876
14176740000000,155.760742188
14177350000000,155.237380981
14178010000000,154.922668457
14178630000000,155.633377075
14179220000000,156.084976196
14179830000000,154.666412354
14180440000000,155.234695435
14181030000000,151.281463623
14181630000000,149.094696045
