11261340000000,26.3125705719
11262080000000,26.6179046631
11262780000000,28.7183475494
11263490000000,30.0409660339
11264160000000,31.5619716644
11264830000000,33.129863739
11265530000000,34.6454353333
11266180000000,10.514415741
11266840000000,4.7118601799
11267510000000,5.00064086914
11268160000000,4.53064870834
11268810000000,13.6406154633
11269450000000,36.6944618225
11270120000000,50.4418525696
11270740000000,67.2980804443
11271370000000,78.9348068237
11272000000000,91.0112915039
11272630000000,109.730552673
11273260000000,122.988845825
11273880000000,127.835502625
11274530000000,130.579864502
11275190000000,133.652130127
11275830000000,136.110412598
11276500000000,147.006500244
11277180000000,148.516372681
11277810000000,109.75063324
11278430000000,65.9512252808
11279080000000,26.645904541
11279730000000,17.6114807129
11280360000000,27.7173595428
11281010000000,22.1904697418
11281650000000,24.1328697205
11282260000000,45.9891738892
11282890000000,70.9616394043
11283510000000,74.8126983643
11284120000000,78.9234085083
11284770000000,83.3065338135
11285370000000,87.7442932129
11286020000000,91.9806518555
11286650000000,96.5125732422
11287290000000,93.7916259766
11287920000000,71.2582473755
11288570000000,52.3505477905
11289230000000,54.8170051575
11289830000000,34.193901062
11290450000000,16.4580993652
11291090000000,13.3953409195
11291710000000,3.5904443264
11292340000000,5.36944484711
11292940000000,6.08598041534
11293590000000,8.24064731598
11294200000000,9.31446743011
11294830000000,11.2690534592
11295420000000,11.8377914429
11296060000000,1.83491909504
11296660000000,13.8892717361
11297290000000,42.9852905273
11297910000000,86.8548431396
11298570000000,116.271827698
11299200000000,134.874969482
11299800000000,144.730957031
11300430000000,151.06892395
11301070000000,155.725845337
11301690000000,159.175308228
11302280000000,161.857284546
11302850000000,163.836013794
11303480000000,172.44078064
11304090000000,173.016693115
11304710000000,173.613235474
11305320000000,174.107666016
11305930000000,174.546157837
11306530000000,174.907058716
11307110000000,175.202316284
11307710000000,175.566986084
11308300000000,175.749755859
11308880000000,175.980377197
11309470000000,176.169799805
11310100000000,175.815536499
11310690000000,173.51272583
11311290000000,171.048812866
11311870000000,171.914718628
11312460000000,172.225250244
11313110000000,172.260025024
11313730000000,169.857910156
11314320000000,169.104721069
11314910000000,169.5962677
11315490000000,169.930114746
11316060000000,170.228790283
11316670000000,170.536819458
11317260000000,170.825439453
11317850000000,171.081054688
11318460000000,171.340408325
11319090000000,171.576828003
11319700000000,171.811950684
11320310000000,171.888137817
11320980000000,167.369857788
11321560000000,160.417404175
11322140000000,154.397155762
11322740000000,146.229660034
11323370000000,146.721542358
11323980000000,147.514266968
11324600000000,148.238983154
11325190000000,148.95930481
11325780000000,149.582824707
11326370000000,149.991424561
11326990000000,147.307937622
11327610000000,139.938537598
11328230000000,130.392959595
11328830000000,128.252319336
11329480000000,127.314109802
11330080000000,120.301704407
11330680000000,121.643310547
11331280000000,122.483299255
11331880000000,123.418289185
11332470000000,125.003112793
