11931370000000,49.8185081482
11932130000000,51.4391365051
11932870000000,52.572971344
11933600000000,53.8367500305
11934310000000,54.3611030579
11935080000000,55.0251846313
11935780000000,55.6951293945
11936430000000,56.2243843079
11937120000000,57.1716804504
11937780000000,58.2249183655
11938440000000,62.9372673035
11939080000000,76.8192596436
11939800000000,91.1856918335
11940450000000,103.229766846
11941070000000,109.625289917
11941700000000,146.01914978
11942380000000,146.566253662
11943010000000,172.102554321
11943650000000,167.5831604
11944270000000,169.976089478
11944990000000,174.303741455
11945670000000,168.435913086
11946340000000,145.530471802
11946960000000,146.030258179
11947610000000,146.6743927
11948240000000,147.361480713
11948830000000,152.229354858
11949510000000,166.564758301
11950160000000,166.250747681
11950770000000,166.843505859
11951450000000,165.122161865
11952080000000,115.575912476
11952740000000,86.0520706177
11953400000000,68.2745437622
11954040000000,49.8865661621
11954720000000,36.592414856
11955340000000,17.2437267303
11956020000000,15.1774311066
11956670000000,14.3668727875
11957290000000,3.93895888329
11957900000000,1.24017572403
11958560000000,4.88188791275
11959210000000,6.87545442581
11959860000000,7.09074306488
11960530000000,7.24657201767
11961170000000,6.13272333145
11961780000000,6.05352258682
11962420000000,8.78462123871
11963050000000,16.1524753571
11963660000000,30.0458011627
11964320000000,42.338809967
11964930000000,48.2704124451
11965540000000,83.8138885498
11966200000000,105.131752014
11966810000000,121.024841309
11967400000000,120.390167236
11968020000000,127.696090698
11968680000000,136.645431519
11969300000000,137.485626221
11969900000000,138.267852783
11970520000000,138.975189209
11971100000000,139.663497925
11971730000000,135.59803772
11972360000000,125.318405151
11972960000000,108.64213562
11973550000000,91.8120651245
11974170000000,52.7449150085
11974780000000,23.6716861725
11975440000000,19.2246246338
11976060000000,3.14690351486
11976640000000,20.0067195892
11977280000000,29.8219909668
11977890000000,33.0603179932
11978530000000,35.3023376465
11979130000000,37.1442642212
11979770000000,38.392993927
11980370000000,40.9784851074
11980970000000,41.9917602539
11981560000000,35.4837989807
11982180000000,26.6075229645
11982770000000,27.2353954315
11983370000000,27.8049983978
11984000000000,28.4523639679
11984630000000,27.1836738586
11985230000000,26.5520420074
11985820000000,27.2392883301
11986450000000,27.9030742645
11987040000000,24.513589859
11987670000000,21.0505867004
11988260000000,21.616891861
11988860000000,22.2220153809
11989470000000,22.8238449097
11990040000000,23.5007648468
11990630000000,24.1743869781
11991240000000,24.8819847107
11991850000000,25.6665592194
11992460000000,26.4847297668
11993080000000,27.4309215546
11993690000000,28.3949394226
11994310000000,29.3631057739
11994880000000,30.486328125
11995510000000,31.5450649261
11996090000000,32.8477210999
11996680000000,34.0480995178
11997290000000,35.5600471497
11997910000000,37.0117492676
11998520000000,38.6534385681
11999160000000,40.3694534302
11999810000000,31.1611442566
12000380000000,30.1022033691
12001000000000,31.6599998474
12001610000000,33.4589653015
12002210000000,33.6403427124
12002840000000,20.4470672607
12003450000000,3.98638105392
12004040000000,4.36344194412
12004670000000,4.82873344421
12005280000000,4.93205738068
12005890000000,6.45055627823
12006540000000,2.70788621902
12007130000000,7.39198732376
12007730000000,8.26411056519
12008370000000,9.48205566406
12008970000000,11.2656898499
12009560000000,17.45652771
12010150000000,24.8588943481
12010760000000,29.5488548279
