11789370000000,52.7091178894
11790110000000,49.997127533
11790860000000,54.6882514954
11791560000000,55.1192741394
11792280000000,56.1344070435
11792950000000,57.20911026
11793620000000,58.1946754456
11794300000000,59.2648353577
11794960000000,60.3027610779
11795630000000,69.5518188477
11796280000000,79.006072998
11796930000000,81.7328186035
11797570000000,102.896484375
11798260000000,117.073867798
11798900000000,120.961547852
11799540000000,129.073410034
11800210000000,149.079025269
11800860000000,179.136886597
11801470000000,146.739654541
11802120000000,153.535339355
11802780000000,160.064926147
11803420000000,156.698150635
11804070000000,151.170608521
11804710000000,144.255020142
11805330000000,144.928955078
11805960000000,156.508682251
11806590000000,179.410598755
11807270000000,175.751068115
11807940000000,154.293899536
11808550000000,110.135124207
11809200000000,81.120223999
11809850000000,63.294593811
11810510000000,57.0577392578
11811160000000,43.5363273621
11811880000000,17.2647857666
11812510000000,17.832075119
11813150000000,11.8295459747
11813780000000,4.44909000397
11814430000000,4.49750614166
11815070000000,4.46751832962
11815710000000,1.12614047527
11816370000000,5.44375801086
11817030000000,3.33103775978
11817670000000,6.04853010178
11818290000000,10.8188829422
11818930000000,33.3233757019
11819530000000,43.1389389038
11820170000000,50.8617515564
11820770000000,60.8195228577
11821430000000,83.5514678955
11822060000000,95.6228027344
11822680000000,110.976348877
11823280000000,103.667274475
11823910000000,124.675132751
11824510000000,148.509857178
11825120000000,148.385299683
11825730000000,138.664398193
11826400000000,134.675643921
11826990000000,135.510787964
11827600000000,136.270065308
11828210000000,127.347175598
11828850000000,105.061721802
11829470000000,65.1575622559
11830080000000,23.1019458771
11830710000000,10.2075500488
11831330000000,12.4308414459
11831930000000,25.1989879608
11832550000000,48.5015983582
11833140000000,32.5550765991
11833750000000,29.9135036469
11834390000000,30.4660987854
11834990000000,31.164440155
11835600000000,31.8038406372
11836220000000,32.2659835815
11836850000000,24.8758678436
11837480000000,22.7316799164
11838100000000,23.5344295502
11838720000000,24.0685195923
11839330000000,24.6734352112
11839950000000,25.2605476379
11840530000000,25.7564258575
11841150000000,24.4223518372
11841720000000,23.112077713
11842320000000,23.6965198517
11842940000000,24.3073730469
11843540000000,25.0323390961
11844130000000,25.7383327484
11844740000000,26.4594573975
11845350000000,27.2966518402
11845930000000,28.1563568115
11846510000000,25.2425956726
11847110000000,25.7033996582
11847710000000,26.9365158081
11848330000000,27.7823486328
11848920000000,28.798084259
11849530000000,29.8469409943
11850120000000,30.9423694611
11850730000000,32.2063560486
11851370000000,33.4185905457
11851940000000,34.8729743958
11852530000000,36.3147964478
11853130000000,28.2952671051
11853740000000,19.2730064392
11854330000000,21.791934967
11854970000000,25.0915431976
11855580000000,25.6897544861
11856180000000,13.3888559341
11856800000000,16.9079799652
11857440000000,18.2123146057
11858060000000,18.4896430969
11858650000000,9.68712234497
11859260000000,9.38892841339
11859860000000,10.2678594589
11860510000000,1.73597788811
11861130000000,2.34264922142
11861730000000,10.4327278137
11862360000000,14.6742134094
11862940000000,17.1413192749
11863540000000,18.3132343292
11864150000000,22.748046875
11864750000000,29.6308250427
