
12519970000000,23.6128559113
12520720000000,23.5953483582
12521490000000,24.0650482178
12522230000000,27.7277317047
12522940000000,26.135931015
12523670000000,23.7998638153
12524420000000,11.7980642319
12525140000000,7.18914079666
12525850000000,7.56835174561
12526520000000,8.00082015991
12527210000000,8.4584903717
12527870000000,6.09580993652
12528570000000,1.03790819645
12529240000000,14.0331306458
12529890000000,35.0990715027
12530590000000,51.6790504456
12531250000000,68.0106430054
12531880000000,83.6651535034
12532510000000,92.8531799316
12533190000000,102.883209229
12533820000000,124.436157227
12534470000000,142.764511108
12535080000000,151.819503784
12535750000000,154.31338501
12536360000000,146.319381714
12537010000000,137.348876953
12537670000000,112.240310669
12538290000000,79.8686218262
12538950000000,39.2697792053
12539620000000,6.37283277512
12540260000000,38.6883277893
12540900000000,45.0986099243
12541560000000,40.059135437
12542220000000,42.0292510986
12542820000000,44.6778793335
12543410000000,53.6008300781
12544070000000,68.5741348267
12544710000000,80.5463104248
12545410000000,84.8238754272
12546060000000,89.4351806641
12546770000000,88.3106079102
12547410000000,77.9040145874
12548050000000,64.3803100586
12548680000000,58.9938011169
12549340000000,70.7899475098
12549960000000,70.928276062
12550600000000,67.4652023315
12551200000000,48.3237609863
12551860000000,28.6630058289
12552490000000,12.5758571625
12553120000000,6.07573366165
12553750000000,3.86750268936
12554360000000,3.03132271767
12554980000000,3.55552768707
12555580000000,4.21596002579
12556240000000,5.18112134933
12556870000000,6.94146347046
12557520000000,10.1380491257
12558120000000,38.8947601318
12558750000000,84.368522644
12559370000000,146.06980896
12559950000000,166.906982422
12560550000000,164.067810059
12561180000000,159.692428589
12561780000000,158.044799805
12562390000000,161.70300293
12563020000000,164.632202148
12563620000000,172.293243408
12564220000000,174.467849731
12564820000000,175.001754761
12565450000000,175.489608765
12566050000000,179.22479248
12566710000000,164.001098633
12567310000000,158.924972534
12567920000000,160.355575562
12568530000000,161.668411255
12569150000000,162.781433105
12569770000000,163.820571899
12570350000000,165.186080933
12570960000000,166.334854126
12571560000000,166.884216309
12572150000000,167.988449097
12572750000000,168.40272522
12573350000000,168.908966064
12573920000000,169.364318848
12574530000000,169.782974243
12575120000000,170.174453735
12575770000000,170.547592163
12576360000000,170.897613525
12576940000000,171.205047607
12577570000000,171.497421265
12578190000000,171.788330078
12578780000000,172.062576294
12579370000000,172.311233521
12579950000000,172.539901733
12580540000000,172.761413574
12581160000000,172.969192505
12581810000000,173.17527771
12582400000000,173.408370972
12583010000000,173.567428589
12583610000000,173.70451355
12584260000000,169.603347778
12584870000000,161.431549072
12585460000000,151.172866821
12586100000000,139.98991394
12586690000000,139.651824951
12587300000000,140.446792603
12587940000000,141.097686768
12588550000000,139.810180664
12589190000000,138.708480835
12589820000000,137.051712036
12590410000000,130.8228302
12591030000000,120.463981628
12591670000000,118.361854553
12592280000000,123.837104797
12592890000000,124.601150513
12593500000000,125.503540039
12594090000000,126.432861328
12594720000000,127.323623657
12595340000000,118.833190918
12595940000000,120.181480408
