
12983490000000,20.6475944519
12984260000000,20.6477813721
12985030000000,20.64793396
12985750000000,19.3419933319
12986520000000,22.5154876709
12987300000000,24.2625484467
12987970000000,25.4872398376
12988660000000,26.6825523376
12989340000000,24.5016498566
12990010000000,12.7497825623
12990670000000,6.09470319748
12991300000000,6.68793821335
12991980000000,6.98090410233
12992640000000,6.13553571701
12993280000000,9.96010684967
12993970000000,30.6583709717
12994610000000,52.4487419128
12995260000000,72.0259094238
12995900000000,85.3240814209
12996550000000,101.006393433
12997190000000,117.392456055
12997820000000,130.940628052
12998460000000,137.90032959
12999100000000,141.133483887
12999710000000,144.847167969
13000350000000,146.888336182
13001030000000,148.702255249
13001670000000,148.319244385
13002290000000,123.491294861
13002930000000,78.4948654175
13003590000000,42.5141296387
13004260000000,2.86090946198
13004870000000,16.1760044098
13005490000000,24.0772075653
13006110000000,35.8636322021
13006770000000,47.9380607605
13007440000000,67.6451644897
13008080000000,76.2190856934
13008730000000,80.2961730957
13009340000000,84.6134109497
13010010000000,88.7891540527
13010620000000,93.2570114136
13011270000000,92.0530014038
13011910000000,90.0907974243
13012570000000,84.6827697754
13013210000000,80.7404785156
13013850000000,78.2215042114
13014460000000,76.141494751
13015110000000,68.4687805176
13015750000000,52.6375846863
13016380000000,45.3073158264
13017000000000,43.3103752136
13017650000000,42.1791267395
13018240000000,26.9175205231
13018850000000,6.27863311768
13019450000000,0.363906919956
13020080000000,0.4246917665
13020710000000,0.493036359549
13021290000000,0.594255328178
13021930000000,3.03123688698
13022550000000,15.0080471039
13023190000000,26.5617580414
13023800000000,35.5546035767
13024430000000,69.8687210083
13025080000000,94.2287979126
13025690000000,135.544006348
13026280000000,162.792404175
13026920000000,167.633636475
13027550000000,137.452285767
13028200000000,140.256713867
13028800000000,150.55770874
13029430000000,170.784881592
13030050000000,172.165283203
13030680000000,173.377090454
13031310000000,174.183746338
13031930000000,170.467514038
13032540000000,169.32472229
13033160000000,170.247161865
13033750000000,171.008560181
13034390000000,171.664840698
13035000000000,171.940292358
13035570000000,169.875396729
13036180000000,170.145629883
13036800000000,170.629302979
13037410000000,170.673522949
13038020000000,167.694396973
13038610000000,158.224639893
13039220000000,158.752243042
13039830000000,159.674346924
13040430000000,160.52835083
13041030000000,161.326705933
13041650000000,162.032485962
13042250000000,162.724105835
13042840000000,163.363800049
13043430000000,163.964355469
13044060000000,164.524780273
13044640000000,165.023468018
13045260000000,165.537063599
13045910000000,165.964797974
13046500000000,166.449279785
13047110000000,166.836181641
13047740000000,167.203109741
13048320000000,167.626617432
13048940000000,167.936447144
13049540000000,168.264648438
13050160000000,163.302978516
13050750000000,158.438598633
13051350000000,159.032577515
13051940000000,158.178817749
13052560000000,145.709014893
13053150000000,143.456298828
13053770000000,144.241622925
13054340000000,144.02130127
13054930000000,134.466125488
13055550000000,135.638259888
13056160000000,136.228164673
13056780000000,136.561340332
13057370000000,136.963516235
13057960000000,137.721405029
13058550000000,138.046325684
13059120000000,135.97706604
13059700000000,132.841964722
13060340000000,126.220344543
13060940000000,116.923774719
13061550000000,122.003219604
13062200000000,122.059417725
13062820000000,122.048774719
