
10332480000000,60.0283355713
10333280000000,60.0277366638
10334060000000,62.7124023438
10334820000000,65.9593658447
10335540000000,70.294128418
10336320000000,73.7261962891
10337050000000,79.3881072998
10337720000000,84.6334228516
10338430000000,89.5009689331
10339120000000,93.8829956055
10339780000000,89.7325134277
10340450000000,84.2331237793
10341130000000,69.7456436157
10341770000000,60.2355155945
10342400000000,49.9727592468
10343070000000,38.6259040833
10343710000000,24.4769554138
10344320000000,4.1587767601
10344940000000,10.3110923767
10345600000000,14.0268354416
10346220000000,0.627266168594
10346850000000,7.53617715836
10347500000000,1.81132292747
10348140000000,15.549612999
10348740000000,29.1515789032
10349390000000,31.7845191956
10350010000000,17.2248401642
10350670000000,27.2947006226
10351300000000,42.3739700317
10351960000000,32.170425415
10352590000000,5.51811933517
10353230000000,34.0822143555
10353840000000,108.143203735
10354500000000,151.556274414
10355140000000,166.955245972
10355750000000,175.1224823
10356410000000,170.541091919
10357060000000,172.420501709
10357690000000,173.495178223
10358310000000,174.472640991
10358960000000,160.426742554
10359570000000,153.935180664
10360190000000,158.310699463
10360810000000,166.950057983
10361440000000,174.097427368
10362090000000,176.627716064
10362700000000,169.176055908
10363310000000,157.474609375
10363960000000,152.783355713
10364650000000,140.336105347
10365270000000,128.341140747
10365890000000,124.464202881
10366530000000,99.7915725708
10367150000000,75.509552002
10367740000000,78.3770446777
10368360000000,81.5550994873
10368990000000,84.6443481445
10369590000000,89.4142303467
10370220000000,93.8486099243
10370830000000,97.094367981
10371440000000,100.064216614
10372040000000,104.526596069
10372670000000,144.879989624
10373250000000,175.38444519
10373840000000,149.355957031
10374480000000,125.972633362
10375070000000,109.935340881
10375710000000,95.6556091309
10376300000000,86.3374481201
10376910000000,88.5698394775
10377520000000,91.4092636108
10378140000000,94.3240814209
10378760000000,97.2255325317
10379350000000,105.461975098
10379930000000,125.48589325
10380560000000,128.201889038
10381190000000,130.27432251
10381790000000,132.339935303
10382410000000,134.179428101
10383050000000,135.951934814
10383620000000,137.667373657
10384230000000,139.131622314
10384890000000,140.493011475
10385540000000,142.007537842
10386150000000,143.461791992
10386730000000,144.670852661
10387340000000,145.744979858
10387960000000,146.83215332
10388560000000,147.925720215
10389150000000,148.927352905
10389750000000,149.815643311
10390370000000,150.677215576
10390970000000,151.516265869
10391590000000,152.283584595
10392230000000,153.037155151
10392860000000,153.780975342
10393460000000,154.525756836
10394090000000,155.152099609
10394670000000,155.761672974
10395300000000,156.417327881
10395910000000,156.963928223
10396530000000,166.867752075
10397110000000,178.256881714
10397700000000,178.373794556
10398330000000,178.41973877
10398920000000,178.4506073
10399510000000,178.485046387
10400140000000,178.390457153
10400760000000,178.383911133
10401340000000,178.408828735
10401960000000,178.316833496
10402550000000,178.512481689
10403160000000,174.089828491
10403800000000,153.195388794
10404440000000,135.500640869
10405050000000,131.940933228
10405710000000,139.838531494
10406340000000,141.080200195
10406980000000,138.554214478
10407590000000,132.863113403
10408180000000,136.54133606
10408760000000,144.759841919
10409350000000,144.255645752
10409950000000,144.54447937
10410570000000,144.54574585
10411180000000,144.547348022
10411810000000,144.548873901
10412410000000,144.550201416
