
20199360000000,26.2863693237
20199910000000,28.7124843597
20200450000000,29.5063514709
20200970000000,30.0725593567
20201480000000,31.2764759064
20202040000000,30.4218559265
20202540000000,34.1727714539
20203030000000,35.3019065857
20203560000000,36.3446311951
20204070000000,37.6095046997
20204550000000,38.8603057861
20205010000000,40.1047973633
20205480000000,41.2554893494
20205960000000,33.6315689087
20206420000000,26.690158844
20206910000000,27.5410690308
20207380000000,25.8602294922
20207830000000,12.5697031021
20208280000000,4.87644815445
20208720000000,27.6834049225
20209170000000,44.2938613892
20209590000000,47.626625061
20210030000000,47.1393089294
20210490000000,49.2949371338
20210940000000,51.5515480042
20211350000000,55.2379722595
20211820000000,62.1115531921
20212270000000,71.3649902344
20212690000000,82.2955245972
20213150000000,93.3729705811
20213600000000,103.97933197
20214060000000,113.832008362
20214510000000,118.215393066
20214990000000,121.757583618
20215430000000,130.217041016
20215890000000,143.159561157
20216350000000,157.168655396
20216800000000,159.326156616
20217240000000,155.90145874
20217670000000,149.969100952
20218110000000,138.744873047
20218590000000,129.350906372
20219020000000,103.442588806
20219460000000,80.8968887329
20219880000000,55.9922332764
20220320000000,29.5231342316
20220750000000,4.90003252029
20221200000000,15.6083335876
20221650000000,40.7115325928
20222100000000,49.6179504395
20222580000000,48.7838859558
20223000000000,41.635181427
20223430000000,32.0359764099
20223870000000,22.7971191406
20224290000000,24.5575771332
20224760000000,25.3652839661
20225230000000,28.5583286285
20225690000000,32.6320762634
20226160000000,53.0341453552
20226610000000,85.5671768188
20227040000000,94.5599136353
20227490000000,97.4230957031
20227940000000,100.750267029
20228370000000,103.666923523
20228800000000,106.19228363
20229250000000,108.199371338
20229720000000,109.128471375
20230160000000,105.47077179
20230590000000,98.283493042
20231030000000,90.2117996216
20231490000000,82.0913848877
20231920000000,74.2623519897
20232350000000,65.1835250854
20232810000000,68.2168960571
20233250000000,70.9427490234
20233700000000,70.7508239746
20234110000000,59.8744049072
20234540000000,46.5580329895
20234950000000,41.4754180908
20235390000000,40.6012229919
20235800000000,32.5095596313
20236220000000,17.5873336792
20236650000000,2.18256521225
20237080000000,0.337972521782
20237540000000,0.361793875694
20237960000000,0.366494864225
20238370000000,0.389897882938
20238780000000,0.418664932251
20239180000000,0.453423947096
20239580000000,0.493838459253
20240010000000,0.526314258575
20240460000000,0.600497484207
20240870000000,0.691906154156
20241370000000,0.783167123795
20241800000000,0.923724234104
20242240000000,1.11689865589
20242650000000,0.789138376713
20243070000000,0.0630712807178
20243530000000,8.37141704559
20243990000000,34.2410697937
20244410000000,58.476650238
20244830000000,81.3380432129
20245240000000,109.399742126
20245670000000,128.621307373
20246090000000,154.867294312
20246480000000,157.748657227
20246930000000,161.046691895
20247360000000,164.906829834
20247790000000,170.208724976
20248250000000,171.082580566
20248670000000,172.01965332
20249090000000,172.718231201
20249500000000,177.786956787
20249910000000,175.752075195
20250360000000,176.55921936
20250810000000,176.503707886
20251220000000,178.403579712
20251620000000,175.412124634
20252050000000,170.728088379
20252470000000,171.541351318
20252880000000,171.866119385
20253300000000,172.272323608
20253740000000,172.620880127
20254160000000,172.919250488
20254570000000,173.007080078
20254980000000,173.16847229
20255410000000,172.600357056
20255840000000,170.954772949
20256240000000,165.458389282
20256650000000,164.880844116
20257080000000,165.35760498
20257520000000,165.891830444
20257970000000,166.368255615
20258370000000,166.850921631
20258780000000,167.266616821
20259180000000,167.64414978
20259620000000,167.983459473
20260050000000,168.358276367
20260490000000,168.667053223
20260880000000,168.980895996
20261280000000,169.251190186
20261710000000,169.49697876
20262110000000,169.772109985
20262540000000,170.00604248
20262940000000,170.251541138
20263360000000,170.475189209
20263840000000,170.679153442
20264260000000,170.913986206
20264690000000,171.120559692
20265110000000,171.434570312
20265500000000,171.535980225
20265900000000,171.702636719
20266350000000,171.864135742
20266750000000,172.03213501
20267180000000,172.176849365
20267570000000,172.331863403
20267970000000,172.458374023
20268370000000,172.587722778
20268810000000,172.712982178
20269200000000,172.865066528
20269630000000,172.982147217
20270120000000,170.561416626
20270580000000,167.282699585
20270990000000,163.554473877
20271420000000,153.326553345
20271830000000,139.354568481
20272250000000,136.271591187
20272680000000,138.870666504
20273070000000,138.951263428
20273440000000,139.496643066
20273850000000,139.990478516
20274270000000,140.538070679
20274660000000,141.072143555
20275090000000,141.522216797
20275500000000,140.321868896
20275910000000,141.643951416
20276360000000,140.954269409
20276770000000,140.967102051
20277240000000,140.171707153
20277660000000,135.412307739
20278080000000,132.208587646
20278510000000,129.788665771
20278920000000,125.465934753
20279350000000,118.606002808
20279800000000,115.187545776
20280220000000,121.591468811
20280640000000,120.07674408
20281080000000,121.746582031
20281510000000,121.941093445
20281910000000,122.532287598
20282350000000,123.072494507
