
12364620000000,61.2052650452
12365380000000,61.2053527832
12366190000000,61.2054290771
12366910000000,67.3869094849
12367670000000,67.0836639404
12368430000000,61.061668396
12369140000000,60.9441337585
12369850000000,81.9997024536
12370570000000,87.3164520264
12371250000000,92.9907073975
12371930000000,98.3579788208
12372620000000,94.3855743408
12373260000000,77.9278488159
12373900000000,71.0930480957
12374570000000,65.4850616455
12375270000000,52.7070770264
12375960000000,30.293056488
12376580000000,12.8924045563
12377240000000,13.1480751038
12377900000000,0.4865244627
12378540000000,9.63578414917
12379230000000,11.2269058228
12379890000000,14.1855640411
12380540000000,18.972278595
12381180000000,28.0247936249
12381820000000,40.5427703857
12382490000000,67.148765564
12383100000000,66.9401702881
12383730000000,36.0894165039
12384400000000,13.3519735336
12385020000000,63.9634017944
12385680000000,144.165161133
12386310000000,164.012802124
12386970000000,162.951202393
12387590000000,166.384521484
12388270000000,170.176971436
12388940000000,178.442169189
12389560000000,167.363052368
12390190000000,165.373016357
12390840000000,167.084884644
12391490000000,168.407196045
12392120000000,169.592971802
12392770000000,170.403884888
12393370000000,175.220581055
12394050000000,174.559967041
12394730000000,167.713668823
12395340000000,156.969329834
12396000000000,147.771774292
12396660000000,126.229431152
12397280000000,112.431350708
12397910000000,98.2604446411
12398510000000,96.8795776367
12399160000000,93.6532058716
12399760000000,92.6171722412
12400360000000,89.4412612915
12400950000000,93.4680099487
12401660000000,96.4256134033
12402280000000,98.8237915039
12402900000000,102.899253845
12403510000000,105.61038208
12404120000000,120.812515259
12404720000000,152.864212036
12405340000000,171.59753418
12405970000000,133.399642944
12406610000000,94.6320343018
12407240000000,90.5209121704
12407850000000,91.4378585815
12408470000000,92.1380004883
12409060000000,92.4040908813
12409670000000,91.3154296875
12410300000000,92.6266555786
12410910000000,95.6980667114
12411500000000,98.4838104248
12412120000000,101.22504425
12412750000000,105.035377502
12413370000000,110.512657166
12414020000000,114.921218872
12414630000000,123.371520996
12415220000000,128.582931519
12415820000000,135.676315308
12416470000000,143.386459351
12417070000000,144.78074646
12417660000000,148.410919189
12418300000000,154.116714478
12418890000000,159.902832031
12419510000000,160.363372803
12420100000000,161.030273438
12420780000000,161.648590088
12421360000000,161.773849487
12421940000000,160.757064819
12422530000000,161.05809021
12423140000000,161.323348999
12423730000000,161.9896698
12424330000000,162.487686157
12424950000000,162.93901062
12425530000000,163.396362305
12426120000000,163.811294556
12426740000000,164.272003174
12427340000000,164.631546021
12427910000000,164.996673584
12428530000000,165.314605713
12429120000000,165.660232544
12429750000000,165.993515015
12430350000000,166.479782104
12430950000000,167.183074951
12431570000000,174.253707886
12432190000000,177.896072388
12432780000000,178.754974365
12433410000000,176.137908936
12434020000000,173.475814819
12434670000000,171.283157349
12435280000000,161.314819336
12435880000000,153.070907593
12436490000000,143.327713013
12437080000000,141.006515503
12437660000000,141.582183838
12438280000000,142.19430542
12438900000000,142.840835571
12439540000000,143.444747925
12440180000000,144.039535522
12440780000000,144.613800049
12441440000000,145.183288574
12442050000000,142.658508301
12442680000000,142.656295776
