
20199360000000,63.2426147461
20199910000000,67.4435043335
20200450000000,70.8678512573
20200970000000,74.1436691284
20201480000000,77.9687347412
20202040000000,80.0477523804
20202540000000,86.1261749268
20203030000000,89.8665313721
20203560000000,93.3671798706
20204070000000,97.2975463867
20204550000000,100.888618469
20205010000000,104.229774475
20205480000000,107.233390808
20205960000000,101.154449463
20206420000000,95.1295089722
20206910000000,98.1043014526
20207380000000,98.5495986938
20207830000000,86.9207000732
20208280000000,70.3396987915
20208720000000,49.3478813171
20209170000000,35.3389549255
20209590000000,35.2832336426
20210030000000,39.3742294312
20210490000000,41.1839065552
20210940000000,43.3333969116
20211350000000,44.2786750793
20211820000000,40.9767456055
20212270000000,36.1298370361
20212690000000,29.9531517029
20213150000000,23.5366725922
20213600000000,16.1030864716
20214070000000,9.46557807922
20214510000000,8.87112903595
20214990000000,8.63505172729
20215430000000,3.18814468384
20215890000000,6.80869817734
20216350000000,18.6656227112
20216800000000,22.3430366516
20217240000000,22.07081604
20217670000000,21.6286659241
20218110000000,17.0491390228
20218590000000,13.737865448
20219020000000,5.70585775375
20219460000000,37.3955993652
20219880000000,58.2793159485
20220320000000,84.3904876709
20220750000000,112.510063171
20221200000000,131.012329102
20221650000000,153.418319702
20222100000000,163.468093872
20222580000000,164.987167358
20223000000000,161.851837158
20223430000000,151.75428772
20223870000000,143.237884521
20224290000000,147.528442383
20224760000000,150.606628418
20225230000000,155.635421753
20225690000000,160.038070679
20226160000000,179.028915405
20226610000000,146.964401245
20227040000000,142.745727539
20227490000000,144.972183228
20227940000000,146.755325317
20228370000000,148.864959717
20228800000000,150.761825562
20229250000000,153.04524231
20229720000000,156.035079956
20230160000000,163.927246094
20230590000000,174.213150024
20231030000000,175.489532471
20231490000000,165.990280151
20231920000000,156.979553223
20232350000000,146.294433594
20232810000000,148.215194702
20233250000000,149.582199097
20233700000000,148.04347229
20234110000000,135.878448486
20234540000000,121.379226685
20234950000000,116.805648804
20235390000000,115.955986023
20235800000000,107.820594788
20236220000000,92.3979034424
20236650000000,76.7427444458
20237080000000,75.5486755371
20237540000000,77.5944366455
20237960000000,79.7904663086
20238370000000,81.8062896729
20238780000000,83.7434768677
20239180000000,85.8044281006
20239580000000,87.7894058228
20240010000000,89.7831573486
20240460000000,91.8307037354
20240870000000,94.0780792236
20241370000000,96.0311737061
20241800000000,98.4567871094
20242240000000,100.43170929
20242650000000,102.39717865
20243070000000,103.767829895
20243530000000,113.404830933
20243990000000,136.537460327
20244410000000,160.623413086
20244830000000,173.046020508
20245240000000,149.181549072
20245670000000,127.141990662
20246090000000,100.272392273
20246480000000,101.286949158
20246930000000,103.254875183
20247360000000,104.119773865
20247790000000,103.250289917
20248250000000,105.344085693
20248670000000,107.4320755
20249090000000,109.303390503
20249500000000,102.248634338
20249910000000,102.003662109
20250360000000,104.277160645
20250800000000,105.919288635
20251220000000,109.306785583
20251620000000,117.168586731
20252050000000,123.22543335
20252470000000,124.393463135
20252880000000,125.97580719
20253300000000,127.381019592
20253740000000,128.755508423
20254160000000,130.171539307
20254570000000,131.647567749
20254980000000,132.879928589
20255410000000,134.772750854
20255840000000,137.603042603
20256240000000,144.285186768
20256650000000,146.172210693
20257080000000,146.977767944
20257520000000,147.789657593
20257970000000,148.58946228
20258370000000,149.314834595
20258780000000,149.944564819
20259180000000,150.612838745
20259620000000,151.227737427
20260050000000,151.857345581
20260490000000,152.462005615
20260880000000,153.063079834
20261280000000,153.589279175
20261710000000,154.070785522
20262110000000,154.604736328
20262540000000,155.076400757
20262940000000,155.576477051
20263360000000,156.002990723
20263840000000,156.426879883
20264260000000,156.916213989
20264690000000,157.346725464
20265110000000,157.619827271
20265500000000,158.081604004
20265900000000,158.434310913
20266350000000,158.775527954
20266750000000,159.141571045
20267180000000,159.466247559
20267570000000,159.810653687
20267970000000,160.101806641
20268370000000,160.399185181
20268810000000,160.687835693
20269200000000,160.9765625
20269630000000,161.247344971
20270120000000,164.037963867
20270580000000,167.726165771
20270990000000,171.80960083
20271420000000,177.738357544
20271830000000,163.453720093
20272250000000,160.066757202
20272680000000,162.327545166
20273070000000,162.069992065
20273440000000,162.322235107
20273850000000,162.526550293
20274270000000,162.774902344
20274660000000,163.001617432
20275090000000,163.167541504
20275500000000,161.764633179
20275910000000,162.823577881
20276360000000,161.850143433
20276770000000,161.551879883
20277240000000,160.520965576
20277660000000,155.504425049
20278080000000,152.10559082
20278510000000,149.509536743
20278920000000,144.990951538
20279350000000,137.923843384
20279800000000,134.309646606
20280220000000,140.497940063
20280640000000,138.747787476
20281080000000,140.21963501
20281510000000,140.208023071
20281910000000,140.603210449
20282350000000,140.957733154
