13813060000000,56.4130249023
13813810000000,61.5144195557
13814550000000,66.190864563
13815310000000,72.3061981201
13816020000000,77.9724578857
13816760000000,83.8494491577
13817460000000,90.037612915
13818130000000,95.9111709595
13818820000000,101.331001282
13819510000000,98.8849411011
13820150000000,99.1953430176
13820800000000,98.477897644
13821480000000,87.6077957153
13822120000000,70.7005004883
13822770000000,47.0838394165
13823460000000,50.7441329956
13824080000000,16.819316864
13824730000000,0.0460538901389
13825360000000,0.0619684234262
13825990000000,0.0638102293015
13826660000000,0.0948361009359
13827280000000,0.116121932864
13827920000000,0.143344208598
13828570000000,0.197213694453
13829210000000,0.287981510162
13829850000000,0.834747552872
13830500000000,2.99283719063
13831150000000,12.024225235
13831800000000,71.5810089111
13832440000000,133.259475708
13833080000000,168.848114014
13833700000000,166.117752075
13834340000000,173.820983887
13834980000000,175.394119263
13835650000000,174.877380371
13836250000000,165.32460022
13836860000000,157.698806763
13837510000000,160.670196533
13838130000000,162.988510132
13838760000000,165.504699707
13839390000000,170.359329224
13840040000000,172.40083313
13840670000000,177.990661621
13841310000000,166.371841431
13841920000000,155.989974976
13842560000000,143.120956421
13843220000000,135.976623535
13843840000000,131.036605835
13844490000000,120.953773499
13845090000000,106.748069763
13845720000000,93.5825500488
13846330000000,89.817237854
13846940000000,93.4749221802
13847560000000,96.8627624512
13848160000000,100.138183594
13848750000000,103.294540405
13849350000000,106.255104065
13850000000000,108.30216217
13850610000000,131.28944397
13851240000000,168.496963501
13851870000000,159.209747314
13852480000000,126.034729004
13853080000000,115.352401733
13853660000000,102.30443573
13854280000000,97.2098693848
13854880000000,100.134857178
13855460000000,102.85697937
13856050000000,105.521583557
13856700000000,108.204299927
13857310000000,118.071929932
13857900000000,113.954902649
13858520000000,118.314628601
13859140000000,125.299629211
13859750000000,127.360427856
13860370000000,130.686676025
13860950000000,132.827819824
13861540000000,135.609558105
13862140000000,139.326965332
13862710000000,141.126220703
13863320000000,142.349365234
13863950000000,143.639404297
13864560000000,144.831329346
13865160000000,145.959259033
13865780000000,147.021072388
13866410000000,148.036392212
13866980000000,148.973770142
13867560000000,152.608169556
13868180000000,153.210174561
13868760000000,154.121414185
13869350000000,155.467544556
13869970000000,156.013259888
13870560000000,156.626708984
13871170000000,157.859909058
13871830000000,164.621490479
13872410000000,165.002716064
13873020000000,165.361862183
13873610000000,165.849487305
13874200000000,166.447128296
13874800000000,171.743988037
13875400000000,175.659194946
13875980000000,175.760726929
13876610000000,175.888595581
13877190000000,175.921890259
13877820000000,159.821548462
13878420000000,153.179138184
13878990000000,153.690505981
13879590000000,154.146499634
13880200000000,154.914306641
13880790000000,155.556030273
13881410000000,156.098266602
13881970000000,155.951599121
13882550000000,156.471069336
13883180000000,156.837203979
13883800000000,154.169509888
13884380000000,146.211181641
13885000000000,147.013031006
13885600000000,147.520584106
13886190000000,148.01399231
