
20502880000000,13.3666286469
20503430000000,13.8967752457
20503970000000,14.3729839325
20504530000000,15.6814775467
20505080000000,21.3001670837
20505630000000,26.3132038116
20506130000000,27.9443092346
20506630000000,32.79246521
20507140000000,33.5924110413
20507620000000,35.1507720947
20508090000000,36.6310768127
20508600000000,38.2376747131
20509080000000,40.0039482117
20509530000000,41.8522834778
20510010000000,42.9437217712
20510470000000,44.30027771
20510950000000,45.6877098083
20511390000000,43.9399833679
20511840000000,38.5036239624
20512280000000,24.4043388367
20512720000000,19.6853313446
20513150000000,20.6177368164
20513580000000,19.3404102325
20514000000000,13.8130788803
20514440000000,2.23025965691
20514870000000,9.77996730804
20515310000000,19.4767608643
20515760000000,24.3891334534
20516210000000,25.9754238129
20516640000000,32.9021339417
20517100000000,57.759677887
20517540000000,86.0196838379
20517960000000,102.634056091
20518400000000,106.012321472
20518840000000,89.4881896973
20519270000000,91.8017349243
20519690000000,94.5707397461
20520100000000,98.0251159668
20520560000000,101.494224548
20520990000000,105.894294739
20521430000000,114.336700439
20521870000000,128.463989258
20522350000000,132.039978027
20522800000000,134.547332764
20523230000000,135.382232666
20523680000000,136.285720825
20524130000000,137.655883789
20524580000000,138.469055176
20525050000000,139.710189819
20525550000000,141.051315308
20526010000000,142.619445801
20526440000000,143.951553345
20526890000000,143.047912598
20527320000000,117.251350403
20527790000000,91.3604049683
20528210000000,59.1908340454
20528670000000,35.7450027466
20529140000000,2.85048413277
20529580000000,28.0265846252
20530030000000,43.3111877441
20530470000000,44.8790893555
20530900000000,43.940612793
20531350000000,42.5986328125
20531790000000,30.5845718384
20532200000000,20.1716423035
20532650000000,21.5608100891
20533110000000,26.750377655
20533530000000,29.7848625183
20533970000000,31.7823619843
20534420000000,40.3932876587
20534870000000,54.4852981567
20535300000000,67.7295227051
20535750000000,70.0714645386
20536200000000,72.6279373169
20536620000000,75.3280105591
20537050000000,77.9170684814
20537490000000,80.5579910278
20537930000000,83.3343963623
20538360000000,86.1539459229
20538790000000,88.9781951904
20539240000000,91.6959838867
20539690000000,92.6321182251
20540100000000,93.4521102905
20540550000000,93.135925293
20540980000000,90.462852478
20541400000000,87.4915161133
20541810000000,89.3524627686
20542280000000,80.317276001
20542750000000,51.6140785217
20543190000000,37.0372047424
20543620000000,21.2699012756
20544050000000,3.45086073875
20544460000000,10.8801813126
20544920000000,7.8182015419
20545350000000,9.0628452301
20545770000000,23.3831672668
20546180000000,27.8495082855
20546620000000,29.629858017
20547060000000,31.7401447296
20547470000000,24.5608100891
20547870000000,12.3430528641
20548290000000,3.71375489235
20548710000000,4.93423986435
20549130000000,6.53877878189
20549550000000,6.43345165253
20549970000000,7.03172111511
20550390000000,7.25110769272
20550800000000,4.9041686058
20551230000000,2.0461628437
20551670000000,11.2303514481
20552070000000,15.2359838486
20552460000000,18.9473056793
20552890000000,23.2492580414
20553320000000,37.0692100525
20553720000000,62.6671943665
20554160000000,72.0151519775
20554570000000,99.8077850342
20555030000000,118.719184875
20555420000000,138.206787109
20555840000000,167.267456055
20556270000000,173.010696411
20556690000000,171.286758423
20557120000000,160.916656494
20557540000000,160.522155762
20557970000000,157.734054565
20558410000000,154.165206909
20558830000000,155.020584106
20559290000000,157.405197144
20559710000000,159.569900513
20560140000000,161.223892212
20560550000000,162.639572144
20560990000000,163.862838745
20561420000000,164.974273682
20561850000000,165.961471558
20562260000000,166.78263855
20562680000000,167.51210022
20563100000000,168.175354004
20563520000000,168.728759766
20563950000000,169.273422241
20564380000000,169.761108398
20564800000000,170.248046875
20565210000000,170.694778442
20565630000000,171.023452759
20566050000000,171.369171143
20566480000000,171.690322876
20566890000000,172.001846313
20567290000000,172.265487671
20567700000000,172.511505127
20568150000000,172.754760742
20568530000000,172.992782593
20568960000000,173.185684204
20569340000000,173.388534546
20569760000000,173.569580078
20570170000000,173.750656128
20570570000000,173.913909912
20570950000000,174.068817139
20571360000000,174.209838867
20571770000000,174.356750488
20572160000000,174.488754272
20572550000000,174.616271973
20572950000000,174.731063843
20573330000000,174.843887329
20573740000000,174.948226929
20574170000000,175.059310913
20574590000000,175.161132812
20575010000000,175.28704834
20575410000000,175.385559082
20575850000000,175.508758545
20576240000000,175.602325439
20576660000000,175.662384033
20577110000000,175.77986145
20577510000000,175.862472534
20577930000000,175.933380127
20578370000000,176.020355225
20578770000000,176.093994141
20579180000000,176.174682617
20579630000000,176.221710205
20580020000000,175.598480225
20580420000000,169.219848633
20580800000000,169.812637329
20581240000000,167.381347656
20581650000000,162.735046387
20582050000000,163.594161987
20582470000000,156.11730957
20582860000000,150.095489502
20583270000000,144.244354248
20583710000000,143.417541504
20584130000000,143.957626343
20584540000000,144.384231567
20584960000000,144.868606567
20585350000000,145.502441406
20585790000000,144.246856689
20586240000000,142.473114014
20586640000000,139.484329224
20587050000000,133.506195068
20587490000000,126.331230164
20587890000000,124.2551651
20588290000000,124.874290466
20588690000000,125.438995361
20589080000000,126.058921814
20589540000000,126.449478149
20589940000000,124.56716156
20590330000000,122.960655212
20590770000000,120.444854736
20591190000000,116.075447083
20591610000000,117.404983521
20592020000000,119.743301392
20592400000000,120.942581177
20592820000000,121.534736633
20593260000000,121.960151672
