11789370000000,62.9256362915
11790110000000,71.6209945679
11790860000000,72.0762252808
11791560000000,77.5906448364
11792280000000,82.535987854
11792950000000,87.731880188
11793620000000,92.5408401489
11794300000000,97.4430847168
11794960000000,102.107887268
11795630000000,97.9361038208
11796280000000,94.1165618896
11796930000000,96.9580307007
11797570000000,77.9489517212
11798260000000,65.3884429932
11798900000000,66.5083465576
11799540000000,63.6214637756
11800210000000,47.6899681091
11800860000000,19.9602985382
11801470000000,9.91037082672
11802120000000,5.54336309433
11802780000000,0.170810878277
11803420000000,4.53933668137
11804070000000,12.3496370316
11804710000000,21.8634223938
11805330000000,27.6161136627
11805960000000,25.136510849
11806590000000,14.7529773712
11807270000000,32.7656059265
11807940000000,23.4797267914
11808550000000,11.4494018555
11809200000000,31.2411289215
11809850000000,106.234550476
11810510000000,144.472488403
11811160000000,170.713851929
11811880000000,158.600296021
11812510000000,163.230987549
11813150000000,159.520980835
11813780000000,156.74168396
11814430000000,159.648452759
11815070000000,161.905075073
11815710000000,160.444625854
11816370000000,155.580993652
11817030000000,165.691574097
11817670000000,168.613723755
11818290000000,174.141983032
11818930000000,164.844085693
11819530000000,157.164230347
11820170000000,151.313751221
11820770000000,142.664199829
11821430000000,121.62487793
11822070000000,113.619140625
11822680000000,100.634368896
11823280000000,110.913116455
11823910000000,92.0083770752
11824510000000,72.0774307251
11825120000000,75.8197937012
11825730000000,89.6984100342
11826400000000,97.5628433228
11826990000000,101.13910675
11827600000000,104.316810608
11828210000000,116.592018127
11828850000000,140.031356812
11829470000000,179.814056396
11830080000000,138.903213501
11830710000000,106.507400513
11831330000000,107.218025208
11831930000000,97.1851348877
11832550000000,76.3382110596
11833140000000,95.5372390747
11833750000000,101.429779053
11834390000000,104.36441803
11834990000000,107.230110168
11835600000000,109.864440918
11836220000000,112.716522217
11836850000000,122.528297424
11837480000000,127.235488892
11838100000000,129.114746094
11838720000000,131.097808838
11839330000000,132.928024292
11839950000000,134.621109009
11840530000000,136.417068481
11841150000000,139.776596069
11841720000000,142.958114624
11842320000000,144.156234741
11842940000000,145.350326538
11843540000000,146.462005615
11844130000000,147.499282837
11844740000000,148.399719238
11845350000000,149.395645142
11845930000000,150.254821777
11846510000000,154.706329346
11847110000000,155.590179443
11847710000000,155.883224487
11848330000000,156.60458374
11848920000000,157.232406616
11849530000000,157.80859375
11850120000000,158.380752563
11850730000000,158.841430664
11851370000000,159.40725708
11851940000000,159.942169189
11852530000000,160.366424561
11853130000000,170.099273682
11853740000000,179.218551636
11854330000000,179.32421875
11854970000000,177.09992981
11855580000000,178.033309937
11856180000000,168.778823853
11856800000000,171.70866394
11857440000000,172.144729614
11858060000000,171.190505981
11858650000000,161.937484741
11859260000000,161.348236084
11859860000000,161.660873413
11860510000000,149.733215332
11861130000000,150.2134552
11861730000000,142.627868652
11862360000000,140.272171021
11862940000000,140.935348511
11863540000000,143.470230103
11864150000000,143.932479858
11864750000000,144.448348999
