
12702010000000,63.9908599854
12702790000000,63.9906959534
12703550000000,63.9915809631
12704320000000,65.9323348999
12705060000000,72.5526275635
12705800000000,78.3238449097
12706510000000,78.9655227661
12707210000000,81.9163513184
12707920000000,79.228187561
12708600000000,77.9015350342
12709270000000,77.3621673584
12709920000000,78.3858261108
12710580000000,78.5145797729
12711240000000,72.6950073242
12711840000000,50.3513450623
12712490000000,37.596244812
12713140000000,13.6631975174
12713790000000,4.63034725189
12714410000000,6.71055030823
12715090000000,8.70630645752
12715720000000,3.46961402893
12716330000000,3.52660560608
12716980000000,3.56766033173
12717630000000,1.20821809769
12718290000000,5.23029375076
12718930000000,8.05025196075
12719570000000,3.38524103165
12720250000000,18.7636756897
12720880000000,47.1939239502
12721530000000,67.2838058472
12722220000000,128.221603394
12722860000000,150.928787231
12723470000000,158.630783081
12724140000000,163.475204468
12724760000000,166.862548828
12725380000000,168.174575806
12726040000000,156.949203491
12726700000000,156.920120239
12727340000000,161.027038574
12727980000000,168.127853394
12728640000000,174.495498657
12729270000000,174.062698364
12729900000000,169.043380737
12730510000000,170.823867798
12731190000000,171.080596924
12731820000000,165.045166016
12732440000000,154.01121521
12733060000000,140.186126709
12733690000000,121.597129822
12734280000000,103.394958496
12734890000000,99.6499633789
12735480000000,100.002822876
12736090000000,88.2628097534
12736670000000,81.1500778198
12737240000000,89.4067764282
12737870000000,99.0848922729
12738470000000,103.322067261
12739090000000,106.226715088
12739720000000,109.196006775
12740330000000,121.543037415
12740940000000,159.136108398
12741540000000,174.850402832
12742140000000,133.256561279
12742770000000,109.572433472
12743390000000,86.5194320679
12744020000000,82.3331832886
12744680000000,84.6030960083
12745280000000,87.864730835
12745910000000,90.674697876
12746550000000,93.8295440674
12747150000000,106.089935303
12747770000000,106.838172913
12748390000000,102.934867859
12749020000000,105.725036621
12749630000000,108.531990051
12750290000000,114.047531128
12750880000000,122.999443054
12751490000000,126.211364746
12752090000000,128.40713501
12752710000000,134.871276855
12753330000000,150.854400635
12753930000000,162.479553223
12754540000000,162.946289062
12755180000000,158.503997803
12755770000000,144.215621948
12756340000000,145.348297119
12756930000000,146.384353638
12757570000000,147.422348022
12758170000000,148.411895752
12758780000000,149.324890137
12759380000000,150.218566895
12760000000000,151.047058105
12760610000000,151.850646973
12761190000000,152.578979492
12761800000000,153.270492554
12762420000000,153.964523315
12763010000000,154.697067261
12763610000000,155.285308838
12764230000000,155.86479187
12764830000000,156.449264526
12765440000000,156.962142944
12766080000000,160.954086304
12766680000000,172.520401001
12767290000000,177.756790161
12767930000000,176.242858887
12768500000000,176.088638306
12769120000000,176.214035034
12769740000000,176.298950195
12770350000000,176.372299194
12770940000000,176.443405151
12771530000000,175.494598389
12772150000000,170.293838501
12772780000000,164.745620728
12773410000000,163.645568848
12773970000000,158.06729126
12774580000000,147.384689331
12775230000000,142.85887146
12775820000000,136.603103638
12776430000000,137.358810425
12777010000000,138.000701904
12777600000000,138.606521606
12778220000000,141.339248657
12778840000000,141.431533813
12779450000000,141.43208313
