11789370000000,21.4144229889
11790110000000,26.477104187
11790860000000,23.6106796265
11791560000000,25.3142719269
11792280000000,26.513835907
11792950000000,27.8560085297
11793620000000,29.219827652
11794300000000,30.729850769
11794960000000,32.3560752869
11795630000000,25.33735466
11796280000000,17.5279827118
11796930000000,17.0741844177
11797570000000,4.24806547165
11798260000000,19.5057697296
11798900000000,23.9740848541
11799540000000,33.1102027893
11800210000000,55.6362457275
11800860000000,90.089515686
11801470000000,125.810386658
11802120000000,122.097885132
11802780000000,119.453811646
11803420000000,126.550621033
11804070000000,135.967147827
11804710000000,145.844802856
11805330000000,147.793792725
11805960000000,138.373733521
11806590000000,116.21774292
11807270000000,123.528266907
11807940000000,94.9624099731
11808550000000,51.1284370422
11809200000000,22.6154708862
11809850000000,3.84224224091
11810510000000,3.32426953316
11811160000000,18.5972328186
11811880000000,46.3799552917
11812510000000,49.2078742981
11813150000000,58.6024017334
11813780000000,70.1594390869
11814430000000,74.1696243286
11815070000000,78.5701751709
11815710000000,86.579536438
11816370000000,97.9027481079
11817030000000,92.7474136353
11817670000000,94.0419311523
11818290000000,93.4305419922
11818930000000,75.1317062378
11819530000000,70.1674804688
11820170000000,66.5785064697
11820770000000,58.840801239
11821430000000,37.1891098022
11822060000000,29.1373119354
11822680000000,14.8207578659
11823280000000,23.737657547
11823910000000,3.31205797195
11824510000000,19.3327407837
11825120000000,20.4923877716
11825730000000,11.2409801483
11826400000000,8.61858844757
11826990000000,10.5704145432
11827600000000,13.3137693405
11828210000000,8.03570175171
11828850000000,7.75945806503
11829470000000,53.6064071655
11830080000000,107.881988525
11830710000000,156.840530396
11831330000000,165.202194214
11831930000000,179.718811035
11832550000000,156.53565979
11833140000000,175.910385132
11833750000000,179.849243164
11834390000000,179.826370239
11834990000000,179.896255493
11835600000000,179.913833618
11836220000000,179.705673218
11836850000000,172.398345947
11837480000000,170.599273682
11838100000000,171.531234741
11838720000000,172.078079224
11839330000000,172.597442627
11839950000000,173.019561768
11840530000000,173.268234253
11841150000000,171.656829834
11841720000000,170.392562866
11842320000000,170.823425293
11842940000000,171.208572388
11843540000000,171.627792358
11844130000000,171.971054077
11844740000000,172.293182373
11845350000000,172.604675293
11845930000000,172.901916504
11846510000000,169.526763916
11847110000000,169.703689575
11847710000000,170.428817749
11848330000000,170.655227661
11848920000000,170.953216553
11849530000000,171.224975586
11850120000000,171.457687378
11850730000000,171.763870239
11851370000000,171.923721313
11851940000000,172.132415771
11852530000000,172.343688965
11853130000000,163.284835815
11853740000000,153.137573242
11854330000000,155.21963501
11854970000000,157.991088867
11855580000000,157.654571533
11856180000000,144.956283569
11856800000000,148.385574341
11857440000000,149.316253662
11858060000000,148.891876221
11858650000000,140.102645874
11859260000000,139.856384277
11859860000000,140.624313354
11860510000000,129.158309937
11861130000000,130.044799805
11861730000000,122.819114685
11862360000000,120.787155151
11862940000000,121.805603027
11863540000000,124.671875
11864150000000,125.464263916
11864750000000,126.306037903
