
12983490000000,62.8120231628
12984260000000,62.8124885559
12985030000000,62.8129196167
12985750000000,61.9336547852
12986520000000,68.6822509766
12987300000000,74.3206481934
12987970000000,79.9518127441
12988660000000,85.1627426147
12989340000000,86.9104766846
12990010000000,79.1856079102
12990670000000,76.8361740112
12991300000000,82.3796310425
12991980000000,87.5697479248
12992640000000,91.9280014038
12993280000000,79.9711151123
12993970000000,64.5984344482
12994610000000,51.3615531921
12995260000000,40.4617996216
12995900000000,35.0653686523
12996550000000,27.4380664825
12997190000000,18.1318340302
12997820000000,9.25728321075
12998460000000,7.13779067993
12999100000000,8.22012710571
12999710000000,8.99924659729
13000350000000,12.0632457733
13001030000000,20.2953853607
13001670000000,49.9708366394
13002290000000,92.6744384766
13002930000000,115.024993896
13003590000000,141.64642334
13004260000000,164.035614014
13004870000000,176.055206299
13005490000000,175.71472168
13006110000000,166.443222046
13006770000000,159.527709961
13007440000000,147.943756104
13008080000000,149.570175171
13008730000000,153.637954712
13009340000000,156.742431641
13010010000000,159.200698853
13010620000000,161.316207886
13011270000000,168.168258667
13011910000000,175.322998047
13012570000000,175.193206787
13013210000000,167.934967041
13013850000000,161.959609985
13014460000000,156.86579895
13015110000000,147.02746582
13015750000000,128.519042969
13016380000000,120.199829102
13017000000000,117.33996582
13017650000000,115.04763031
13018240000000,98.6767349243
13018850000000,77.1198806763
13019450000000,73.3910980225
13020080000000,76.118888855
13020710000000,79.0885009766
13021290000000,82.0270233154
13021930000000,86.9055252075
13022550000000,100.399307251
13023190000000,109.347953796
13023800000000,115.415054321
13024430000000,135.610061646
13025080000000,156.362579346
13025690000000,167.716629028
13026280000000,134.501281738
13026920000000,100.627593994
13027550000000,59.7162246704
13028200000000,56.3295669556
13028800000000,62.6157341003
13029430000000,81.5953216553
13030050000000,99.9800338745
13030680000000,102.652557373
13031310000000,105.791038513
13031930000000,113.188621521
13032540000000,117.972969055
13033160000000,120.508094788
13033750000000,122.939178467
13034390000000,125.041778564
13035000000000,127.607635498
13035570000000,132.108413696
13036180000000,134.076034546
13036800000000,135.917221069
13037410000000,138.00894165
13038020000000,142.980819702
13038610000000,154.248825073
13039220000000,155.511672974
13039830000000,156.338043213
13040430000000,157.162963867
13041030000000,157.871643066
13041650000000,158.576385498
13042250000000,159.240447998
13042840000000,159.833496094
13043430000000,160.388153076
13044060000000,160.880111694
13044640000000,161.440933228
13045260000000,161.874267578
13045910000000,162.407913208
13046500000000,162.840621948
13047110000000,163.269577026
13047740000000,163.676925659
13048320000000,164.034057617
13048940000000,164.399551392
13049540000000,164.758483887
13050160000000,170.353134155
13050750000000,175.8175354
13051350000000,175.803466797
13051940000000,177.235641479
13052560000000,169.817947388
13053150000000,167.012420654
13053770000000,167.307159424
13054340000000,166.573730469
13054930000000,156.549880981
13055550000000,157.274475098
13056160000000,157.47694397
13056780000000,157.373458862
13057370000000,157.320297241
13057960000000,157.697784424
13058550000000,157.645431519
13059120000000,155.25138855
13059700000000,151.786560059
13060340000000,144.825088501
13060940000000,135.196121216
13061550000000,140.063812256
13062200000000,140.123031616
13062820000000,140.112716675
