
20672890000000,22.0373973846
20673430000000,24.7772941589
20673940000000,25.7848110199
20674440000000,24.7729129791
20674940000000,25.7413101196
20675450000000,26.5406131744
20675950000000,27.4680042267
20676450000000,28.4196281433
20676930000000,29.4483337402
20677410000000,30.4735546112
20677870000000,31.6314277649
20678340000000,32.738407135
20678790000000,33.5732040405
20679270000000,29.0951957703
20679710000000,16.9994525909
20680170000000,16.0168685913
20680660000000,14.563788414
20681100000000,4.85543680191
20681570000000,14.4300346375
20682010000000,30.7798919678
20682440000000,35.664024353
20682900000000,42.8779144287
20683340000000,49.2650260925
20683800000000,53.8328323364
20684240000000,63.9642105103
20684680000000,75.6415405273
20685100000000,84.9719619751
20685540000000,88.1296691895
20686070000000,91.1761779785
20686490000000,95.8039398193
20686950000000,108.474830627
20687400000000,120.239105225
20687870000000,123.565368652
20688300000000,132.770812988
20688750000000,144.121856689
20689190000000,149.95111084
20689610000000,150.826919556
20690030000000,151.995834351
20690480000000,153.025039673
20690920000000,154.106033325
20691370000000,155.050369263
20691810000000,153.177154541
20692260000000,125.811920166
20692690000000,91.9128189087
20693120000000,64.5968322754
20693560000000,43.7904434204
20694000000000,17.4912643433
20694440000000,1.72238647938
20694890000000,20.8266067505
20695320000000,19.8240909576
20695760000000,19.2451915741
20696190000000,19.7346515656
20696620000000,23.8219985962
20697080000000,24.6456184387
20697530000000,29.6743354797
20698000000000,40.6273956299
20698430000000,43.2097816467
20698880000000,55.7429084778
20699300000000,80.3746566772
20699750000000,87.14087677
20700220000000,87.2198944092
20700650000000,87.5947952271
20701100000000,88.8150405884
20701550000000,90.4190292358
20702000000000,91.2020339966
20702440000000,88.3325042725
20702860000000,83.8487930298
20703310000000,82.6851425171
20703730000000,79.8614349365
20704150000000,75.8086471558
20704580000000,75.1822662354
20705030000000,77.9074020386
20705480000000,80.2441711426
20705930000000,79.3073654175
20706360000000,78.5763320923
20706800000000,69.3265686035
20707230000000,59.25340271
20707660000000,54.1213417053
20708080000000,57.3010406494
20708520000000,57.5043373108
20708960000000,43.1979675293
20709370000000,25.1708602905
20709830000000,11.1760129929
20710300000000,1.27617228031
20710750000000,1.68153786659
20711150000000,3.01386475563
20711590000000,6.97613334656
20712010000000,10.5984430313
20712420000000,10.7916851044
20712840000000,8.14083480835
20713260000000,8.98960781097
20713690000000,10.1015377045
20714150000000,11.2782335281
20714560000000,12.9201412201
20714960000000,14.3569431305
20715400000000,14.4386100769
20715860000000,14.5214996338
20716290000000,13.3570718765
20716690000000,17.5438632965
20717150000000,10.0114974976
20717560000000,11.5830802917
20717980000000,36.8862686157
20718420000000,56.0404243469
20718850000000,79.1577072144
20719260000000,105.998054504
20719670000000,126.574966431
20720110000000,138.397598267
20720540000000,147.679046631
20720950000000,154.917663574
20721370000000,159.831420898
20721780000000,164.655075073
20722190000000,173.03692627
20722610000000,173.464157104
20723030000000,174.549560547
20723440000000,179.366439819
20723840000000,179.52772522
20724270000000,179.555847168
20724690000000,179.59324646
20725120000000,179.632995605
20725560000000,179.665588379
20725980000000,179.691299438
20726400000000,178.080368042
20726840000000,174.168304443
20727260000000,174.707885742
20727660000000,174.889099121
20728070000000,174.46736145
20728510000000,173.964004517
20728920000000,170.244415283
20729340000000,167.062332153
20729790000000,167.114105225
20730210000000,167.662460327
20730620000000,168.130142212
20731020000000,168.54335022
20731410000000,168.920822144
20731830000000,169.260559082
20732220000000,169.60836792
20732650000000,169.931854248
20733060000000,170.217834473
20733480000000,170.512588501
20733880000000,170.781234741
20734280000000,171.027816772
20734700000000,171.256072998
20735130000000,171.498565674
20735510000000,171.713058472
20735940000000,171.90574646
20736370000000,172.116088867
20736780000000,172.309173584
20737180000000,172.490966797
20737590000000,172.655548096
20738020000000,172.814407349
20738500000000,172.984283447
20738910000000,173.167633057
20739300000000,173.304275513
20739730000000,173.436172485
20740140000000,173.608276367
20740560000000,173.727752686
20741000000000,173.821456909
20741390000000,173.960571289
20741790000000,174.058990479
20742190000000,174.185058594
20742590000000,174.285614014
20742990000000,174.372512817
20743430000000,174.485214233
20743850000000,174.57043457
20744260000000,174.313140869
20744700000000,166.379974365
20745190000000,154.917114258
20745610000000,149.525085449
20746030000000,148.758209229
20746440000000,149.367370605
20746840000000,149.838409424
20747280000000,150.188949585
20747730000000,150.262634277
20748150000000,150.946533203
20748570000000,150.74559021
20748980000000,149.731643677
20749400000000,144.929077148
20749850000000,140.300460815
20750280000000,135.553878784
20750690000000,131.941040039
20751100000000,130.852890015
20751500000000,131.344421387
20752030000000,131.232131958
20752440000000,131.861312866
20752860000000,131.896362305
20753250000000,132.250289917
20753690000000,125.540893555
20754140000000,119.983322144
20754570000000,120.70149231
20754980000000,120.604278564
20755410000000,120.972213745
20755870000000,120.832641602
20756300000000,121.247711182
20756710000000,121.630561829
20757160000000,120.329719543
