14247690000000,19.0691871643
14248410000000,20.7909145355
14249180000000,20.9322166443
14249940000000,20.7776508331
14250620000000,22.1108036041
14251360000000,23.2364139557
14252030000000,24.6092166901
14252690000000,25.8197898865
14253360000000,26.8878059387
14254060000000,17.9478111267
14254700000000,15.0712623596
14255350000000,11.3046970367
14256060000000,10.279955864
14256710000000,4.06931114197
14257350000000,38.1227035522
14257960000000,45.3500823975
14258610000000,75.5996780396
14259280000000,82.0707397461
14259900000000,91.5684280396
14260500000000,116.86529541
14261170000000,124.014938354
14261800000000,127.548667908
14262420000000,130.612854004
14263060000000,134.486785889
14263720000000,137.068603516
14264310000000,139.506820679
14264950000000,141.54473877
14265620000000,143.598648071
14266270000000,132.599868774
14266870000000,94.3609695435
14267510000000,65.083946228
14268130000000,21.1757221222
14268800000000,15.6688203812
14269450000000,50.51329422
14270110000000,51.7743797302
14270730000000,55.0215339661
14271360000000,58.1447982788
14272020000000,65.8908996582
14272630000000,79.5334777832
14273290000000,84.7243118286
14273900000000,84.7961883545
14274530000000,87.7318496704
14275170000000,90.3315811157
14275810000000,79.9162597656
14276450000000,80.5573577881
14277110000000,72.0450286865
14277760000000,65.9454269409
14278380000000,62.5684890747
14278980000000,60.7569313049
14279580000000,50.0565338135
14280180000000,31.0938262939
14280770000000,29.7363986969
14281370000000,18.5048980713
14281970000000,4.71522331238
14282590000000,2.72474741936
14283270000000,1.55537450314
14283880000000,2.03766942024
14284550000000,2.47734260559
14285130000000,3.14941287041
14285740000000,4.16064596176
14286370000000,6.38874101639
14287000000000,18.0510540009
14287650000000,40.5542488098
14288240000000,92.3377990723
14288850000000,139.780380249
14289450000000,158.045669556
14290070000000,163.339569092
14290680000000,171.230789185
14291260000000,178.210479736
14291910000000,178.426422119
14292520000000,178.474960327
14293140000000,175.667495728
14293780000000,176.017883301
14294400000000,176.189056396
14294990000000,176.251449585
14295610000000,176.526870728
14296190000000,174.557434082
14296830000000,174.560195923
14297400000000,168.26713562
14298010000000,168.921875
14298600000000,169.432342529
14299200000000,170.052352905
14299910000000,169.295135498
14300470000000,169.986587524
14301070000000,169.888259888
14301650000000,170.354095459
14302250000000,169.9659729
14302820000000,169.412734985
14303390000000,167.670303345
14303980000000,167.885040283
14304610000000,168.339065552
14305190000000,168.713623047
14305770000000,169.064880371
14306500000000,169.394439697
14307120000000,169.789138794
14307680000000,170.128341675
14308270000000,170.336486816
14308880000000,170.617431641
14309470000000,170.876785278
14310060000000,170.594543457
14310680000000,164.717498779
14311270000000,162.6118927
14311860000000,157.683761597
14312470000000,152.131820679
14313100000000,148.417327881
14313720000000,147.156265259
14314370000000,149.231231689
14314990000000,147.380401611
14315650000000,144.80619812
14316250000000,140.3777771
14316880000000,139.053604126
14317450000000,139.995666504
14318020000000,140.520904541
14318640000000,137.759780884
14319230000000,131.872131348
14319830000000,132.810836792
14320460000000,133.581710815
14321030000000,131.802688599
14321630000000,129.746658325
