
20352890000000,29.0137042999
20353410000000,25.5362682343
20353920000000,21.2670478821
20354450000000,22.1476249695
20354950000000,21.2524375916
20355470000000,20.8574581146
20355960000000,19.4720230103
20356430000000,19.9831600189
20356920000000,20.6307697296
20357400000000,21.3427314758
20357870000000,22.0744533539
20358370000000,22.8376102448
20358870000000,23.7696819305
20359310000000,24.7082958221
20359790000000,24.9364700317
20360270000000,19.6834945679
20360740000000,11.8623418808
20361180000000,6.24570798874
20361610000000,13.5003118515
20362070000000,15.9691238403
20362530000000,29.6187820435
20362960000000,49.853012085
20363390000000,69.8886108398
20363870000000,91.1671066284
20364310000000,109.723838806
20364890000000,112.295700073
20365400000000,119.189437866
20365930000000,118.137466431
20366370000000,92.3367385864
20366810000000,86.9967269897
20367230000000,88.7459182739
20367650000000,91.9295501709
20368080000000,95.4957962036
20368520000000,110.95198822
20368960000000,130.281112671
20369420000000,140.341049194
20369880000000,140.617874146
20370310000000,139.843505859
20370760000000,141.5284729
20371200000000,142.970870972
20371630000000,144.357086182
20372070000000,145.684661865
20372500000000,146.837112427
20372940000000,146.336196899
20373400000000,144.115112305
20373820000000,120.980743408
20374250000000,94.6213378906
20374720000000,69.7312698364
20375170000000,40.0686531067
20375600000000,13.3745603561
20376030000000,10.5467119217
20376480000000,10.906873703
20376930000000,12.3297147751
20377390000000,12.9290685654
20377830000000,20.0407142639
20378310000000,28.5586509705
20378740000000,28.8179206848
20379200000000,34.9074134827
20379630000000,44.7525177002
20380080000000,53.2877998352
20380530000000,60.4454154968
20380980000000,76.7620773315
20381420000000,101.207633972
20381850000000,120.997566223
20382280000000,123.624183655
20382700000000,126.060188293
20383150000000,128.34185791
20383570000000,128.988037109
20384000000000,123.507255554
20384450000000,114.060707092
20384900000000,104.81061554
20385360000000,104.11656189
20385800000000,105.215583801
20386230000000,89.993270874
20386680000000,71.6929550171
20387100000000,63.7700576782
20387560000000,70.6197967529
20388040000000,73.214012146
20388480000000,76.4892654419
20388910000000,75.9936676025
20389340000000,67.3473815918
20389770000000,68.61769104
20390200000000,72.9228210449
20390640000000,75.1378173828
20391070000000,65.2816772461
20391490000000,48.2105484009
20391950000000,32.6162605286
20392380000000,17.9411354065
20392810000000,5.97500514984
20393250000000,1.37488090992
20393670000000,2.95897960663
20394110000000,7.36186742783
20394520000000,3.86531233788
20394930000000,1.5670017004
20395360000000,1.73949122429
20395790000000,1.95921587944
20396210000000,2.19745898247
20396650000000,2.50209856033
20397050000000,3.96612429619
20397480000000,4.69451189041
20397900000000,3.69061660767
20398310000000,3.94580125809
20398720000000,7.2316775322
20399150000000,8.07606887817
20399570000000,2.33435583115
20400010000000,0.311789393425
20400450000000,13.6797399521
20400870000000,26.0072727203
20401290000000,60.4120635986
20401700000000,75.9887695312
20402110000000,96.7419586182
20402530000000,122.774971008
20402950000000,139.444503784
20403430000000,143.444076538
20403850000000,151.843078613
20404260000000,156.792572021
20404680000000,160.184829712
20405120000000,163.239700317
20405530000000,166.929595947
20405940000000,167.322280884
20406380000000,171.076309204
20406810000000,172.893447876
20407250000000,173.50730896
20407690000000,174.014480591
20408140000000,174.442871094
20408560000000,174.818588257
20408960000000,175.135650635
20409370000000,175.378067017
20409780000000,175.527175903
20410190000000,175.390823364
20410640000000,175.040603638
20411070000000,172.425582886
20411470000000,168.232513428
20411900000000,167.621398926
20412370000000,168.519088745
20412790000000,168.847351074
20413200000000,169.202056885
20413620000000,169.603866577
20414060000000,169.49786377
20414470000000,168.716430664
20414890000000,165.386978149
20415300000000,164.180419922
20415740000000,164.061477661
20416170000000,164.706375122
20416570000000,165.036972046
20416970000000,165.547088623
20417390000000,165.88760376
20417780000000,166.164047241
20418170000000,166.69708252
20418580000000,166.869140625
20418980000000,167.121154785
20419370000000,167.57572937
20419780000000,167.872802734
20420190000000,168.137329102
20420620000000,168.43371582
20421030000000,168.676712036
20421490000000,168.967758179
20421900000000,169.222961426
20422350000000,169.686447144
20422760000000,171.395950317
20423190000000,171.60206604
20423620000000,171.758499146
20424030000000,171.919387817
20424480000000,172.079086304
20424910000000,172.227172852
20425320000000,172.381881714
20425760000000,172.529373169
20426180000000,172.662322998
20426610000000,172.80506897
20427030000000,172.927093506
20427480000000,173.048751831
20427880000000,173.172286987
20428300000000,173.278579712
20428760000000,173.387466431
20429170000000,173.001296997
20429590000000,172.272994995
20430030000000,164.12739563
20430450000000,153.497207642
20430850000000,153.573684692
20431270000000,152.699188232
20431670000000,151.280502319
20432080000000,145.622650146
20432520000000,139.866119385
20432960000000,134.584640503
20433380000000,135.407775879
20433810000000,135.330032349
20434210000000,135.318008423
20434630000000,135.642807007
20435050000000,136.240249634
20435540000000,136.831314087
20436000000000,137.43862915
20436420000000,138.041122437
20436800000000,138.41293335
20437230000000,135.045730591
20437640000000,130.085479736
20438050000000,127.260124207
20438480000000,118.697547913
20438920000000,117.742607117
20439340000000,118.308921814
20439740000000,113.756881714
20440150000000,114.045845032
