11261340000000,48.8664093018
11262080000000,50.5270690918
11262780000000,50.5181922913
11263490000000,51.4309654236
11264160000000,52.4280471802
11264830000000,53.3953742981
11265530000000,54.5013008118
11266180000000,81.2975845337
11266840000000,88.8987045288
11267510000000,90.1147766113
11268160000000,92.1316299438
11268810000000,111.4270401
11269450000000,134.810241699
11270120000000,146.558914185
11270740000000,160.802246094
11271370000000,169.742752075
11272000000000,178.331039429
11272630000000,167.961090088
11273260000000,158.734375
11273880000000,157.740997314
11274530000000,158.359970093
11275190000000,158.536254883
11275830000000,159.12802124
11276500000000,150.838363647
11277180000000,151.655288696
11277810000000,169.946228027
11278430000000,126.512214661
11279080000000,87.9869689941
11279730000000,45.449016571
11280360000000,37.6188545227
11281010000000,44.9882316589
11281650000000,45.2527885437
11282260000000,25.3615112305
11282890000000,3.07631921768
11283510000000,3.14880394936
11284120000000,3.11610889435
11284770000000,2.99344468117
11285370000000,3.0589556694
11286020000000,3.09157180786
11286650000000,3.17558693886
11287290000000,9.85408306122
11287920000000,35.4520874023
11288570000000,58.6321792603
11289230000000,60.9041633606
11289830000000,85.8090820312
11290450000000,106.543395996
11291090000000,112.120193481
11291710000000,131.221466064
11292340000000,133.86857605
11292940000000,134.758621216
11293590000000,136.790786743
11294200000000,137.452560425
11294830000000,138.289001465
11295420000000,136.977142334
11296060000000,119.127670288
11296660000000,102.480865479
11297290000000,67.915473938
11297910000000,23.554265976
11298570000000,7.31148004532
11299200000000,13.6812343597
11299800000000,13.8658800125
11300430000000,14.136428833
11301070000000,14.4120540619
11301690000000,14.7255182266
11302280000000,15.0427303314
11302850000000,15.3611040115
11303480000000,22.5538845062
11304090000000,22.8632907867
11304710000000,23.371006012
11305320000000,23.8858699799
11305930000000,24.4419593811
11306530000000,24.994348526
11307110000000,25.5469322205
11307710000000,26.2259101868
11308300000000,26.7880992889
11308880000000,27.455871582
11309470000000,28.1001796722
11310100000000,28.3087921143
11310690000000,26.6115760803
11311290000000,24.6269168854
11311870000000,25.8308620453
11312460000000,26.5406684875
11313110000000,27.0294761658
11313730000000,25.1586914062
11314320000000,24.8117046356
11314910000000,25.7285137177
11315490000000,26.5444221497
11316060000000,27.3930110931
11316670000000,28.3261756897
11317260000000,29.3405971527
11317850000000,30.4058818817
11318460000000,31.5338726044
11319090000000,32.7957763672
11319700000000,34.1658172607
11320310000000,35.4920501709
11320980000000,32.2189445496
11321560000000,26.0149269104
11322140000000,20.8824424744
11322740000000,13.4316949844
11323370000000,13.9591293335
11323980000000,14.8373374939
11324610000000,15.7826356888
11325190000000,16.8772220612
11325780000000,18.0095081329
11326370000000,19.137386322
11326990000000,17.3463439941
11327610000000,10.5304107666
11328230000000,1.45110058784
11328830000000,1.37147557735
11329480000000,3.24769449234
11330080000000,13.0981798172
11330680000000,14.7919425964
11331280000000,17.558763504
11331880000000,21.3083229065
11332470000000,25.8232498169
