11261340000000,71.3999557495
11262080000000,75.8036117554
11262780000000,81.5209960938
11263490000000,86.6114959717
11264160000000,92.0560913086
11264830000000,97.1651763916
11265530000000,101.874839783
11266180000000,79.7411727905
11266840000000,77.4044723511
11267510000000,82.1306686401
11268160000000,86.1986846924
11268810000000,72.0578994751
11269450000000,53.1393203735
11270120000000,45.927066803
11270740000000,36.0532302856
11271370000000,28.1979141235
11272000000000,21.5929794312
11272630000000,9.44789123535
11273260000000,1.8429735899
11273880000000,0.98309057951
11274530000000,1.43915915489
11275190000000,1.54696965218
11275830000000,2.32817149162
11276500000000,9.52264690399
11277180000000,16.2972984314
11277810000000,4.44096088409
11278430000000,46.2610626221
11279080000000,84.4297714233
11279730000000,127.439987183
11280360000000,145.470031738
11281010000000,147.702316284
11281650000000,154.802352905
11282260000000,179.593765259
11282890000000,155.558914185
11283510000000,158.539260864
11284120000000,160.995956421
11284770000000,162.847961426
11285370000000,164.538009644
11286020000000,165.827270508
11286650000000,167.048583984
11287290000000,174.707931519
11287920000000,159.229660034
11288570000000,137.354660034
11289230000000,138.490890503
11289830000000,116.03036499
11290450000000,99.1466522217
11291090000000,98.0349731445
11291710000000,82.8201141357
11292340000000,84.3465118408
11292940000000,87.8039245605
11293590000000,89.8944549561
11294200000000,93.3425445557
11294830000000,96.7686080933
11295420000000,102.237197876
11296060000000,123.018333435
11296660000000,142.023834229
11297290000000,178.107223511
11297910000000,137.677825928
11298570000000,107.042205811
11299200000000,104.534500122
11299800000000,107.897514343
11300430000000,110.853477478
11301070000000,113.813087463
11301690000000,116.622833252
11302280000000,119.39907074
11302850000000,121.865493774
11303480000000,116.994903564
11304090000000,119.739143372
11304710000000,122.012519836
11305320000000,124.270698547
11305930000000,126.403198242
11306530000000,128.366653442
11307110000000,130.248245239
11307710000000,131.862548828
11308300000000,133.597320557
11308880000000,135.177810669
11309470000000,136.578018188
11310100000000,138.585113525
11310690000000,142.463272095
11311290000000,146.359405518
11311870000000,146.893280029
11312460000000,147.880981445
11313110000000,149.064147949
11313730000000,152.734069824
11314320000000,154.65675354
11314910000000,155.247665405
11315490000000,155.908828735
11316060000000,156.55140686
11316670000000,157.138183594
11317260000000,157.725601196
11317850000000,158.299957275
11318460000000,158.805252075
11319090000000,159.344146729
11319700000000,159.847351074
11320310000000,160.473068237
11320980000000,165.610794067
11321560000000,173.252075195
11322140000000,179.904434204
11322740000000,171.368362427
11323370000000,171.310714722
11323980000000,171.51701355
11324600000000,171.69720459
11325190000000,171.89263916
11325780000000,172.044021606
11326370000000,171.977706909
11326990000000,168.986740112
11327610000000,161.151733398
11328230000000,151.106109619
11328830000000,148.588165283
11329480000000,147.293395996
11330080000000,139.934173584
11330680000000,140.931640625
11331280000000,141.439346313
11331880000000,142.046112061
11332470000000,143.310195923
