
20018440000000,40.1369132996
20019010000000,40.5731697083
20019550000000,41.1200332642
20020080000000,41.673538208
20020590000000,42.237613678
20021120000000,43.4656066895
20021600000000,44.6723136902
20022140000000,44.9831466675
20022680000000,47.5606994629
20023180000000,47.9575004578
20023680000000,48.578868866
20024170000000,49.209312439
20024650000000,49.8290519714
20025100000000,50.4770011902
20025600000000,51.0906257629
20026090000000,53.5619697571
20026550000000,54.9909362793
20026990000000,63.0583648682
20027430000000,72.0103149414
20027860000000,77.1338577271
20028300000000,80.4872512817
20028750000000,92.7889709473
20029210000000,110.499336243
20029630000000,118.075523376
20030080000000,118.787872314
20030550000000,123.116767883
20031010000000,131.633026123
20031430000000,135.086105347
20031900000000,140.713470459
20032360000000,155.009933472
20032810000000,165.712280273
20033230000000,176.98135376
20033670000000,164.799850464
20034140000000,147.027954102
20034590000000,148.414840698
20035030000000,153.028900146
20035450000000,153.515991211
20035880000000,155.414901733
20036290000000,156.107315063
20036730000000,156.791183472
20037180000000,157.038711548
20037610000000,157.303787231
20038050000000,157.514526367
20038480000000,159.845535278
20038930000000,164.085113525
20039360000000,176.407363892
20039790000000,165.127609253
20040250000000,140.935974121
20040690000000,121.055809021
20041110000000,94.3455810547
20041570000000,64.5057220459
20042000000000,37.0210723877
20042430000000,18.846408844
20042880000000,20.5371818542
20043320000000,47.7909088135
20043750000000,58.317073822
20044180000000,58.7478103638
20044630000000,59.3381576538
20045070000000,52.7082023621
20045520000000,32.6846504211
20045970000000,8.9980430603
20046410000000,8.02645111084
20046820000000,13.1268625259
20047250000000,10.5163202286
20047700000000,1.13801181316
20048140000000,0.500572919846
20048560000000,0.481129050255
20049020000000,0.478883177042
20049440000000,0.488060534
20049890000000,0.487059116364
20050310000000,2.64639282227
20050740000000,12.6680212021
20051150000000,31.300075531
20051590000000,47.8935127258
20052020000000,54.2659721375
20052450000000,54.7571144104
20052870000000,55.6783676147
20053310000000,56.7665901184
20053740000000,58.2853355408
20054150000000,67.4240188599
20054560000000,82.2109909058
20055000000000,103.339134216
20055420000000,125.77620697
20055880000000,131.884658813
20056280000000,132.550643921
20056700000000,133.092391968
20057110000000,133.612915039
20057540000000,134.162033081
20057990000000,133.684112549
20058420000000,133.699691772
20058880000000,132.719329834
20059300000000,133.290512085
20059720000000,133.460403442
20060150000000,133.94392395
20060560000000,134.149993896
20060970000000,135.941345215
20061390000000,130.335861206
20061830000000,113.038871765
20062250000000,86.1753692627
20062660000000,59.171661377
20063080000000,38.0075759888
20063490000000,9.62802219391
20063900000000,17.3896942139
20064340000000,15.5762138367
20064770000000,10.0066719055
20065190000000,10.7885808945
20065600000000,27.283033371
20066030000000,35.1399421692
20066490000000,35.6009674072
20066910000000,36.0726318359
20067320000000,36.2627754211
20067730000000,34.4877052307
20068130000000,33.1974868774
20068550000000,32.2457504272
20068960000000,30.7947998047
20069380000000,27.0243434906
20069830000000,22.5475349426
20070240000000,23.2926292419
20070660000000,23.3011741638
20071070000000,23.483757019
20071490000000,23.0040569305
20071960000000,22.3367729187
20072380000000,17.0527057648
20072800000000,11.1785707474
20073210000000,9.75213336945
20073630000000,9.96209526062
20074050000000,10.1404447556
20074480000000,10.7380638123
20074890000000,12.3461713791
20075320000000,12.977684021
20075710000000,13.1773090363
20076120000000,15.4497594833
20076530000000,18.1877250671
20076940000000,19.3678321838
20077370000000,20.1961708069
20077760000000,20.7398376465
20078170000000,20.8992137909
20078590000000,21.2761611938
20078990000000,22.4852294922
20079400000000,23.2913093567
20079810000000,23.7185440063
20080210000000,24.8495922089
20080640000000,25.7758579254
20081050000000,27.0150680542
20081450000000,28.2456493378
20081840000000,29.1591415405
20082240000000,31.2038173676
20082680000000,32.6422767639
20083070000000,34.3147888184
20083470000000,35.3599624634
20083860000000,35.6143264771
20084270000000,36.4263954163
20084670000000,37.3192405701
20085080000000,37.6870765686
20085520000000,38.7732772827
20085910000000,39.4743423462
20086340000000,40.0573234558
20086760000000,41.0312423706
20087180000000,41.67237854
20087600000000,42.6228027344
20088010000000,41.1254272461
20088450000000,32.5512924194
20088870000000,27.8992042542
20089270000000,29.1893692017
20089690000000,29.2847862244
20090100000000,25.9936771393
20090520000000,24.7434978485
20090940000000,17.2295856476
20091340000000,5.42834663391
20091740000000,4.87315130234
20092150000000,5.05112504959
20092550000000,5.23197221756
20092960000000,5.44170761108
20093420000000,5.65992164612
20093840000000,5.93589830399
20094240000000,6.20910263062
20094660000000,5.92151069641
20095060000000,2.03639340401
20095480000000,2.57492685318
20095880000000,2.17013955116
20096300000000,0.246432393789
20096710000000,4.46209526062
20097130000000,7.67039632797
20097530000000,8.29372215271
20097930000000,8.68242168427
20098350000000,9.32151126862
20098730000000,9.62788391113
20099150000000,11.1586713791
20099570000000,12.2364358902
20099990000000,13.663397789
20100430000000,15.4558343887
20100850000000,17.8977012634
20101280000000,19.2921905518
20101710000000,19.5749435425
