
20352890000000,43.4767990112
20353410000000,48.3309364319
20353920000000,54.1184005737
20354450000000,54.5264968872
20354950000000,56.3320083618
20355470000000,58.0140647888
20355960000000,60.7450408936
20356430000000,61.5049324036
20356920000000,62.2155456543
20357400000000,62.914276123
20357870000000,63.6417999268
20358370000000,64.4062805176
20358870000000,65.1264724731
20359310000000,65.9368362427
20359790000000,67.2692489624
20360270000000,73.5126724243
20360740000000,82.2486801147
20361180000000,99.5452041626
20361610000000,106.269203186
20362070000000,108.804077148
20362530000000,122.862365723
20362960000000,143.3228302
20363390000000,163.081329346
20363870000000,176.889663696
20364310000000,160.396713257
20364890000000,160.63508606
20365400000000,155.260437012
20365930000000,156.051818848
20366370000000,179.823745728
20366810000000,173.920944214
20367230000000,173.010070801
20367650000000,173.555160522
20368080000000,174.568756104
20368520000000,172.1300354
20368960000000,154.820007324
20369420000000,146.95866394
20369880000000,148.76802063
20370310000000,151.573577881
20370760000000,151.772277832
20371200000000,152.101989746
20371630000000,152.397583008
20372070000000,152.704696655
20372500000000,152.995346069
20372940000000,153.960617065
20373400000000,156.156845093
20373820000000,178.270324707
20374250000000,155.212417603
20374720000000,130.168823242
20375170000000,100.59487915
20375600000000,73.9839859009
20376030000000,49.1359596252
20376480000000,48.925453186
20376930000000,48.4366569519
20377390000000,48.8533363342
20377830000000,42.9461746216
20378310000000,36.2093849182
20378740000000,37.4975090027
20379200000000,32.8275527954
20379630000000,25.0061664581
20380080000000,19.14777565
20380530000000,14.778345108
20380980000000,1.25995910168
20381420000000,21.0279312134
20381850000000,38.7196426392
20382280000000,39.0403060913
20382700000000,39.4461669922
20383150000000,39.842590332
20383570000000,38.7117004395
20384000000000,31.7605457306
20384450000000,20.7232131958
20384900000000,9.85374164581
20385360000000,6.31271362305
20385800000000,4.7266125679
20386230000000,12.7270355225
20386680000000,32.8460655212
20387100000000,42.1683654785
20387560000000,37.7748603821
20388040000000,38.408241272
20388480000000,38.9819602966
20388910000000,42.885848999
20389340000000,53.0661201477
20389770000000,53.8279800415
20390200000000,53.0026168823
20390640000000,54.4165840149
20391070000000,66.7248077393
20391490000000,85.7958145142
20391950000000,103.100036621
20392380000000,119.314170837
20392810000000,132.009902954
20393250000000,137.187820435
20393670000000,142.341918945
20394110000000,147.321411133
20394520000000,143.711502075
20394930000000,141.104827881
20395360000000,141.377624512
20395790000000,141.86088562
20396210000000,142.313476562
20396650000000,142.733840942
20397050000000,144.219406128
20397480000000,145.359436035
20397900000000,143.837127686
20398310000000,143.484588623
20398720000000,146.103546143
20399150000000,148.756057739
20399570000000,139.921447754
20400010000000,132.98248291
20400450000000,119.68586731
20400870000000,99.271697998
20401290000000,72.0735244751
20401700000000,51.7240943909
20402110000000,26.7214431763
20402530000000,0.478702843189
20402950000000,20.4249515533
20403430000000,20.2600841522
20403850000000,20.8034477234
20404260000000,21.1098918915
20404680000000,21.3775520325
20405120000000,21.9827842712
20405530000000,24.2582397461
20405940000000,23.4850711823
20406380000000,26.3340606689
20406810000000,27.5237503052
20407250000000,27.9094772339
20407690000000,28.293006897
20408140000000,28.6780662537
20408560000000,29.082113266
20408960000000,29.4778308868
20409370000000,29.8356761932
20409780000000,30.157907486
20410190000000,30.2070007324
20410640000000,30.0319347382
20411070000000,27.7130584717
20411470000000,23.5847015381
20411900000000,22.894744873
20412370000000,23.6440086365
20412790000000,23.8676795959
20413200000000,24.1674499512
20413620000000,24.5587596893
20414060000000,24.4951305389
20414470000000,23.7123031616
20414890000000,20.0653820038
20415300000000,18.7340736389
20415740000000,18.4054203033
20416170000000,18.8918056488
20416570000000,19.1039447784
20416970000000,19.5380210876
20417390000000,19.8394126892
20417780000000,20.1056041718
20418170000000,20.6572952271
20418580000000,20.882396698
20418980000000,21.2103214264
20419370000000,21.7757110596
20419780000000,22.213640213
20420190000000,22.6471233368
20420620000000,23.1535282135
20421030000000,23.6355667114
20421490000000,24.2029628754
20421890000000,24.8119430542
20422350000000,25.6155128479
20422760000000,27.8191337585
20423190000000,28.494556427
20423620000000,29.2084407806
20424030000000,29.9406070709
20424480000000,30.7114543915
20424910000000,31.5473976135
20425320000000,32.4361000061
20425760000000,33.2954597473
20426180000000,34.2650489807
20426610000000,35.2542114258
20427030000000,36.3241119385
20427480000000,37.4081687927
20427880000000,38.6047744751
20428300000000,39.7500839233
20428760000000,41.0137634277
20429170000000,41.9544448853
20429590000000,42.4554824829
20430030000000,34.8631706238
20430450000000,24.6904602051
20430850000000,25.3015861511
20431270000000,24.9934482574
20431670000000,24.0013237
20432080000000,18.3151340485
20432520000000,12.7798604965
20432960000000,7.90744018555
20433380000000,8.54218673706
20433810000000,8.26716518402
20434210000000,8.21035480499
20434630000000,8.43038749695
20435050000000,8.81628608704
20435540000000,9.44644546509
20436000000000,10.2263202667
20436420000000,11.1401729584
20436800000000,11.9412307739
20437230000000,9.00959205627
20437640000000,4.92249011993
20438050000000,1.41937589645
20438480000000,6.74616909027
20438920000000,8.78689670563
20439340000000,10.213010788
20439740000000,16.6924171448
20440150000000,19.9033203125
