13959950000000,50.0186004639
13960690000000,50.9205360413
13961410000000,53.6507453918
13962150000000,55.0430603027
13962850000000,56.1155471802
13963530000000,57.1073455811
13964240000000,58.1356239319
13964910000000,59.1877403259
13965600000000,61.2269668579
13966260000000,66.5554199219
13966930000000,80.9009399414
13967580000000,91.1578369141
13968230000000,108.923606873
13968850000000,130.936401367
13969480000000,132.919235229
13970140000000,142.900680542
13970800000000,165.763763428
13971480000000,176.510696411
13972100000000,158.084472656
13972700000000,152.560623169
13973360000000,155.808578491
13974000000000,154.63772583
13974660000000,154.076034546
13975310000000,154.505691528
13975930000000,154.924468994
13976550000000,154.847061157
13977170000000,168.966003418
13977820000000,136.0597229
13978430000000,98.1270370483
13979060000000,72.1123046875
13979700000000,54.0714454651
13980370000000,42.5742950439
13980980000000,18.5333881378
13981630000000,16.8180789948
13982260000000,9.74613285065
13982900000000,6.86011219025
13983530000000,2.76181483269
13984170000000,0.651990652084
13984800000000,0.855314314365
13985390000000,0.872678041458
13986040000000,5.80552101135
13986700000000,8.53522014618
13987320000000,17.1691398621
13987950000000,22.3584918976
13988580000000,33.2340354919
13989200000000,42.2824516296
13989810000000,55.9671363831
13990450000000,77.074836731
13991050000000,84.7998428345
13991700000000,99.6981124878
13992320000000,123.552726746
13992970000000,132.409103394
13993590000000,136.126937866
13994230000000,144.117446899
13994850000000,144.032867432
13995460000000,144.705200195
13996060000000,143.986465454
13996680000000,144.752349854
13997290000000,145.404296875
13997910000000,145.893127441
13998540000000,135.896606445
13999130000000,85.13646698
13999770000000,48.5983467102
14000390000000,4.89269781113
14001000000000,6.47658634186
14001610000000,7.86388158798
14002230000000,9.95043182373
14002830000000,23.0602016449
14003460000000,24.7953624725
14004050000000,25.2630233765
14004690000000,25.775302887
14005300000000,26.3408317566
14005910000000,26.8948287964
14006520000000,27.4827690125
14007160000000,25.3717594147
14007750000000,25.3100185394
14008360000000,24.7323513031
14008960000000,23.4768810272
14009560000000,16.9381637573
14010140000000,17.5897674561
14010780000000,18.0481033325
14011450000000,18.5455741882
14012030000000,19.0863876343
14012620000000,19.5789794922
14013210000000,20.0984077454
14013790000000,20.6974449158
14014410000000,21.2591304779
14014980000000,21.8973369598
14015620000000,22.5893478394
14016190000000,23.3458213806
14016820000000,24.0383739471
14017460000000,24.9210472107
14018050000000,25.849111557
14018640000000,26.7602996826
14019300000000,27.6743545532
14019900000000,28.9306316376
14020510000000,30.1921157837
14021120000000,31.3637275696
14021730000000,32.7808494568
14022310000000,34.2356643677
14022930000000,31.9530849457
14023640000000,29.8913383484
14024240000000,25.9060935974
14024830000000,21.194940567
14025460000000,17.9989681244
14026060000000,17.5262889862
14026660000000,15.6120958328
14027240000000,11.2852811813
14027890000000,5.20166254044
14028490000000,2.56312704086
14029110000000,3.1867454052
14029710000000,3.92347002029
14030350000000,4.81483697891
14030930000000,7.40978431702
14031490000000,10.6001377106
14032080000000,14.7913045883
14032680000000,17.5129261017
14033310000000,21.2291049957
14033940000000,27.0068683624
