
12702010000000,51.2891845703
12702790000000,51.2899398804
12703550000000,51.2894058228
12704320000000,52.2655143738
12705060000000,51.6223907471
12705800000000,50.8747749329
12706510000000,56.0983810425
12707210000000,59.2736968994
12707920000000,67.8119354248
12708600000000,75.4493789673
12709270000000,81.7126159668
12709920000000,86.3729019165
12710580000000,92.0918197632
12711240000000,103.724815369
12711840000000,131.308853149
12712490000000,148.598999023
12713140000000,176.677398682
12713790000000,172.523468018
12714410000000,172.537368774
12715090000000,172.796981812
12715720000000,166.880004883
12716330000000,159.07510376
12716980000000,160.065246582
12717630000000,165.202911377
12718290000000,168.795471191
12718930000000,168.851379395
12719570000000,144.016647339
12720250000000,100.893783569
12720880000000,61.3991584778
12721530000000,30.2981128693
12722220000000,7.51308107376
12722860000000,14.4676332474
12723470000000,13.142326355
12724140000000,13.4563598633
12724760000000,13.7139177322
12725380000000,13.0927219391
12726040000000,0.578710794449
12726700000000,4.43268156052
12727340000000,3.07971215248
12727990000000,2.66621446609
12728640000000,8.79398155212
12729270000000,20.8514003754
12729900000000,27.5571975708
12730510000000,27.2039718628
12731190000000,28.0993270874
12731820000000,35.8334960938
12732440000000,49.122756958
12733060000000,65.1514587402
12733690000000,86.8690490723
12734280000000,109.173324585
12734890000000,116.847312927
12735480000000,120.386978149
12736090000000,135.975234985
12736670000000,146.814224243
12737240000000,142.203170776
12737870000000,135.8125
12738470000000,135.381866455
12739090000000,136.138565063
12739720000000,136.519989014
12740330000000,127.268371582
12740940000000,91.2316360474
12741540000000,65.5151367188
12742140000000,25.210187912
12742770000000,0.289645880461
12743390000000,25.6861991882
12744020000000,33.1459770203
12744680000000,34.4897537231
12745280000000,35.0113334656
12745910000000,35.6635513306
12746550000000,36.1156196594
12747150000000,27.3271827698
12747770000000,29.9228191376
12748390000000,37.6858940125
12749020000000,38.4034843445
12749630000000,39.1579627991
12750290000000,36.9221229553
12750880000000,30.0494308472
12751490000000,29.3121414185
12752090000000,29.7058086395
12752710000000,25.7386054993
12753330000000,11.1842069626
12753930000000,0.185547530651
12754540000000,0.389591425657
12755180000000,5.45677804947
12755770000000,20.4267883301
12756340000000,20.9341831207
12756930000000,21.5075950623
12757570000000,22.0542125702
12758170000000,22.7670307159
12758780000000,23.4899921417
12759380000000,24.2552967072
12760000000000,25.0341911316
12760610000000,25.9002590179
12761190000000,26.8045883179
12761800000000,27.7136859894
12762420000000,28.7618770599
12763010000000,29.8127670288
12763610000000,30.9367008209
12764230000000,32.1839561462
12764830000000,33.5872612
12765440000000,35.0120582581
12766080000000,33.1998252869
12766680000000,23.7004852295
12767290000000,14.5846662521
12767930000000,13.7769241333
12768500000000,14.3898324966
12769120000000,15.2799005508
12769740000000,16.2994709015
12770350000000,17.4491634369
12770940000000,18.7249279022
12771530000000,19.1515598297
12772150000000,15.2769088745
12772780000000,10.4230413437
12773410000000,10.1043024063
12773970000000,5.23670387268
12774580000000,4.54292345047
12775230000000,10.8196754456
12775820000000,19.3852462769
12776430000000,22.9557914734
12777010000000,28.3099460602
12777600000000,36.1514930725
12778220000000,41.91771698
12778840000000,41.9237213135
12779450000000,41.9311103821
