
20502880000000,57.0467567444
20503430000000,57.0974502563
20503970000000,57.7546768188
20504530000000,57.5603942871
20505080000000,52.9115791321
20505630000000,49.1462745667
20506130000000,48.6253318787
20506630000000,44.9071960449
20507140000000,45.5726242065
20507620000000,45.6753196716
20508090000000,45.7975158691
20508600000000,45.7747344971
20509080000000,45.9232635498
20509530000000,45.9006195068
20510010000000,46.5977973938
20510470000000,47.2359619141
20510950000000,47.7972450256
20511390000000,51.8064460754
20511840000000,58.7164649963
20512280000000,74.1876220703
20512720000000,80.5555648804
20513150000000,81.2078475952
20513580000000,83.7795181274
20514000000000,90.5318374634
20514440000000,103.216941833
20514870000000,116.230819702
20515310000000,126.08152771
20515760000000,130.663848877
20516210000000,131.387893677
20516640000000,137.332992554
20517100000000,161.812850952
20517540000000,169.594650269
20517960000000,155.94619751
20518400000000,155.360122681
20518840000000,174.073638916
20519270000000,174.432266235
20519690000000,174.426528931
20520100000000,173.982437134
20520560000000,173.125854492
20520990000000,171.663894653
20521430000000,165.735961914
20521870000000,153.779434204
20522350000000,152.304489136
20522800000000,152.16368103
20523230000000,153.45413208
20523680000000,154.511169434
20524130000000,155.137924194
20524580000000,156.152130127
20525050000000,156.732040405
20525540000000,157.124252319
20526010000000,157.38117981
20526440000000,157.64402771
20526890000000,159.27885437
20527320000000,175.005264282
20527790000000,149.703338623
20528210000000,117.440307617
20528670000000,93.5336151123
20529140000000,60.5009536743
20529580000000,28.893491745
20530030000000,13.3878660202
20530470000000,12.9226465225
20530900000000,15.277340889
20531350000000,18.2168445587
20531790000000,31.5158748627
20532200000000,43.264377594
20532650000000,43.0050163269
20533110000000,38.9032363892
20533530000000,37.3381767273
20533970000000,36.5799636841
20534420000000,29.465013504
20534870000000,16.6801376343
20535300000000,5.59269237518
20535750000000,5.80134725571
20536200000000,5.87445545197
20536620000000,6.00441074371
20537050000000,6.0485625267
20537490000000,6.11481332779
20537930000000,6.2079873085
20538360000000,6.28459787369
20538790000000,6.38849449158
20539230000000,6.45758867264
20539690000000,8.4383354187
20540100000000,10.7080249786
20540550000000,13.5867547989
20540980000000,18.9082241058
20541400000000,24.9873962402
20541810000000,26.9450435638
20542280000000,38.8419952393
20542750000000,68.9578323364
20543190000000,86.0258407593
20543620000000,104.116012573
20544050000000,124.238929749
20544460000000,140.23614502
20544920000000,137.087265015
20545350000000,119.502128601
20545770000000,104.585411072
20546180000000,102.499130249
20546620000000,103.340072632
20547060000000,104.251617432
20547470000000,114.28352356
20547870000000,129.191268921
20548290000000,139.948074341
20548710000000,149.757781982
20549130000000,150.75894165
20549550000000,150.432342529
20549970000000,150.503326416
20550390000000,150.129318237
20550800000000,147.523269653
20551220000000,139.78918457
20551670000000,129.400588989
20552070000000,127.542076111
20552460000000,128.10218811
20552890000000,126.060523987
20553320000000,114.655250549
20553720000000,95.6879882812
20554160000000,76.2670440674
20554570000000,44.3108062744
20555030000000,21.1312637329
20555420000000,5.21800136566
20555840000000,34.6615409851
20556270000000,44.2612266541
20556690000000,41.7850112915
20557120000000,31.9825325012
20557540000000,28.129119873
20557970000000,23.4577045441
20558410000000,18.2401580811
20558830000000,16.928483963
20559290000000,17.1148834229
20559710000000,17.3636684418
20560140000000,17.5966758728
20560550000000,17.8377323151
20560990000000,18.0861740112
20561420000000,18.3511352539
20561850000000,18.64245224
20562260000000,18.9167137146
20562680000000,19.1935997009
20563100000000,19.4884376526
20563520000000,19.7576618195
20563950000000,20.0665416718
20564380000000,20.3767948151
20564800000000,20.7268543243
20565210000000,21.0986614227
20565630000000,21.394651413
20566050000000,21.7444705963
20566480000000,22.1062202454
20566890000000,22.4971580505
20567290000000,22.8639602661
20567700000000,23.2413578033
20568150000000,23.6518363953
20568530000000,24.0961532593
20568950000000,24.4922885895
20569340000000,24.9464092255
20569760000000,25.3921298981
20570170000000,25.8777885437
20570570000000,26.3564224243
20570950000000,26.8518657684
20571360000000,27.3395881653
20571770000000,27.8963909149
20572160000000,28.4453086853
20572550000000,29.0160636902
20572950000000,29.5767669678
20573330000000,30.1857624054
20573740000000,30.7883491516
20574170000000,31.4801330566
20574590000000,32.1673469543
20575010000000,32.9747810364
20575410000000,33.7582855225
20575850000000,34.5706748962
20576240000000,35.4622840881
20576660000000,36.2485771179
20577110000000,37.2511634827
20577510000000,38.266330719
20577930000000,39.2295074463
20578370000000,40.3022232056
20578770000000,41.4617118835
20579180000000,42.5816955566
20579630000000,43.7521133423
20580020000000,44.321598053
20580420000000,38.4741897583
20580800000000,39.9321861267
20581240000000,38.2811126709
20581650000000,33.6577033997
20582050000000,35.0989265442
20582470000000,28.0474758148
20582860000000,22.1750030518
20583270000000,16.2508888245
20583710000000,15.7360019684
20584130000000,16.4175224304
20584540000000,17.0258655548
20584960000000,17.7661399841
20585350000000,18.7373771667
20585790000000,17.8657455444
20586240000000,16.5398693085
20586640000000,13.9480829239
20587050000000,8.51522636414
20587490000000,1.56879091263
20587890000000,0.784076035023
20588290000000,0.843724906445
20588690000000,0.948158860207
20589080000000,0.984965741634
20589540000000,1.24282324314
20589940000000,3.69971036911
20590330000000,6.26514959335
20590770000000,10.5384559631
20591190000000,16.2350997925
20591610000000,17.6326751709
20592020000000,17.9684333801
20592400000000,19.8293933868
20592820000000,23.273733139
20593260000000,28.6461315155
