11548040000000,52.4644927979
11548770000000,51.9087181091
11549470000000,53.1369781494
11550160000000,54.103931427
11550850000000,55.0972595215
11551510000000,56.0787315369
11552240000000,57.0239830017
11552910000000,67.0667648315
11553560000000,72.1829299927
11554200000000,80.3920288086
11554820000000,100.270568848
11555460000000,119.390464783
11556110000000,134.464111328
11556750000000,151.820480347
11557350000000,167.684387207
11557980000000,171.851455688
11558630000000,166.154647827
11559230000000,138.26449585
11559860000000,134.333786011
11560480000000,140.7472229
11561150000000,145.274002075
11561760000000,152.799468994
11562390000000,153.528305054
11563020000000,157.359512329
11563670000000,164.168426514
11564310000000,126.958015442
11564950000000,87.5405731201
11565590000000,52.5409049988
11566260000000,40.4378662109
11566880000000,41.0895080566
11567520000000,40.8236274719
11568120000000,36.0999641418
11568720000000,24.0801353455
11569340000000,15.2011156082
11569980000000,1.79036855698
11570600000000,7.03359603882
11571250000000,7.18495130539
11571850000000,2.34900283813
11572530000000,2.28018498421
11573130000000,9.794672966
11573760000000,16.2848911285
11574370000000,26.2559700012
11575040000000,44.1310462952
11575630000000,62.0333633423
11576240000000,70.2951660156
11576880000000,86.8929748535
11577510000000,117.352005005
11578100000000,123.717544556
11578690000000,141.632171631
11579290000000,145.218032837
11579930000000,145.866027832
11580550000000,146.538162231
11581160000000,139.497131348
11581750000000,140.207046509
11582440000000,137.32258606
11583030000000,111.467407227
11583610000000,83.6184768677
11584250000000,46.9043693542
11584870000000,5.0067782402
11585490000000,22.0386772156
11586120000000,22.2295436859
11586750000000,25.174407959
11587400000000,30.7104587555
11588020000000,30.560377121
11588630000000,31.1604881287
11589290000000,31.7356147766
11589890000000,32.467414856
11590510000000,33.0856704712
11591130000000,33.0692481995
11591790000000,32.0967712402
11592400000000,28.7241001129
11592990000000,21.0462722778
11593600000000,20.563325882
11594250000000,21.0425643921
11594900000000,21.5926189423
11595510000000,22.2355060577
11596120000000,22.764541626
11596720000000,23.3812675476
11597390000000,23.9716720581
11598010000000,24.6873817444
11598630000000,25.3557033539
11599200000000,26.1138629913
11599800000000,26.8351764679
11600380000000,26.4047489166
11600980000000,26.9464969635
11601570000000,24.8053398132
11602190000000,25.4953937531
11602780000000,26.3733768463
11603400000000,27.2282600403
11604010000000,28.2213897705
11604580000000,29.263048172
11605210000000,30.2952079773
11605800000000,31.487859726
11606380000000,32.7103271484
11607000000000,33.530834198
11607610000000,31.6744232178
11608220000000,30.4275112152
11608810000000,27.2895507812
11609400000000,27.1500720978
11610010000000,23.0485248566
11610660000000,18.0925445557
11611260000000,13.2421588898
11611840000000,13.9962148666
11612440000000,14.9728040695
11613070000000,15.9773464203
11613670000000,17.2679233551
11614290000000,15.6684875488
11614880000000,13.0348834991
11615460000000,13.4764413834
11616110000000,3.79913258553
11616710000000,10.372297287
11617310000000,11.2814235687
11617920000000,12.9585952759
11618510000000,15.2286920547
11619130000000,18.1409339905
11619760000000,22.9214515686
