14380170000000,50.1931190491
14380940000000,49.3813247681
14381680000000,51.0945854187
14382420000000,52.963054657
14383130000000,53.7705535889
14383840000000,54.7224769592
14384520000000,55.7490386963
14385230000000,56.6794281006
14385910000000,66.7487945557
14386610000000,69.0201873779
14387290000000,84.1432876587
14387940000000,88.675743103
14388620000000,111.574874878
14389250000000,114.824005127
14389890000000,119.259544373
14390540000000,139.856460571
14391280000000,169.969314575
14391920000000,174.963317871
14392560000000,157.333145142
14393180000000,144.810028076
14393810000000,145.049514771
14394450000000,145.518005371
14395040000000,146.068084717
14395690000000,146.570495605
14396320000000,147.130615234
14396980000000,147.10105896
14397670000000,178.432327271
14398340000000,132.141647339
14398960000000,84.8767089844
14399570000000,50.6538238525
14400170000000,26.018913269
14400820000000,11.1350021362
14401440000000,25.1162910461
14402060000000,23.322347641
14402700000000,11.206738472
14403350000000,5.60854196548
14403980000000,1.79716563225
14404650000000,2.50590753555
14405280000000,3.1198618412
14405920000000,7.46574306488
14406590000000,16.1940307617
14407240000000,21.179983139
14407880000000,34.6910095215
14408480000000,48.4820709229
14409090000000,67.2741622925
14409770000000,79.687210083
14410410000000,99.1979522705
14411030000000,107.445602417
14411670000000,114.178688049
14412300000000,132.690216064
14412930000000,137.613952637
14413540000000,138.423858643
14414180000000,139.233764648
14414900000000,139.946411133
14415500000000,140.807174683
14416100000000,141.523773193
14416710000000,141.58555603
14417370000000,115.333366394
14417970000000,69.2517166138
14418580000000,38.4686584473
14419230000000,7.07893848419
14419820000000,0.380961567163
14420440000000,24.1637744904
14421040000000,22.7366523743
14421660000000,24.4254188538
14422270000000,25.9853134155
14422890000000,30.8731536865
14423520000000,31.1624546051
14424150000000,29.2908191681
14424730000000,26.9919166565
14425340000000,27.5281238556
14425980000000,26.9092388153
14426610000000,23.7525844574
14427200000000,22.1059513092
14427820000000,20.6266918182
14428420000000,20.3657150269
14429030000000,20.4242019653
14429630000000,20.9291553497
14430240000000,21.1031036377
14430820000000,21.6513938904
14431470000000,22.2409515381
14432080000000,22.8632888794
14432670000000,23.2315769196
14433270000000,24.1611175537
14433900000000,24.8414707184
14434500000000,25.6991672516
14435090000000,24.5449771881
14435730000000,25.3248310089
14436290000000,23.755033493
14436930000000,24.3826942444
14437530000000,25.3207073212
14438130000000,26.2554893494
14438750000000,28.1319046021
14439390000000,28.9809494019
14440020000000,30.2337036133
14440590000000,31.6168365479
14441170000000,32.8227119446
14441780000000,30.996887207
14442360000000,20.3849411011
14443060000000,17.5721378326
14443660000000,16.2294178009
14444260000000,13.4424066544
14444870000000,12.3593358994
14445460000000,8.39522743225
14446090000000,5.34498643875
14446660000000,2.13852930069
14447260000000,1.45211052895
14447860000000,3.7392988205
14448470000000,9.35376262665
14449110000000,8.95190143585
14449720000000,10.6114845276
14450380000000,9.68632793427
14450950000000,11.3589019775
14451540000000,14.181602478
14452160000000,17.437833786
14452750000000,22.5268154144
