13959950000000,59.1958007812
13960690000000,64.2362213135
13961410000000,67.6566085815
13962150000000,71.4654159546
13962850000000,77.1666030884
13963530000000,82.8607940674
13964240000000,88.4859390259
13964910000000,94.5351486206
13965600000000,98.9035186768
13966260000000,99.8654403687
13966930000000,89.9860839844
13967580000000,86.094291687
13968230000000,75.4356994629
13968850000000,57.8089065552
13969480000000,61.1675834656
13970140000000,56.9897003174
13970800000000,39.1955108643
13971480000000,24.5016345978
13972100000000,6.06010770798
13972700000000,1.94899785519
13973360000000,1.74988174438
13974000000000,0.614178001881
13974660000000,0.18999825418
13975310000000,0.308498591185
13975930000000,0.633214652538
13976550000000,1.24575948715
13977170000000,15.9091949463
13977820000000,14.0336370468
13978430000000,39.5826187134
13979060000000,108.570304871
13979700000000,152.096298218
13980370000000,172.997894287
13980980000000,160.692108154
13981630000000,161.85043335
13982260000000,157.247375488
13982900000000,157.73097229
13983530000000,150.52003479
13984170000000,155.721099854
13984800000000,158.09602356
13985390000000,160.150619507
13986040000000,167.911193848
13986700000000,171.127029419
13987320000000,179.86076355
13987950000000,174.852828979
13988580000000,164.535583496
13989200000000,157.212020874
13989810000000,144.9896698
13990450000000,126.058563232
13991050000000,121.422996521
13991700000000,109.394790649
13992320000000,89.1272964478
13992970000000,84.228515625
13993590000000,83.9798736572
13994230000000,79.9945526123
13994850000000,83.9729537964
13995460000000,87.0748748779
13996060000000,91.6901702881
13996680000000,94.4146957397
13997290000000,97.5960235596
13997910000000,100.492408752
13998540000000,112.026290894
13999130000000,162.62852478
13999770000000,161.395858765
14000390000000,118.894340515
14001000000000,110.736236572
14001610000000,112.195327759
14002230000000,112.606300354
14002830000000,102.753753662
14003460000000,104.732688904
14004050000000,107.692886353
14004690000000,110.219047546
14005300000000,112.94026947
14005910000000,115.484367371
14006520000000,117.827423096
14007160000000,122.846641541
14007750000000,125.725410461
14008360000000,128.742919922
14008960000000,132.360351562
14009560000000,141.017089844
14010140000000,142.278167725
14010780000000,143.47102356
14011450000000,144.803253174
14012030000000,146.145843506
14012620000000,147.214981079
14013210000000,148.229537964
14013790000000,149.189575195
14014410000000,150.116455078
14014980000000,151.001220703
14015620000000,151.824752808
14016190000000,152.682617188
14016820000000,153.357269287
14017460000000,154.158798218
14018050000000,154.885421753
14018640000000,155.496414185
14019300000000,156.194564819
14019900000000,156.70085144
14020510000000,157.214019775
14021120000000,157.761428833
14021730000000,158.318389893
14022310000000,158.801040649
14022930000000,162.955123901
14023640000000,166.947738647
14024240000000,172.629699707
14024830000000,178.614593506
14025460000000,176.922149658
14026060000000,175.379348755
14026660000000,172.580032349
14027240000000,167.99446106
14027890000000,161.456924438
14028490000000,153.457702637
14029110000000,153.857666016
14029710000000,153.688934326
14030350000000,153.768035889
14030930000000,152.220123291
14031490000000,150.221832275
14032080000000,148.385025024
14032680000000,148.903305054
14033310000000,149.391387939
14033940000000,149.906387329
