13959950000000,20.5538692474
13960690000000,21.5912799835
13961410000000,20.9681987762
13962150000000,21.0333595276
13962850000000,22.0506191254
13963530000000,23.1569023132
13964240000000,24.2905197144
13964910000000,25.680103302
13965600000000,26.0193347931
13966260000000,23.1147212982
13966930000000,10.1483421326
13967580000000,1.70896196365
13968230000000,15.6002931595
13968850000000,39.5106773376
13969480000000,43.5392875671
13970140000000,56.2706108093
13970800000000,83.5353546143
13971480000000,105.311004639
13972100000000,126.261054993
13972700000000,134.658981323
13973360000000,134.818893433
13974000000000,139.020889282
13974660000000,142.409317017
13975310000000,144.547027588
13975930000000,146.411773682
13976550000000,147.468002319
13977170000000,110.842948914
13977820000000,77.9647979736
13978430000000,39.6571159363
13979060000000,12.8766298294
13979700000000,6.38323116302
13980370000000,19.3005485535
13980980000000,45.2588691711
13981630000000,49.801448822
13982260000000,60.0799293518
13982900000000,66.9747314453
13983530000000,80.6693344116
13984170000000,82.8564910889
13984800000000,87.4787979126
13985390000000,91.8353042603
13986040000000,89.6496963501
13986700000000,91.7688980103
13987320000000,87.5685119629
13987950000000,86.6501312256
13988580000000,79.91796875
13989200000000,75.4431610107
13989810000000,66.0991516113
13990450000000,49.4799842834
13991050000000,45.741569519
13991700000000,33.9105529785
13992320000000,14.2216348648
13992970000000,7.77748060226
13993590000000,5.81518602371
13994230000000,1.05353331566
13994850000000,0.267188459635
13995460000000,0.301743835211
13996060000000,1.35847842693
13996680000000,1.45086276531
13997290000000,1.95253527164
13997910000000,2.88712334633
13998540000000,11.995256424
13999130000000,47.6129837036
13999770000000,85.4066009521
14000390000000,127.434715271
14001000000000,145.895309448
14001610000000,155.470016479
14002230000000,160.788925171
14002830000000,176.670028687
14003460000000,177.836334229
14004050000000,178.070831299
14004690000000,178.296081543
14005300000000,178.478637695
14005910000000,178.605575562
14006520000000,178.736801147
14007160000000,176.101806641
14007750000000,175.71635437
14008360000000,174.961486816
14008960000000,173.531967163
14009560000000,166.873764038
14010140000000,167.782821655
14010780000000,168.415130615
14011450000000,169.025604248
14012030000000,169.590805054
14012620000000,170.030975342
14013210000000,170.435424805
14013790000000,170.852493286
14014410000000,171.176528931
14014980000000,171.508377075
14015620000000,171.831848145
14016190000000,172.124664307
14016820000000,172.368515015
14017460000000,172.629486084
14018050000000,172.874282837
14018640000000,173.096359253
14019300000000,173.218795776
14019900000000,173.540634155
14020510000000,173.791534424
14021120000000,173.924407959
14021730000000,174.084487915
14022310000000,174.242355347
14022930000000,170.627685547
14023640000000,167.240386963
14024240000000,162.222625732
14024830000000,156.798706055
14025460000000,152.823562622
14026060000000,151.838226318
14026660000000,149.497512817
14027240000000,145.401748657
14027890000000,139.336975098
14028490000000,131.794586182
14029110000000,132.631103516
14029710000000,132.826171875
14030350000000,133.361114502
14030930000000,132.214569092
14031490000000,130.578292847
14032080000000,129.017944336
14032680000000,129.906219482
14033310000000,130.744888306
14033940000000,131.615036011
