
10332480000000,21.3529891968
10333280000000,21.3528690338
10334060000000,23.2415142059
10334820000000,23.0705680847
10335540000000,23.9641056061
10336320000000,24.0967483521
10337050000000,25.4150123596
10337720000000,26.6838169098
10338430000000,27.9351673126
10339120000000,28.4951515198
10339790000000,20.9253559113
10340450000000,11.5976228714
10341130000000,6.78046798706
10341770000000,21.2860908508
10342400000000,37.3563461304
10343070000000,54.9037513733
10343710000000,76.7863998413
10344320000000,112.366600037
10344940000000,122.111991882
10345600000000,127.535591125
10346220000000,115.691757202
10346850000000,113.729598999
10347500000000,123.974739075
10348140000000,145.502609253
10348740000000,157.944000244
10349390000000,153.646499634
10350010000000,133.206161499
10350670000000,135.194229126
10351300000000,133.554199219
10351960000000,111.907592773
10352590000000,71.0999526978
10353230000000,38.1545333862
10353840000000,6.00172901154
10354500000000,23.2778053284
10355140000000,27.8645248413
10355750000000,42.6092185974
10356410000000,50.7845077515
10357060000000,53.9441146851
10357690000000,57.5672340393
10358310000000,60.9597587585
10358960000000,79.0648345947
10359570000000,91.5946731567
10360190000000,93.6336746216
10360810000000,90.9061279297
10361440000000,88.7183227539
10362090000000,90.39818573
10362700000000,80.5774765015
10363310000000,71.6633377075
10363960000000,68.7868347168
10364650000000,58.6554222107
10365270000000,48.7441940308
10365890000000,45.8132476807
10366530000000,22.9014205933
10367150000000,1.13413250446
10367740000000,1.20957803726
10368360000000,1.12783753872
10368990000000,1.33734154701
10369590000000,0.0553938597441
10370220000000,1.22271621227
10370830000000,1.53391766548
10371440000000,1.98619449139
10372040000000,4.42330312729
10372670000000,32.0300216675
10373250000000,68.4026641846
10373840000000,97.6986083984
10374480000000,139.094726562
10375070000000,163.833496094
10375710000000,174.537109375
10376300000000,163.339889526
10376910000000,165.752365112
10377520000000,167.759872437
10378140000000,169.312347412
10378760000000,170.52583313
10379350000000,176.971618652
10379930000000,164.920791626
10380560000000,165.425918579
10381190000000,166.61756897
10381790000000,167.63470459
10382410000000,168.439971924
10383050000000,169.178833008
10383620000000,169.852844238
10384230000000,170.391845703
10384890000000,170.899459839
10385540000000,171.421463013
10386150000000,171.798965454
10386730000000,172.145584106
10387340000000,172.47769165
10387960000000,172.807891846
10388560000000,172.677947998
10389150000000,172.818099976
10389750000000,173.062347412
10390370000000,173.309402466
10390970000000,173.55116272
10391590000000,173.772415161
10392230000000,173.986526489
10392860000000,174.187774658
10393460000000,174.341964722
10394090000000,174.51322937
10394670000000,174.685180664
10395300000000,174.730926514
10395910000000,174.919372559
10396530000000,165.781051636
10397110000000,151.536407471
10397700000000,152.27381897
10398330000000,152.937484741
10398920000000,153.580810547
10399510000000,154.17980957
10400140000000,154.611663818
10400760000000,155.156311035
10401340000000,155.673522949
10401960000000,156.062728882
10402550000000,156.703796387
10403160000000,152.586837769
10403800000000,132.180755615
10404440000000,114.908821106
10405050000000,111.683853149
10405710000000,119.887023926
10406340000000,121.495269775
10406980000000,119.304702759
10407590000000,113.958053589
10408180000000,117.956748962
10408760000000,126.491706848
10409350000000,126.173965454
10409950000000,126.467285156
10410570000000,126.468650818
10411180000000,126.470016479
10411810000000,126.471633911
10412410000000,126.472946167
