11548040000000,64.2247314453
11548770000000,70.7997665405
11549470000000,74.7296295166
11550160000000,80.0793914795
11550850000000,85.6055908203
11551510000000,91.063835144
11552240000000,96.3766708374
11552910000000,93.9563217163
11553560000000,95.4446334839
11554200000000,92.5939941406
11554820000000,77.8853378296
11555460000000,64.3519515991
11556110000000,54.4515113831
11556750000000,41.8164901733
11557350000000,30.3937416077
11557980000000,28.7611465454
11558630000000,8.75933170319
11559230000000,17.3018836975
11559860000000,23.3755340576
11560480000000,20.6701469421
11561150000000,20.8366374969
11561760000000,19.2231445312
11562390000000,26.033706665
11563020000000,35.5520401001
11563670000000,15.9266490936
11564310000000,15.1220178604
11564950000000,54.2181282043
11565590000000,95.7688903809
11566260000000,138.111129761
11566880000000,153.976211548
11567520000000,161.908508301
11568120000000,171.38760376
11568720000000,175.583847046
11569340000000,167.832809448
11569980000000,152.653091431
11570600000000,150.426986694
11571250000000,153.449264526
11571850000000,161.015960693
11572530000000,166.741607666
11573130000000,174.765777588
11573760000000,178.559356689
11574370000000,168.865493774
11575040000000,151.940383911
11575630000000,137.894378662
11576240000000,132.843719482
11576880000000,119.000175476
11577500000000,93.1561355591
11578100000000,90.7627182007
11578690000000,76.6758041382
11579290000000,76.5337905884
11579930000000,79.9017333984
11580550000000,83.4337997437
11581160000000,94.1066436768
11581750000000,97.7138137817
11582440000000,104.370101929
11583030000000,134.213165283
11583610000000,164.960174561
11584250000000,156.116744995
11584870000000,113.492462158
11585490000000,88.2474365234
11586120000000,91.454574585
11586750000000,92.1393966675
11587400000000,90.3783493042
11588020000000,94.3641052246
11588630000000,97.3601074219
11589290000000,100.125656128
11589890000000,103.270927429
11590510000000,105.92363739
11591130000000,109.479064941
11591790000000,113.636581421
11592400000000,120.029800415
11592990000000,130.48664856
11593600000000,133.112167358
11594250000000,134.973480225
11594900000000,136.741592407
11595510000000,138.403991699
11596120000000,139.900222778
11596720000000,141.316192627
11597390000000,142.641494751
11598010000000,143.979736328
11598630000000,145.13899231
11599200000000,146.300613403
11599800000000,147.295089722
11600380000000,149.472244263
11600980000000,150.448364258
11601570000000,154.077102661
11602190000000,154.849105835
11602780000000,155.550506592
11603400000000,156.243209839
11604010000000,156.824615479
11604580000000,157.440994263
11605210000000,157.998168945
11605800000000,158.551925659
11606380000000,159.076812744
11607000000000,159.9793396
11607610000000,163.719894409
11608220000000,166.534423828
11608810000000,171.430892944
11609400000000,172.878463745
11610010000000,178.209335327
11610660000000,176.083969116
11611260000000,170.679931641
11611840000000,170.823242188
11612440000000,171.102081299
11613070000000,171.262741089
11613670000000,171.525436401
11614290000000,168.755172729
11614880000000,165.211074829
11615460000000,164.767456055
11616110000000,154.6693573
11616710000000,142.217330933
11617310000000,142.916992188
11617920000000,143.467453003
11618510000000,144.054656982
11619130000000,144.612731934
11619760000000,145.05619812
