
12364620000000,20.3771858215
12365380000000,20.3772029877
12366190000000,20.3772163391
12366910000000,25.1424236298
12367670000000,21.3476486206
12368430000000,11.9378843307
12369140000000,7.69449090958
12369850000000,24.277009964
12370570000000,25.2909526825
12371250000000,26.6262702942
12371930000000,28.0657577515
12372620000000,19.9096927643
12373260000000,1.90389847755
12373900000000,13.3003396988
12374570000000,25.4676170349
12375270000000,44.8888664246
12375960000000,75.7134857178
12376580000000,100.729049683
12377240000000,105.744377136
12377900000000,121.74822998
12378540000000,134.16859436
12379230000000,136.642547607
12379890000000,139.272781372
12380540000000,141.574310303
12381180000000,143.591644287
12381820000000,139.693710327
12382490000000,132.815551758
12383100000000,119.827911377
12383730000000,83.7544708252
12384400000000,48.9726905823
12385020000000,10.9496736526
12385680000000,25.208398819
12386310000000,39.778793335
12386970000000,36.0348243713
12387590000000,36.4569015503
12388270000000,39.7650871277
12388940000000,50.0365333557
12389560000000,69.9968719482
12390190000000,77.0017166138
12390840000000,80.9700393677
12391490000000,85.4532470703
12392120000000,89.487159729
12392770000000,94.0966491699
12393370000000,94.0769805908
12394050000000,87.7732772827
12394730000000,84.6028442383
12395340000000,76.9807510376
12396000000000,69.4728546143
12396660000000,50.1759986877
12397280000000,37.9269828796
12397910000000,22.8687267303
12398510000000,20.6771793365
12399160000000,16.1504745483
12399760000000,13.1894731522
12400360000000,8.20273399353
12400950000000,10.759642601
12401660000000,12.4929552078
12402280000000,14.2746896744
12402900000000,19.2279033661
12403510000000,24.8065567017
12404120000000,45.0136947632
12404720000000,73.4504013062
12405340000000,111.802497864
12405970000000,148.825531006
12406610000000,173.088195801
12407240000000,169.768188477
12407850000000,170.118789673
12408470000000,169.836410522
12409060000000,169.104644775
12409670000000,166.60774231
12410300000000,166.624938965
12410910000000,168.11630249
12411500000000,169.205123901
12412120000000,170.109298706
12412750000000,172.040863037
12413370000000,175.360473633
12414020000000,177.457275391
12414630000000,176.766159058
12415220000000,173.890792847
12415820000000,168.88710022
12416470000000,163.300613403
12417070000000,164.235992432
12417660000000,162.580810547
12418300000000,158.842834473
12418890000000,154.824661255
12419510000000,156.033798218
12420100000000,157.037322998
12420780000000,157.920974731
12421360000000,159.37600708
12421940000000,161.536102295
12422530000000,162.383728027
12423140000000,163.210906982
12423730000000,163.654190063
12424330000000,164.124237061
12424950000000,164.649414062
12425530000000,165.11555481
12426120000000,165.53137207
12426740000000,165.885955811
12427340000000,166.32460022
12427910000000,166.705383301
12428530000000,167.041305542
12429120000000,167.383895874
12429750000000,167.686004639
12430350000000,167.823226929
12430950000000,167.689331055
12431570000000,161.160644531
12432190000000,158.041793823
12432780000000,155.241516113
12433410000000,153.126464844
12434020000000,150.963195801
12434670000000,149.238052368
12435280000000,139.708297729
12435880000000,131.848022461
12436480000000,122.549781799
12437080000000,120.57699585
12437660000000,121.495475769
12438280000000,122.447181702
12438900000000,123.448471069
12439540000000,124.396507263
12440180000000,125.353294373
12440780000000,126.278656006
12441440000000,127.172042847
12442050000000,124.760635376
12442680000000,124.758628845
