11406630000000,60.2477378845
11407390000000,64.6259765625
11408130000000,69.7488327026
11408860000000,76.150138855
11409570000000,81.4275817871
11410290000000,86.695602417
11410970000000,92.3966598511
11411650000000,97.2583236694
11412300000000,102.267913818
11412990000000,92.4028015137
11413640000000,78.2996673584
11414270000000,80.86769104
11414910000000,66.7733688354
11415550000000,61.4722366333
11416210000000,46.2503395081
11416800000000,36.1721115112
11417460000000,33.8349113464
11418150000000,28.9617862701
11418760000000,15.288230896
11419370000000,0.0437838174403
11420040000000,5.49150800705
11420670000000,5.69354629517
11421290000000,1.25258374214
11421970000000,1.87399029732
11422590000000,2.74424147606
11423230000000,5.43658971786
11423890000000,11.8165836334
11424550000000,25.0483474731
11425180000000,79.2417449951
11425790000000,109.244216919
11426440000000,143.485580444
11427070000000,164.889984131
11427740000000,175.799682617
11428410000000,172.747436523
11429040000000,164.312316895
11429680000000,148.710891724
11430310000000,142.057327271
11430950000000,150.554901123
11431620000000,167.191375732
11432270000000,164.758544922
11432910000000,161.12272644
11433550000000,168.079879761
11434160000000,172.851135254
11434790000000,175.649658203
11435400000000,141.080917358
11436010000000,137.372497559
11436620000000,136.200027466
11437240000000,127.337059021
11437840000000,120.326385498
11438550000000,107.734420776
11439150000000,77.6957931519
11439740000000,55.7478981018
11440350000000,63.2323036194
11441000000000,69.1294784546
11441610000000,75.88230896
11442200000000,95.7395019531
11442810000000,98.7061157227
11443510000000,100.296394348
11444120000000,120.216438293
11444750000000,163.072067261
11445410000000,154.618972778
11446040000000,117.8620224
11446670000000,107.606048584
11447280000000,103.081504822
11447890000000,88.0280532837
11448550000000,91.1023864746
11449160000000,95.6775283813
11449780000000,108.438415527
11450370000000,114.867797852
11451020000000,119.595672607
11451690000000,122.886405945
11452300000000,127.840377808
11452900000000,132.194015503
11453500000000,134.620651245
11454080000000,135.629379272
11454690000000,142.018478394
11455300000000,137.820678711
11455880000000,139.690643311
11456440000000,141.01574707
11457120000000,142.261245728
11457720000000,143.66494751
11458300000000,144.788513184
11458910000000,145.853912354
11459510000000,147.144714355
11460170000000,147.993865967
11460790000000,149.025161743
11461370000000,149.933563232
11461940000000,150.742538452
11462550000000,151.500366211
11463220000000,152.252304077
11463810000000,153.071487427
11464440000000,153.718902588
11465020000000,154.42817688
11465610000000,155.030197144
11466170000000,155.604293823
11466800000000,156.27243042
11467400000000,161.571456909
11468010000000,162.814819336
11468650000000,167.660842896
11469270000000,172.46736145
11469940000000,170.846862793
11470560000000,169.258331299
11471150000000,169.467727661
11471760000000,169.692489624
11472420000000,169.90133667
11472990000000,170.118103027
11473620000000,170.301681519
11474200000000,170.483428955
11474810000000,172.289413452
11475370000000,167.743560791
11475990000000,156.801010132
11476590000000,136.364822388
11477230000000,143.179244995
11477820000000,143.95350647
11478410000000,155.892089844
11479000000000,159.623321533
11479590000000,150.596542358
11480190000000,149.670043945
