
20018440000000,57.6207046509
20019010000000,59.9965705872
20019550000000,63.1348419189
20020080000000,66.3184432983
20020590000000,69.6745300293
20021120000000,72.2214202881
20021600000000,75.3055725098
20022140000000,78.8023452759
20022680000000,79.4015655518
20023180000000,83.6512527466
20023680000000,87.2938613892
20024170000000,90.9605941772
20024650000000,94.4722137451
20025100000000,97.9141769409
20025600000000,101.196807861
20026090000000,102.587745667
20026550000000,104.410545349
20026990000000,99.5649719238
20027430000000,93.235748291
20027860000000,91.3347091675
20028300000000,91.0354919434
20028750000000,81.37915802
20029210000000,65.6996612549
20029630000000,61.1897239685
20030080000000,63.9490585327
20030550000000,62.7641334534
20031010000000,55.5021400452
20031430000000,53.4034957886
20031900000000,49.5046691895
20032360000000,37.3504981995
20032810000000,28.4530677795
20033230000000,19.0663204193
20033670000000,3.0552611351
20034140000000,12.9046621323
20034590000000,12.8577003479
20035030000000,10.0938310623
20035450000000,10.9241085052
20035880000000,10.0331726074
20036290000000,10.6739292145
20036730000000,11.4061727524
20037180000000,13.3387451172
20037610000000,15.9864826202
20038050000000,19.507358551
20038480000000,23.4768695831
20038930000000,22.0505561829
20039360000000,10.810002327
20039790000000,3.13560199738
20040250000000,23.9375038147
20040690000000,46.6465797424
20041110000000,75.7580871582
20041570000000,104.941101074
20042000000000,134.125244141
20042430000000,150.941085815
20042880000000,151.170074463
20043320000000,119.248794556
20043750000000,118.365585327
20044180000000,126.796081543
20044630000000,133.854705811
20045070000000,146.299163818
20045520000000,171.370315552
20045970000000,161.578140259
20046410000000,144.304626465
20046820000000,141.526916504
20047250000000,147.245452881
20047700000000,157.170318604
20048140000000,159.16859436
20048560000000,160.734817505
20049020000000,161.962478638
20049440000000,163.240036011
20049890000000,165.111816406
20050310000000,167.931732178
20050740000000,178.70072937
20051150000000,161.879440308
20051590000000,145.117248535
20052020000000,140.331619263
20052450000000,142.319198608
20052870000000,143.559661865
20053310000000,144.554077148
20053740000000,145.033035278
20054150000000,137.803588867
20054560000000,123.851127625
20055000000000,103.942230225
20055420000000,83.1376724243
20055880000000,79.4702529907
20056280000000,81.8367004395
20056700000000,83.9167175293
20057110000000,86.1485595703
20057540000000,88.2208938599
20057990000000,91.5479812622
20058420000000,94.2840576172
20058880000000,97.8933486938
20059300000000,100.229240417
20059720000000,102.609321594
20060150000000,104.535476685
20060560000000,106.979385376
20060970000000,106.663322449
20061390000000,112.362174988
20061830000000,130.023803711
20062250000000,156.60597229
20062660000000,177.070999146
20063080000000,155.698669434
20063490000000,127.520439148
20063900000000,101.339599609
20064340000000,103.581260681
20064770000000,110.907951355
20065190000000,112.302955627
20065600000000,96.7183380127
20066030000000,90.7154998779
20066490000000,92.7111282349
20066910000000,94.9440002441
20067320000000,97.2045211792
20067730000000,101.424308777
20068130000000,104.703788757
20068550000000,107.734588623
20068960000000,111.368713379
20069380000000,117.015327454
20069830000000,123.323554993
20070240000000,124.504386902
20070660000000,126.29763031
20071070000000,127.846496582
20071490000000,129.916152954
20071960000000,132.12828064
20072380000000,138.817214966
20072800000000,146.159362793
20073210000000,148.427322388
20073630000000,149.148925781
20074050000000,149.918243408
20074480000000,150.237716675
20074890000000,149.605148315
20075320000000,149.91368103
20075710000000,150.683059692
20076120000000,149.32232666
20076530000000,147.437896729
20076940000000,147.255981445
20077370000000,147.423400879
20077760000000,147.858612061
20078170000000,148.624832153
20078590000000,149.178466797
20078990000000,148.962921143
20079400000000,149.052642822
20079810000000,149.600906372
20080210000000,149.474609375
20080640000000,149.436416626
20081050000000,149.327682495
20081450000000,149.128326416
20081840000000,149.270996094
20082240000000,148.367477417
20082680000000,148.039794922
20083070000000,147.554244995
20083470000000,147.799850464
20083860000000,148.784835815
20084270000000,149.255691528
20084670000000,149.692779541
20085080000000,150.597702026
20085520000000,150.901275635
20085910000000,151.646316528
20086340000000,152.319320679
20086760000000,152.874801636
20087180000000,153.683319092
20087600000000,154.234313965
20088010000000,157.175872803
20088440000000,166.91317749
20088870000000,172.716033936
20089270000000,172.399673462
20089690000000,173.248565674
20090100000000,177.023391724
20090520000000,178.906723022
20090940000000,172.908233643
20091340000000,160.121490479
20091740000000,159.524108887
20092150000000,159.792373657
20092550000000,160.044174194
20092960000000,160.306777954
20093420000000,160.554077148
20093840000000,160.831893921
20094240000000,161.077774048
20094660000000,160.737869263
20095060000000,157.11177063
20095480000000,157.857894897
20095880000000,157.586700439
20096300000000,155.514694214
20096710000000,151.948989868
20097130000000,149.276596069
20097530000000,149.491424561
20097930000000,149.992111206
20098350000000,150.336074829
20098730000000,151.143692017
20099150000000,150.758300781
20099570000000,151.157485962
20099990000000,151.470077515
20100430000000,151.777587891
20100850000000,152.082580566
20101280000000,151.963653564
20101710000000,151.945709229
