14380170000000,55.854057312
14380940000000,62.0001220703
14381680000000,66.826751709
14382420000000,71.3200378418
14383130000000,76.4175338745
14383840000000,82.2266387939
14384520000000,88.352394104
14385230000000,94.2446212769
14385910000000,90.7970657349
14386610000000,95.3196792603
14387290000000,85.4121627808
14387940000000,86.9382400513
14388620000000,68.2318725586
14389250000000,70.6955566406
14389890000000,72.293182373
14390540000000,57.7367744446
14391280000000,32.3566131592
14391920000000,31.9694633484
14392560000000,8.92826843262
14393180000000,1.8312972784
14393810000000,2.60496807098
14394450000000,3.23609089851
14395040000000,4.25728607178
14395690000000,5.80023908615
14396320000000,9.71780395508
14396980000000,19.4924869537
14397670000000,3.73655605316
14398340000000,66.3578338623
14398960000000,118.531784058
14399570000000,152.658905029
14400170000000,174.049346924
14400820000000,168.070541382
14401440000000,178.03604126
14402060000000,179.436203003
14402700000000,167.311813354
14403350000000,164.70880127
14403980000000,163.350662231
14404650000000,165.744979858
14405280000000,167.517807007
14405920000000,172.792617798
14406590000000,179.574630737
14407240000000,175.236236572
14407880000000,162.977828979
14408480000000,150.351165771
14409090000000,133.524581909
14409770000000,124.42199707
14410410000000,108.238334656
14411030000000,104.35294342
14411670000000,101.644271851
14412300000000,86.1707992554
14412930000000,85.155921936
14413540000000,88.5075531006
14414180000000,91.7126235962
14414900000000,94.9829483032
14415500000000,98.8028106689
14416100000000,101.807106018
14416710000000,105.245948792
14417370000000,132.234405518
14417970000000,178.15171814
14418580000000,150.579940796
14419230000000,121.325187683
14419820000000,116.827301025
14420440000000,95.5773086548
14421040000000,100.45980072
14421660000000,102.059768677
14422270000000,103.9504776
14422890000000,102.446083069
14423520000000,105.595169067
14424150000000,110.854248047
14424730000000,116.180175781
14425340000000,118.483917236
14425980000000,122.110877991
14426610000000,127.795295715
14427200000000,131.812713623
14427820000000,135.315383911
14428420000000,137.7681427
14429030000000,139.689727783
14429630000000,141.09513855
14430240000000,142.768722534
14430820000000,144.067047119
14431470000000,145.175933838
14432080000000,146.324462891
14432670000000,147.762619019
14433270000000,148.450302124
14433900000000,149.358901978
14434500000000,150.31690979
14435090000000,153.040588379
14435730000000,153.758743286
14436290000000,156.845321655
14436930000000,157.545684814
14437530000000,158.163543701
14438130000000,158.720611572
14438750000000,158.382507324
14439390000000,159.193893433
14440020000000,159.72984314
14440590000000,160.221008301
14441170000000,160.651199341
14441780000000,164.222335815
14442360000000,176.157241821
14443060000000,179.826782227
14443660000000,177.845535278
14444260000000,174.26914978
14444870000000,172.65562439
14445460000000,168.210983276
14446090000000,165.017120361
14446660000000,161.616485596
14447260000000,158.037918091
14447860000000,156.176422119
14448470000000,152.523117065
14449110000000,154.269256592
14449720000000,154.447433472
14450380000000,157.224487305
14450950000000,157.668701172
14451540000000,157.397613525
14452160000000,157.762786865
14452750000000,158.11756897
