
20672890000000,63.4550857544
20673430000000,69.1063537598
20673940000000,72.9867095947
20674440000000,74.9249267578
20674940000000,78.513343811
20675450000000,82.4738845825
20675950000000,86.5791397095
20676450000000,90.6903305054
20676930000000,94.8072433472
20677410000000,98.6873321533
20677870000000,102.549613953
20678340000000,106.075141907
20678790000000,109.187316895
20679270000000,106.370742798
20679710000000,97.5298690796
20680170000000,99.448677063
20680660000000,100.490257263
20681100000000,92.7839584351
20681570000000,74.6831665039
20682010000000,57.0401725769
20682440000000,55.1872329712
20682900000000,51.3076934814
20683340000000,48.9278869629
20683800000000,48.3098754883
20684240000000,41.6043281555
20684680000000,34.4067306519
20685100000000,29.0066013336
20685540000000,30.4146156311
20686070000000,32.7132720947
20686490000000,34.1797142029
20686950000000,25.4157028198
20687400000000,17.2547416687
20687870000000,17.8415050507
20688300000000,13.5655517578
20688750000000,3.49959111214
20689190000000,3.41076540947
20689610000000,3.68081068993
20690030000000,4.47335958481
20690480000000,5.55976390839
20690920000000,7.69246959686
20691370000000,12.0829811096
20691810000000,15.3322925568
20692260000000,7.65801811218
20692690000000,6.10401058197
20693120000000,25.9963493347
20693560000000,50.5118751526
20694000000000,82.935798645
20694440000000,89.8041000366
20694890000000,90.3108444214
20695320000000,122.88469696
20695760000000,144.332977295
20696190000000,155.643661499
20696620000000,164.433334351
20697080000000,167.433456421
20697530000000,172.945449829
20698000000000,175.964920044
20698430000000,175.168121338
20698880000000,163.026367188
20699300000000,138.748977661
20699750000000,136.859786987
20700210000000,142.521484375
20700650000000,148.433731079
20701100000000,152.099838257
20701550000000,155.25994873
20702000000000,158.508682251
20702440000000,166.065429688
20702860000000,174.203643799
20703310000000,178.200241089
20703730000000,176.682510376
20704150000000,170.320480347
20704580000000,167.424636841
20705030000000,168.016036987
20705480000000,168.129470825
20705930000000,165.551452637
20706360000000,162.993804932
20706800000000,152.879486084
20707230000000,141.828292847
20707660000000,135.372085571
20708080000000,137.400253296
20708520000000,136.402664185
20708960000000,120.863082886
20709370000000,101.41204071
20709830000000,87.1160430908
20710300000000,77.82056427
20710750000000,76.5996704102
20711150000000,77.2509689331
20711590000000,75.1622467041
20712010000000,73.670211792
20712420000000,76.2734298706
20712840000000,81.783744812
20713260000000,83.9114074707
20713690000000,86.0190429688
20714150000000,88.2556533813
20714560000000,90.7866287231
20714960000000,93.4677505493
20715400000000,95.0338592529
20715860000000,94.9380950928
20716290000000,99.1037521362
20716690000000,97.3715209961
20717150000000,107.822273254
20717560000000,138.957901001
20717980000000,159.434951782
20718420000000,177.007949829
20718850000000,152.534133911
20719260000000,132.423873901
20719670000000,109.139411926
20720110000000,100.933013916
20720540000000,103.752555847
20720950000000,104.718444824
20721370000000,104.989135742
20721780000000,104.953010559
20722190000000,99.9328613281
20722610000000,102.123138428
20723030000000,103.574234009
20723440000000,99.9425582886
20723840000000,101.93649292
20724270000000,103.706611633
20724690000000,105.465614319
20725120000000,107.374702454
20725560000000,109.156097412
20725980000000,111.058372498
20726400000000,114.87335968
20726840000000,120.16860199
20727260000000,121.499336243
20727660000000,123.210411072
20728070000000,125.23109436
20728510000000,127.317146301
20728920000000,132.528686523
20729340000000,137.215682983
20729790000000,138.68913269
20730210000000,139.763137817
20730620000000,140.749069214
20731020000000,141.712234497
20731410000000,142.582946777
20731830000000,143.374298096
20732220000000,144.222671509
20732650000000,144.984939575
20733060000000,145.790969849
20733480000000,146.540237427
20733880000000,147.267883301
20734280000000,147.932479858
20734700000000,148.582168579
20735130000000,149.219802856
20735510000000,149.854507446
20735940000000,150.400543213
20736370000000,151.01260376
20736780000000,151.573623657
20737180000000,152.114990234
20737590000000,152.613372803
20738020000000,153.09437561
20738500000000,153.603210449
20738910000000,154.13117981
20739300000000,154.564971924
20739730000000,154.983444214
20740140000000,155.346878052
20740560000000,155.799041748
20741000000000,156.234786987
20741390000000,156.62979126
20741790000000,156.978302002
20742190000000,157.308563232
20742590000000,157.650665283
20742990000000,157.992904663
20743430000000,158.275650024
20743850000000,158.656051636
20744260000000,159.318740845
20744700000000,167.556427002
20745190000000,179.368103027
20745610000000,174.859588623
20746030000000,173.717391968
20746440000000,173.961105347
20746840000000,174.044586182
20747280000000,174.056838989
20747730000000,173.781723022
20748150000000,174.110610962
20748570000000,173.597610474
20748980000000,172.268371582
20749390000000,167.192764282
20749850000000,162.309585571
20750280000000,157.345245361
20750690000000,153.468856812
20751100000000,152.09286499
20751500000000,152.298049927
20752030000000,151.946411133
20752440000000,152.264358521
20752860000000,152.052474976
20753250000000,152.158950806
20753690000000,145.270950317
20754140000000,139.572341919
20754570000000,140.071533203
20754980000000,139.764312744
20755410000000,139.930755615
20755860000000,139.588409424
20756300000000,139.7784729
20756710000000,139.956695557
20757160000000,138.510543823
