
20018440000000,26.434381485
20019010000000,27.0412845612
20019550000000,27.8427219391
20020080000000,28.641954422
20020590000000,29.4888324738
20021120000000,29.6184253693
20021600000000,30.1181793213
20022140000000,31.1895751953
20022680000000,29.6118392944
20023180000000,30.9179668427
20023680000000,31.9040985107
20024170000000,32.9514045715
20024650000000,34.012134552
20025100000000,35.1084594727
20025600000000,36.247756958
20026090000000,35.6301727295
20026550000000,35.8021469116
20026990000000,29.002696991
20027430000000,21.4748134613
20027860000000,17.7479228973
20028300000000,15.6071405411
20028750000000,3.93836641312
20029210000000,13.687746048
20029630000000,21.95470047
20030080000000,22.8870544434
20030550000000,27.6462802887
20031010000000,36.9092292786
20031430000000,40.9973220825
20031900000000,47.4984169006
20032360000000,64.1879348755
20032810000000,77.6447219849
20033230000000,91.4473266602
20033670000000,111.143623352
20034140000000,130.884506226
20034590000000,132.12739563
20035030000000,129.691223145
20035450000000,131.453353882
20035880000000,131.358978271
20036290000000,132.188278198
20036730000000,133.187332153
20037180000000,134.958740234
20037610000000,136.604263306
20038050000000,138.049499512
20038480000000,137.410964966
20038930000000,133.403930664
20039360000000,120.616767883
20039790000000,101.133605957
20040250000000,76.3998413086
20040690000000,56.3334236145
20041110000000,29.6841239929
20041570000000,0.0159073192626
20042000000000,28.2506599426
20042430000000,46.6685256958
20042880000000,45.6706581116
20043320000000,18.8125782013
20043750000000,8.81167602539
20044180000000,9.28748416901
20044630000000,9.68407249451
20045070000000,17.2186203003
20045520000000,37.7038612366
20045970000000,62.2543678284
20046410000000,81.0912322998
20046820000000,88.4810333252
20047250000000,88.2591094971
20047700000000,80.6217651367
20048140000000,82.6822814941
20048560000000,85.5148086548
20049020000000,88.1261062622
20049440000000,91.2809371948
20049890000000,92.8320159912
20050310000000,93.3067474365
20050740000000,85.0241851807
20051150000000,68.1200714111
20051590000000,53.4723815918
20052020000000,49.7588424683
20052450000000,52.3081054688
20052870000000,54.2647895813
20053310000000,56.1080589294
20053740000000,57.7308502197
20054150000000,51.9154777527
20054560000000,39.3512802124
20055000000000,20.674200058
20055420000000,0.709573924541
20055880000000,4.24301719666
20056280000000,4.58730554581
20056700000000,4.89259815216
20057110000000,5.22146224976
20057540000000,5.64886045456
20057990000000,5.11020994186
20058420000000,5.23872375488
20058880000000,3.90434861183
20059300000000,4.4003033638
20059720000000,4.59624528885
20060150000000,5.23408794403
20060560000000,5.90960073471
20060970000000,7.89437961578
20061390000000,1.71721291542
20061830000000,15.9325037003
20062250000000,37.1145553589
20062660000000,68.0867843628
20063080000000,85.8549499512
20063490000000,111.639175415
20063900000000,137.370193481
20064340000000,136.398651123
20064770000000,138.214355469
20065190000000,144.192367554
20065600000000,164.648193359
20066030000000,174.651824951
20066490000000,175.257476807
20066910000000,175.755187988
20067320000000,175.875183105
20067730000000,174.026046753
20068130000000,173.06741333
20068550000000,172.093521118
20068960000000,170.735748291
20069380000000,167.534362793
20069830000000,163.166213989
20070240000000,164.510787964
20070660000000,164.995681763
20071070000000,165.577331543
20071490000000,165.392242432
20071960000000,165.039672852
20072380000000,160.349029541
20072800000000,154.792633057
20073210000000,154.323776245
20073630000000,155.301086426
20074050000000,156.239120483
20074480000000,157.552780151
20074890000000,159.735076904
20075320000000,160.781860352
20075710000000,161.416015625
20076120000000,163.911087036
20076530000000,166.967453003
20076940000000,168.178115845
20077370000000,169.024993896
20077760000000,169.543304443
20078170000000,169.657577515
20078590000000,169.945724487
20078990000000,171.008605957
20079400000000,171.691009521
20079810000000,171.91217041
20080210000000,172.768585205
20080640000000,173.456359863
20081050000000,174.309524536
20081450000000,175.14213562
20081840000000,175.619812012
20082240000000,177.102844238
20082680000000,177.997924805
20083070000000,179.078323364
20083470000000,179.341903687
20083860000000,178.885635376
20084270000000,178.936172485
20084670000000,179.015045166
20085080000000,178.594161987
20085520000000,178.791885376
20085910000000,178.548797607
20086340000000,178.297058105
20086760000000,178.222198486
20087180000000,177.858200073
20087600000000,177.745178223
20088010000000,175.215988159
20088440000000,165.808517456
20088870000000,160.368835449
20089270000000,161.114990234
20089690000000,160.657180786
20090100000000,157.183959961
20090520000000,155.608627319
20090940000000,147.750473022
20091340000000,135.184677124
20091740000000,134.945175171
20092150000000,135.525405884
20092550000000,136.101287842
20092960000000,136.697952271
20093420000000,137.272735596
20093840000000,137.902236938
20094240000000,138.462661743
20094660000000,138.411529541
20095060000000,135.069076538
20095480000000,136.106536865
20095880000000,136.11000061
20096300000000,134.324127197
20096710000000,130.978866577
20097130000000,128.508026123
20097530000000,129.013122559
20097930000000,129.755966187
20098350000000,130.340682983
20098730000000,131.397201538
20099150000000,131.230255127
20099570000000,131.874130249
20099990000000,132.429092407
20100430000000,132.975494385
20100850000000,133.5262146
20101280000000,133.502655029
20101710000000,133.50062561
