14247690000000,56.816696167
14248410000000,62.3658866882
14249180000000,66.1957015991
14249930000000,70.1893157959
14250620000000,75.6964416504
14251360000000,81.0976638794
14252030000000,87.3115692139
14252690000000,92.608757019
14253360000000,97.6360778809
14254060000000,92.1571502686
14254700000000,93.6081695557
14255350000000,93.0228424072
14256060000000,97.1952209473
14256710000000,95.679069519
14257350000000,51.7227745056
14257960000000,51.240447998
14258610000000,24.2102069855
14259280000000,23.9154090881
14259900000000,21.752532959
14260500000000,3.04090714455
14261170000000,0.442047446966
14261800000000,0.5133715868
14262420000000,0.747656524181
14263060000000,0.494506448507
14263720000000,0.684641361237
14264310000000,0.927209973335
14264950000000,1.4307975769
14265620000000,3.23178339005
14266270000000,2.32930207253
14266870000000,53.1684608459
14267510000000,76.6418380737
14268130000000,125.229606628
14268800000000,162.270843506
14269450000000,167.186401367
14270110000000,172.723007202
14270730000000,173.929275513
14271360000000,174.831878662
14272020000000,171.478897095
14272630000000,163.166549683
14273290000000,163.224563599
14273900000000,169.447525024
14274530000000,171.62361145
14275170000000,173.889846802
14275810000000,171.396820068
14276450000000,168.275405884
14277110000000,157.658203125
14277760000000,149.610458374
14278380000000,144.041320801
14278980000000,141.109069824
14279580000000,128.54876709
14280180000000,107.377593994
14280770000000,106.058273315
14281370000000,95.7267303467
14281970000000,83.2213745117
14282590000000,83.9279556274
14283270000000,85.2108154297
14283880000000,88.7386627197
14284550000000,91.8358306885
14285130000000,95.0635910034
14285740000000,97.8505859375
14286370000000,100.719688416
14287000000000,114.838874817
14287650000000,152.903945923
14288240000000,160.209243774
14288850000000,117.492668152
14289450000000,104.631835938
14290070000000,107.000930786
14290680000000,104.196365356
14291260000000,100.638122559
14291910000000,103.28452301
14292520000000,106.473052979
14293140000000,112.037696838
14293780000000,114.7527771
14294400000000,117.448455811
14294990000000,120.106468201
14295610000000,122.243911743
14296190000000,126.556442261
14296830000000,128.676315308
14297400000000,137.458114624
14298010000000,138.921417236
14298600000000,140.464950562
14299200000000,141.776794434
14299910000000,144.245178223
14300470000000,145.568984985
14301070000000,147.060165405
14301650000000,148.112243652
14302250000000,149.889968872
14302820000000,151.664398193
14303390000000,154.687408447
14303980000000,155.580322266
14304610000000,156.246063232
14305190000000,156.958389282
14305770000000,157.56842041
14306500000000,158.148468018
14307120000000,158.818313599
14307680000000,159.37059021
14308270000000,159.902709961
14308880000000,160.35383606
14309470000000,160.813995361
14310060000000,161.781600952
14310680000000,168.248352051
14311270000000,171.011154175
14311860000000,176.480377197
14312470000000,177.308898926
14313100000000,173.040145874
14313720000000,171.191833496
14314370000000,172.739837646
14314980000000,170.311187744
14315650000000,167.2762146
14316250000000,162.354721069
14316870000000,160.569656372
14317450000000,161.088607788
14318020000000,161.241287231
14318640000000,158.027130127
14319230000000,151.743728638
14319820000000,152.32208252
14320460000000,152.73600769
14321030000000,150.606109619
14321630000000,148.192123413
