
20199360000000,43.1111373901
20199910000000,41.6084289551
20200450000000,42.216632843
20200970000000,43.0869789124
20201480000000,43.6198234558
20202040000000,45.6706962585
20202540000000,43.4980430603
20203030000000,43.9772987366
20203560000000,44.5451774597
20204070000000,45.172077179
20204550000000,45.7554016113
20205010000000,46.3427505493
20205490000000,47.0207138062
20205960000000,56.38829422
20206420000000,64.9071807861
20206910000000,65.7276153564
20207380000000,69.1381607056
20207830000000,84.1402053833
20208280000000,102.956565857
20208720000000,127.076499939
20209170000000,143.89616394
20209590000000,146.358428955
20210030000000,144.586685181
20210490000000,145.298812866
20210940000000,145.918014526
20211350000000,147.880859375
20211820000000,153.0965271
20212270000000,160.039810181
20212690000000,168.729049683
20213150000000,177.678909302
20213600000000,174.201507568
20214070000000,166.992431641
20214510000000,165.363082886
20214990000000,164.345611572
20215430000000,158.489517212
20215890000000,147.481643677
20216350000000,135.426147461
20216800000000,134.779693604
20217240000000,139.697372437
20217670000000,146.735733032
20218110000000,158.937561035
20218590000000,168.801071167
20219020000000,166.04083252
20219460000000,143.054733276
20219880000000,118.022834778
20220320000000,91.6225738525
20220750000000,67.4555358887
20221200000000,46.1760368347
20221650000000,22.0655441284
20222100000000,13.9903964996
20222580000000,16.2515964508
20223000000000,25.6337413788
20223430000000,36.8314971924
20223870000000,47.6482124329
20224290000000,47.4059104919
20224760000000,48.0321044922
20225230000000,46.6331748962
20225690000000,43.8765144348
20226160000000,24.4177799225
20226610000000,7.46061372757
20227040000000,14.3150730133
20227490000000,14.7570285797
20227940000000,15.5950164795
20228370000000,15.9255418777
20228800000000,16.0928268433
20229250000000,15.7176322937
20229720000000,14.3952331543
20230160000000,8.22880268097
20230590000000,0.798842310905
20231030000000,11.1750392914
20231490000000,21.8543567657
20231920000000,32.5881156921
20232350000000,43.3081855774
20232810000000,43.2165107727
20233250000000,43.8571472168
20233700000000,47.0896644592
20234110000000,60.779045105
20234540000000,76.1911468506
20234950000000,83.3972015381
20235390000000,86.4489135742
20235800000000,96.8045959473
20236220000000,113.920166016
20236650000000,131.504577637
20237080000000,135.156921387
20237540000000,135.746856689
20237960000000,136.329727173
20238370000000,136.865005493
20238780000000,137.369003296
20239180000000,137.890686035
20239580000000,138.381896973
20240010000000,138.845672607
20240460000000,139.349472046
20240870000000,139.8855896
20241370000000,140.333511353
20241800000000,140.877670288
20242240000000,141.3384552
20242650000000,141.149093628
20243070000000,139.912948608
20243530000000,130.158660889
20243990000000,107.311454773
20244410000000,83.5596466064
20244830000000,57.3809890747
20245240000000,32.4717521667
20245670000000,11.2635154724
20246090000000,16.6052188873
20246480000000,17.858259201
20246930000000,18.0624580383
20247360000000,19.5143566132
20247790000000,22.8013324738
20248250000000,22.9127922058
20248670000000,23.2511005402
20249090000000,23.5643024445
20249500000000,32.3709945679
20249910000000,34.6409721375
20250360000000,34.5159873962
20250810000000,35.2737388611
20251220000000,34.0204200745
20251620000000,28.1098899841
20252050000000,23.8730583191
20252470000000,24.5800437927
20252880000000,24.8401947021
20253300000000,25.233795166
20253740000000,25.6143054962
20254160000000,25.9888725281
20254570000000,26.1893024445
20254980000000,26.4944000244
20255410000000,26.0315856934
20255840000000,24.445186615
20256240000000,19.178062439
20256650000000,18.446598053
20257080000000,18.7453460693
20257520000000,19.1259326935
20257970000000,19.494764328
20258370000000,19.9144115448
20258780000000,20.3092441559
20259180000000,20.7052307129
20259620000000,21.0954036713
20260050000000,21.5636978149
20260490000000,21.9973468781
20260880000000,22.4784526825
20261280000000,22.9328575134
20261710000000,23.3816928864
20262110000000,23.9269428253
20262540000000,24.4389801025
20262940000000,25.0266551971
20263360000000,25.594083786
20263840000000,26.1756248474
20264260000000,26.907995224
20264690000000,27.6144943237
20265110000000,28.4526519775
20265500000000,29.1152992249
20265900000000,29.8561706543
20266350000000,30.6339626312
20266750000000,31.5288963318
20267180000000,32.3814811707
20267570000000,33.3697433472
20267970000000,34.2640609741
20268370000000,35.2528457642
20268810000000,36.2926177979
20269200000000,37.5171432495
20269630000000,38.6725158691
20270130000000,37.2743148804
20270580000000,35.0050086975
20270990000000,32.0267944336
20271420000000,22.6786746979
20271830000000,9.67319583893
20272250000000,6.59573841095
20272680000000,9.00493335724
20273070000000,8.90044307709
20273440000000,9.30347537994
20273850000000,9.69237613678
20274270000000,10.1763448715
20274660000000,10.709528923
20275090000000,11.2173595428
20275500000000,10.2195224762
20275910000000,11.6790399551
20276360000000,11.1551599503
20276770000000,11.3652858734
20277240000000,10.7713670731
20277660000000,6.66848802567
20278080000000,3.33347439766
20278510000000,0.223156228662
20278920000000,4.840072155
20279350000000,12.2806100845
20279800000000,16.7544631958
20280220000000,12.2943477631
20280640000000,15.0362319946
20281080000000,16.0332736969
20281510000000,19.2884368896
20281910000000,23.0806045532
20282350000000,28.5919322968
