13813060000000,51.0656089783
13813810000000,51.9375114441
13814550000000,53.3573989868
13815310000000,53.053150177
13816020000000,54.1486930847
13816760000000,55.1698417664
13817460000000,56.2235221863
13818130000000,57.2317733765
13818820000000,58.2182884216
13819510000000,67.0423660278
13820150000000,72.5766983032
13820800000000,79.3393630981
13821480000000,97.4553604126
13822120000000,120.363021851
13822770000000,146.682571411
13823460000000,147.683380127
13824080000000,173.084136963
13824730000000,153.506591797
13825360000000,153.994567871
13825990000000,154.428817749
13826660000000,154.892456055
13827280000000,155.337127686
13827920000000,155.732589722
13828570000000,156.147369385
13829210000000,156.503799438
13829850000000,156.973251343
13830500000000,177.301071167
13831150000000,144.326721191
13831800000000,107.632965088
13832440000000,80.1196517944
13833080000000,42.4593162537
13833700000000,21.2984962463
13834340000000,23.4635868073
13834980000000,23.538854599
13835650000000,21.4824333191
13836250000000,10.5687475204
13836860000000,1.57871162891
13837510000000,1.68547070026
13838130000000,1.71485948563
13838760000000,2.48871636391
13839390000000,5.99432706833
13840040000000,7.343791008
13840670000000,16.9666137695
13841310000000,29.0426235199
13841920000000,41.6147270203
13842560000000,56.5702857971
13843220000000,67.2836456299
13843840000000,76.2979278564
13844490000000,89.854133606
13845090000000,107.91910553
13845720000000,125.212409973
13846330000000,133.732223511
13846940000000,134.172897339
13847560000000,134.959411621
13848160000000,135.785522461
13848750000000,136.512039185
13849350000000,137.214660645
13850000000000,137.463897705
13850610000000,114.690544128
13851240000000,77.4959564209
13851870000000,44.0295448303
13852480000000,9.12466335297
13853080000000,3.55808615685
13853660000000,19.4342765808
13854280000000,27.8525276184
13854880000000,28.4066028595
13855460000000,29.021736145
13856050000000,29.5499305725
13856700000000,30.0057964325
13857310000000,23.3746185303
13857900000000,30.5245933533
13858520000000,29.1196250916
13859140000000,24.8697891235
13859750000000,25.4720592499
13860370000000,24.6142635345
13860950000000,24.8459949493
13861540000000,24.2037887573
13862140000000,22.4577064514
13862710000000,22.5414829254
13863320000000,23.0888557434
13863950000000,23.7131309509
13864560000000,24.3970603943
13865160000000,25.0522689819
13865780000000,25.8091163635
13866410000000,26.5949687958
13866980000000,27.3895168304
13867560000000,25.4584770203
13868180000000,26.3437137604
13868760000000,27.1355724335
13869350000000,27.3138408661
13869970000000,28.332075119
13870560000000,29.3918685913
13871170000000,29.8128204346
13871830000000,24.6460704803
13872410000000,25.7621994019
13873020000000,26.7774047852
13873610000000,27.8116397858
13874200000000,28.7034263611
13874800000000,24.8480319977
13875400000000,22.2798080444
13875980000000,23.4100112915
13876610000000,24.5291881561
13877190000000,17.5865631104
13877820000000,2.74447965622
13878420000000,3.94117474556
13878990000000,4.21029996872
13879590000000,4.50348758698
13880200000000,4.55799722672
13880790000000,4.79095697403
13881410000000,5.37371397018
13881970000000,6.24957895279
13882550000000,6.87547302246
13883180000000,7.82253456116
13883800000000,12.398519516
13884380000000,22.8027973175
13885000000000,27.0134220123
13885600000000,34.1919898987
13886190000000,44.9501914978
