
12983490000000,52.615940094
12984260000000,52.6158943176
12985030000000,52.6158866882
12985750000000,54.1323699951
12986520000000,52.9753074646
12987300000000,52.9749908447
12987970000000,54.0311088562
12988660000000,55.0035552979
12989340000000,59.431804657
12990010000000,73.0678253174
12990670000000,80.8696136475
12991300000000,81.7969360352
12991980000000,83.0188751221
12992640000000,85.5119171143
12993280000000,103.110832214
12993970000000,124.450119019
12994610000000,143.557617188
12995260000000,160.214614868
12995900000000,169.527618408
12996550000000,179.162719727
12997190000000,166.835952759
12997820000000,156.813446045
12998460000000,153.338439941
12999100000000,153.080993652
12999710000000,152.002960205
13000350000000,152.215148926
13001030000000,152.683059692
13001670000000,154.996047974
13002290000000,179.829269409
13002930000000,135.254928589
13003590000000,99.3756790161
13004260000000,60.7808876038
13004870000000,43.70129776
13005490000000,37.3946685791
13006110000000,27.6602306366
13006770000000,18.1594905853
13007440000000,1.85978138447
13008080000000,2.72840857506
13008730000000,2.73165106773
13009340000000,2.84718418121
13010010000000,2.89263415337
13010620000000,2.95310592651
13011270000000,2.37886404991
13011910000000,8.49222183228
13012570000000,18.0452289581
13013210000000,26.416967392
13013850000000,33.7843589783
13014460000000,40.6186065674
13015110000000,52.7798194885
13015750000000,73.7348556519
13016380000000,86.1224594116
13017000000000,93.099281311
13017650000000,99.2164611816
13018240000000,119.375305176
13018850000000,144.710296631
13019450000000,151.667251587
13020080000000,152.204605103
13020710000000,152.771087646
13021290000000,153.292602539
13021930000000,151.732147217
13022550000000,141.968795776
13023190000000,136.518844604
13023800000000,131.808807373
13024430000000,112.964118958
13025080000000,92.3219604492
13025690000000,55.8567962646
13026280000000,20.9455337524
13026920000000,14.4820718765
13027550000000,57.8130836487
13028200000000,64.4216690063
13028800000000,61.5979042053
13029430000000,46.0701293945
13030050000000,31.4069404602
13030680000000,32.2414016724
13031310000000,32.9346733093
13031930000000,29.0715484619
13032540000000,27.5012378693
13033160000000,28.1091175079
13033750000000,28.7204856873
13034390000000,29.3638153076
13035000000000,29.73985672
13035570000000,27.8473110199
13036180000000,28.2003746033
13036800000000,28.803062439
13037410000000,29.0700359344
13038020000000,26.3214988708
13038610000000,16.9428405762
13039220000000,17.1101360321
13039830000000,17.5857982635
13040430000000,18.0799369812
13041030000000,18.6247138977
13041650000000,19.1611366272
13042250000000,19.7675685883
13042840000000,20.4042053223
13043430000000,21.0834827423
13044060000000,21.7931079865
13044640000000,22.534160614
13045260000000,23.3574104309
13045910000000,24.2065563202
13046500000000,25.2135410309
13047110000000,26.182138443
13047740000000,27.2242832184
13048320000000,28.4764461517
13048940000000,29.6453819275
13049540000000,31.0104045868
13050160000000,27.0628929138
13050750000000,23.2780056
13051350000000,24.5609092712
13051940000000,24.5340328217
13052560000000,12.9893474579
13053150000000,10.9521942139
13053770000000,11.6873664856
13054340000000,11.5372304916
13054930000000,2.37957954407
13055550000000,2.92939019203
13056160000000,2.91054916382
13056780000000,2.73157072067
13057370000000,2.42689609528
13057960000000,2.7087624073
13058550000000,2.59546542168
13059120000000,0.165440753102
13059700000000,3.94866394997
13060340000000,12.0292129517
13060940000000,25.3271045685
13061550000000,25.9439926147
13062200000000,25.7006378174
13062820000000,25.7042598724
