11406630000000,9.95519733429
11407390000000,9.65083217621
11408130000000,9.31102180481
11408860000000,8.93840122223
11409570000000,8.58321094513
11410290000000,8.22904586792
11410970000000,7.86915922165
11411650000000,7.53628778458
11412300000000,7.20055341721
11412990000000,6.88497591019
11413640000000,6.60979175568
11414270000000,6.34950017929
11414910000000,6.17786693573
11415550000000,6.12299966812
11416210000000,6.13322687149
11416800000000,6.34431838989
11417460000000,6.64051914215
11418150000000,6.92878818512
11418760000000,7.33212566376
11419370000000,7.68690395355
11420040000000,8.00749969482
11420670000000,8.30927753448
11421290000000,8.63467025757
11421970000000,8.95172786713
11422590000000,9.26671695709
11423230000000,9.56586837769
11423890000000,9.61526489258
11424550000000,9.54238605499
11425180000000,9.51172351837
11425790000000,9.42907810211
11426440000000,9.47546577454
11427070000000,9.18250083923
11427740000000,8.85360050201
11428410000000,8.3993730545
11429040000000,8.02841663361
11429680000000,7.72620439529
11430310000000,7.40384531021
11430950000000,7.12515115738
11431620000000,6.78184843063
11432270000000,6.46064567566
11432910000000,6.14039945602
11433550000000,5.86471652985
11434160000000,5.51855230331
11434790000000,5.15346860886
11435400000000,4.95845127106
11436010000000,4.67526817322
11436620000000,4.32377004623
11437240000000,4.01553297043
11437840000000,3.67822766304
11438550000000,3.29772520065
11439150000000,3.06527304649
11439740000000,2.91747307777
11440350000000,2.64867568016
11441000000000,2.40027213097
11441610000000,2.17426252365
11442200000000,1.8548527956
11442810000000,1.56126868725
11443510000000,1.2792468071
11444120000000,1.04486095905
11444750000000,0.919936299324
11445410000000,0.844118237495
11446040000000,0.85302644968
11446670000000,1.05719316006
11447280000000,1.32981848717
11447890000000,1.6350351572
11448550000000,1.93353009224
11449160000000,2.25385689735
11449780000000,2.55259442329
11450370000000,2.83659482002
11451020000000,3.13329696655
11451690000000,3.46345829964
11452300000000,3.78586530685
11452900000000,4.08188295364
11453500000000,4.38325309753
11454080000000,4.67782306671
11454690000000,5.00931930542
11455300000000,5.31876182556
11455880000000,5.62656831741
11456440000000,5.91437005997
11457120000000,6.18303918839
11457730000000,6.528860569
11458300000000,6.82820606232
11458910000000,7.10327959061
11459510000000,7.42438030243
11460170000000,7.70324230194
11460790000000,8.03208732605
11461370000000,8.3668012619
11461940000000,8.63331222534
11462550000000,8.92276000977
11463220000000,9.22659873962
11463810000000,9.57614612579
11464440000000,9.84129047394
11465020000000,10.1731472015
11465610000000,10.4803524017
11466170000000,10.7621774673
11466800000000,11.0505018234
11467400000000,11.3215446472
11468010000000,11.610575676
11468650000000,11.8243045807
11469270000000,12.0761117935
11469940000000,12.3622140884
11470560000000,12.690776825
11471150000000,13.0177536011
11471760000000,13.3148317337
11472420000000,13.6347103119
11472990000000,13.9496440887
11473620000000,14.2401437759
11474210000000,14.5534887314
11474810000000,14.8618221283
11475370000000,15.1425476074
11475990000000,15.3551101685
11476590000000,15.6117076874
11477230000000,15.8682689667
11477820000000,16.1293830872
11478420000000,16.48097229
11479000000000,16.7961673737
11479590000000,17.0915470123
11480190000000,17.3751678467
