
12983490000000,9.68484401703
12984260000000,9.68481636047
12985030000000,9.68478965759
12985750000000,9.64509868622
12986520000000,9.32624912262
12987300000000,8.95883750916
12987970000000,8.57263278961
12988660000000,8.24315261841
12989340000000,7.91854476929
12990010000000,7.59482288361
12990670000000,7.34358406067
12991300000000,7.07018852234
12991980000000,6.81371736526
12992640000000,6.55541467667
12993280000000,6.36470127106
12993970000000,6.21692466736
12994610000000,6.39882707596
12995260000000,6.66914510727
12995900000000,6.97393131256
12996550000000,7.30423641205
12997190000000,7.60195875168
12997820000000,7.90179347992
12998460000000,8.22426223755
12999100000000,8.53669929504
12999710000000,8.82446575165
13000350000000,9.10129833221
13001030000000,9.40198230743
13001670000000,9.75003147125
13002290000000,9.80234718323
13002930000000,9.80308151245
13003590000000,9.80383205414
13004260000000,9.59685993195
13004870000000,9.28528785706
13005490000000,8.99757575989
13006110000000,8.72404003143
13006770000000,8.44264698029
13007440000000,8.19136428833
13008080000000,7.85906505585
13008730000000,7.58412742615
13009340000000,7.20925283432
13010010000000,6.83397912979
13010620000000,6.47529268265
13011270000000,6.20621156693
13011910000000,5.88989830017
13012570000000,5.58296775818
13013210000000,5.27283000946
13013850000000,4.92828416824
13014460000000,4.64117670059
13015110000000,4.37199926376
13015750000000,4.14842033386
13016380000000,3.84538412094
13017000000000,3.57081985474
13017650000000,3.35960030556
13018240000000,3.14318037033
13018850000000,2.91833925247
13019450000000,2.60045981407
13020080000000,2.30652689934
13020710000000,1.99348390102
13021290000000,1.67546486855
13021930000000,1.37881708145
13022550000000,1.05722010136
13023190000000,0.770946145058
13023800000000,0.644175767899
13024430000000,0.65451169014
13025080000000,0.716372013092
13025690000000,0.842479944229
13026280000000,0.945111095905
13026920000000,0.99049115181
13027550000000,1.09401762486
13028200000000,1.31800472736
13028800000000,1.54619550705
13029430000000,1.80368340015
13030050000000,2.0839574337
13030680000000,2.39541363716
13031310000000,2.69503426552
13031930000000,3.01896548271
13032540000000,3.32904267311
13033160000000,3.63650560379
13033750000000,3.9301700592
13034390000000,4.22849941254
13035000000000,4.54757165909
13035570000000,4.83314228058
13036180000000,5.11238098145
13036800000000,5.41999101639
13037410000000,5.71282815933
13038020000000,6.03042697906
13038610000000,6.31876373291
13039220000000,6.58493852615
13039830000000,6.88531160355
13040430000000,7.19204425812
13041030000000,7.48748111725
13041650000000,7.77611923218
13042250000000,8.08077049255
13042840000000,8.37352275848
13043430000000,8.65036678314
13044060000000,8.93975543976
13044640000000,9.25416946411
13045260000000,9.53565216064
13045910000000,9.841796875
13046500000000,10.1699514389
13047110000000,10.4574069977
13047740000000,10.7463903427
13048320000000,11.0519475937
13048940000000,11.3601541519
13049540000000,11.6518545151
13050160000000,11.9654378891
13050750000000,12.2503023148
13051350000000,12.6006965637
13051940000000,12.8805513382
13052560000000,13.1522808075
13053150000000,13.4424123764
13053770000000,13.7488336563
13054340000000,14.0705928802
13054930000000,14.3719902039
13055550000000,14.6394300461
13056160000000,14.9610805511
13056780000000,15.2744884491
13057370000000,15.543296814
13057960000000,15.8342990875
13058550000000,16.1180648804
13059120000000,16.3925361633
13059700000000,16.6549472809
13060340000000,16.9312496185
13060940000000,17.2225074768
13061550000000,17.4327640533
13062200000000,17.4380970001
13062820000000,17.4380493164
