11548040000000,9.59407711029
11548770000000,9.23364830017
11549470000000,8.90556526184
11550160000000,8.54504203796
11550850000000,8.2214422226
11551510000000,7.87063455582
11552240000000,7.53846359253
11552910000000,7.12570285797
11553560000000,6.8287935257
11554200000000,6.59720182419
11554820000000,6.40391302109
11555460000000,6.22434616089
11556110000000,6.25310707092
11556750000000,6.4344587326
11557350000000,6.68073940277
11557980000000,6.95105457306
11558630000000,7.20138311386
11559230000000,7.55149745941
11559860000000,7.87142896652
11560480000000,8.16020965576
11561150000000,8.53239631653
11561760000000,8.8594455719
11562390000000,9.1524772644
11563020000000,9.44875431061
11563670000000,9.63170528412
11564310000000,9.69213199615
11564950000000,9.75072479248
11565590000000,9.67831230164
11566260000000,9.39008903503
11566880000000,9.05834007263
11567520000000,8.75888442993
11568120000000,8.44041728973
11568720000000,8.1441078186
11569340000000,7.8315320015
11569980000000,7.51471567154
11570600000000,7.17095565796
11571250000000,6.84963989258
11571850000000,6.50980901718
11572530000000,6.27272224426
11573130000000,5.96962356567
11573760000000,5.69835710526
11574370000000,5.37741661072
11575040000000,5.07083749771
11575630000000,4.70283937454
11576240000000,4.33288764954
11576880000000,3.99383616447
11577500000000,3.59110641479
11578100000000,3.20843958855
11578690000000,2.85365700722
11579290000000,2.55488920212
11579930000000,2.25249934196
11580550000000,1.96630060673
11581160000000,1.70542263985
11581750000000,1.41953194141
11582440000000,1.18647933006
11583030000000,0.897729575634
11583610000000,0.637727677822
11584250000000,0.366173863411
11584870000000,0.204218521714
11585490000000,0.359477102757
11586120000000,0.674175202847
11586750000000,1.0111117363
11587400000000,1.35573303699
11588020000000,1.66320669651
11588630000000,1.96073389053
11589290000000,2.26241540909
11589890000000,2.60062551498
11590510000000,2.89457988739
11591130000000,3.21196579933
11591790000000,3.50200390816
11592400000000,3.79062056541
11592990000000,4.09518909454
11593600000000,4.38554334641
11594250000000,4.7115111351
11594900000000,5.02128696442
11595510000000,5.34343957901
11596120000000,5.65058898926
11596720000000,5.96201515198
11597390000000,6.27128696442
11598010000000,6.57416534424
11598630000000,6.88554906845
11599200000000,7.20477819443
11599800000000,7.50292015076
11600380000000,7.80902767181
11600980000000,8.07042312622
11601570000000,8.38001537323
11602190000000,8.6609954834
11602780000000,8.96231842041
11603400000000,9.27678108215
11604010000000,9.56802082062
11604580000000,9.8802022934
11605210000000,10.1590585709
11605800000000,10.4681186676
11606380000000,10.7706604004
11607000000000,11.0657119751
11607610000000,11.369597435
11608220000000,11.6399612427
11608810000000,11.9315299988
11609400000000,12.1978340149
11610010000000,12.4942646027
11610660000000,12.7698812485
11611260000000,13.102265358
11611840000000,13.3858070374
11612440000000,13.6791410446
11613070000000,13.9907026291
11613670000000,14.2980051041
11614290000000,14.5821428299
11614880000000,14.8675050735
11615460000000,15.1708469391
11616110000000,15.4160871506
11616710000000,15.7055625916
11617310000000,15.9886627197
11617920000000,16.2561035156
11618510000000,16.5511207581
11619130000000,16.8211193085
11619760000000,17.1458129883
