14380170000000,10.2282905579
14380940000000,9.84762859344
14381680000000,9.51391506195
14382420000000,9.12069511414
14383130000000,8.76126098633
14383840000000,8.44347190857
14384520000000,8.08271980286
14385230000000,7.74195480347
14385910000000,7.4074678421
14386610000000,7.09825181961
14387290000000,6.82818174362
14387940000000,6.59275579453
14388620000000,6.56726551056
14389250000000,6.51807641983
14389890000000,6.57016324997
14390540000000,6.69252252579
14391280000000,6.83832788467
14391920000000,7.24848270416
14392560000000,7.54139852524
14393180000000,7.84341478348
14393810000000,8.10997772217
14394450000000,8.44415569305
14395040000000,8.73619270325
14395690000000,9.03604125977
14396320000000,9.34283733368
14396980000000,9.60569381714
14397670000000,9.45873451233
14398340000000,9.32037734985
14398960000000,9.12713336945
14399570000000,9.08633041382
14400170000000,8.75351238251
14400820000000,8.50246715546
14401440000000,8.25569915771
14402060000000,7.94835090637
14402700000000,7.64891719818
14403350000000,7.32319259644
14403980000000,6.97025299072
14404650000000,6.61596393585
14405280000000,6.2879357338
14405920000000,5.96089982986
14406590000000,5.70294570923
14407240000000,5.32779932022
14407880000000,4.98568725586
14408480000000,4.63321018219
14409090000000,4.35251808167
14409770000000,4.0277223587
14410410000000,3.82101845741
14411030000000,3.44159984589
14411670000000,3.06874394417
14412300000000,2.82853460312
14412930000000,2.52833414078
14413540000000,2.20667028427
14414180000000,1.88730072975
14414900000000,1.59002745152
14415500000000,1.21939432621
14416100000000,0.930572807789
14416710000000,0.641945719719
14417370000000,0.597518801689
14417970000000,0.643847584724
14418580000000,0.600963950157
14419230000000,0.71797144413
14419820000000,0.94584852457
14420440000000,1.19786572456
14421040000000,1.5146856308
14421660000000,1.82586681843
14422270000000,2.12340116501
14422890000000,2.44592571259
14423520000000,2.74633765221
14424150000000,3.06256866455
14424730000000,3.38613414764
14425340000000,3.65849232674
14425980000000,3.98640584946
14426610000000,4.2996468544
14427200000000,4.60543060303
14427820000000,4.87405204773
14428420000000,5.19221735001
14429030000000,5.48616790771
14429630000000,5.79739189148
14430240000000,6.09150362015
14430820000000,6.39796352386
14431470000000,6.68782711029
14432080000000,7.00460863113
14432670000000,7.32074069977
14433270000000,7.60178470612
14433900000000,7.89094638824
14434500000000,8.22692394257
14435090000000,8.50244522095
14435730000000,8.78397941589
14436290000000,9.10984897614
14436930000000,9.39227962494
14437530000000,9.72298336029
14438130000000,10.0270719528
14438750000000,10.3299007416
14439390000000,10.6298332214
14440030000000,10.9519844055
14440590000000,11.2843675613
14441170000000,11.5577964783
14441780000000,11.8498239517
14442360000000,12.1810855865
14443060000000,12.4994535446
14443660000000,12.8704967499
14444260000000,13.1931848526
14444870000000,13.5073804855
14445460000000,13.7592430115
14446090000000,14.031586647
14446660000000,14.3524017334
14447260000000,14.5825004578
14447860000000,14.8940153122
14448470000000,15.2134771347
14449110000000,15.5606985092
14449720000000,15.85521698
14450380000000,16.1958351135
14450950000000,16.5154418945
14451540000000,16.8048629761
14452160000000,17.1140594482
14452750000000,17.4466915131
