
12983490000000,8.04921150208
12984260000000,8.04918193817
12985030000000,8.04915523529
12985750000000,8.02599048615
12986520000000,7.70833492279
12987300000000,7.3328537941
12987970000000,6.96548175812
12988660000000,6.62871074677
12989340000000,6.31993627548
12990010000000,5.99290275574
12990670000000,5.69679832458
12991300000000,5.37389278412
12991980000000,5.03233528137
12992640000000,4.63196325302
12993280000000,4.35016107559
12993970000000,3.98519229889
12994610000000,3.52833628654
12995260000000,3.18519568443
12995900000000,2.8708782196
12996550000000,2.55850219727
12997190000000,2.27621912956
12997820000000,1.98644077778
12998460000000,1.67165970802
12999100000000,1.37711000443
12999710000000,1.0719165802
13000350000000,0.784156501293
13000930000000,0.482798069715
13001670000000,0.205337628722
13002290000000,0.122096963227
13002930000000,0.084689989686
13003590000000,0.0552396923304
13004260000000,0.287318527699
13004870000000,0.608062326908
13005490000000,0.912708103657
13006110000000,1.1946747303
13006770000000,1.49002206326
13007440000000,1.73261129856
13008080000000,1.99061882496
13008730000000,2.29486346245
13009340000000,2.66204166412
13010010000000,3.0224545002
13010620000000,3.44799470901
13011270000000,3.72586727142
13011910000000,4.0513882637
13012570000000,4.3274974823
13013210000000,4.59173059464
13013850000000,4.9226937294
13014460000000,5.25524997711
13015110000000,5.54772806168
13015750000000,5.87119722366
13016380000000,6.17287254333
13017000000000,6.5059504509
13017650000000,6.80047225952
13018240000000,7.11278867722
13018850000000,7.39786481857
13019450000000,7.54400920868
13020080000000,7.77785205841
13020710000000,8.00978946686
13021290000000,8.27679157257
13021930000000,8.56658172607
13022730000000,8.87732219696
13023190000000,9.14159965515
13023800000000,9.28886604309
13024430000000,9.44157123566
13025080000000,9.42911434174
13025690000000,9.40387630463
13026280000000,9.25558757782
13026920000000,9.12602806091
13027550000000,8.9147977829
13028200000000,8.62124347687
13028800000000,8.34528923035
13029430000000,8.07084751129
13030050000000,7.78240776062
13030680000000,7.48523235321
13031310000000,7.23665189743
13031930000000,6.96325397491
13032540000000,6.83562898636
13033160000000,6.78811836243
13033750000000,6.78274297714
13034390000000,6.86010789871
13035000000000,6.97859144211
13035570000000,7.1277680397
13036180000000,7.29784917831
13036800000000,7.50343132019
13037410000000,7.75260448456
13038020000000,8.01745796204
13038610000000,8.32184314728
13039220000000,8.6071434021
13039830000000,8.89688301086
13040430000000,9.24074745178
13041030000000,9.50951194763
13041650000000,9.84576320648
13042250000000,10.1558446884
13042840000000,10.4356050491
13043430000000,10.720448494
13044060000000,11.0238876343
13044640000000,11.3564538956
13045260000000,11.637389183
13045910000000,11.9750642776
13046500000000,12.2864637375
13047110000000,12.5976696014
13047740000000,12.8821802139
13048320000000,13.2256307602
13048940000000,13.5181884766
13049540000000,13.8050603867
13050160000000,14.1092996597
13050750000000,14.4345970154
13051350000000,14.776925087
13051940000000,15.0632658005
13052560000000,15.3250837326
13053150000000,15.6384744644
13053770000000,15.9155673981
13054340000000,16.2546100616
13054930000000,16.5456848145
13055550000000,16.8106651306
13056160000000,17.1128501892
13056780000000,17.4302921295
13057370000000,17.6853122711
13057960000000,18.0183296204
13058550000000,18.2871875763
13059120000000,18.5593566895
13059700000000,18.839931488
13060340000000,19.0931987762
13060940000000,19.3717498779
13061550000000,19.5980606079
13062200000000,19.6099224091
13062820000000,19.6098766327
