11789370000000,19.4426078796
11790110000000,19.0747451782
11790860000000,18.7613372803
11791560000000,18.3797016144
11792280000000,18.0242195129
11792950000000,17.7183742523
11793620000000,17.4181842804
11794300000000,17.0957794189
11794960000000,16.7983283997
11795630000000,16.6082229614
11796280000000,16.4399471283
11796930000000,16.267036438
11797570000000,16.2939472198
11798260000000,16.3842163086
11798900000000,16.4658164978
11799540000000,16.6041793823
11800210000000,16.8484706879
11800860000000,17.0809783936
11801470000000,17.3342533112
11802120000000,17.5346775055
11802780000000,17.932723999
11803420000000,18.2934970856
11804070000000,18.7231197357
11804710000000,19.017578125
11805330000000,19.3733654022
11805960000000,19.6290149689
11806590000000,19.9467391968
11807270000000,20.1838188171
11807940000000,20.3921756744
11808550000000,20.4330806732
11809200000000,20.4971828461
11809850000000,20.1999893188
11810510000000,19.9341754913
11811160000000,19.5999984741
11811880000000,19.3295879364
11812510000000,18.9603023529
11813150000000,18.6544647217
11813780000000,18.3503894806
11814430000000,18.0068569183
11815070000000,17.6509971619
11815710000000,17.2688236237
11816370000000,16.9544696808
11817030000000,16.7118225098
11817670000000,16.436372757
11818290000000,16.1535968781
11818930000000,15.9003267288
11819530000000,15.6660461426
11820170000000,15.4626216888
11820770000000,15.4053897858
11821430000000,15.4439029694
11822060000000,15.4563045502
11822680000000,15.5612096786
11823280000000,15.7064399719
11823910000000,15.8460588455
11824510000000,16.0065040588
11825120000000,16.2358188629
11825730000000,16.5007400513
11826400000000,16.7618236542
11826990000000,17.0613746643
11827600000000,17.3480358124
11828210000000,17.6479282379
11828850000000,17.7286453247
11829470000000,17.654045105
11830080000000,17.5589618683
11830710000000,17.4615383148
11831330000000,17.1606636047
11831930000000,16.8956851959
11832550000000,16.6383247375
11833140000000,16.3943691254
11833750000000,16.1033611298
11834390000000,15.8045930862
11834990000000,15.475230217
11835600000000,15.2037982941
11836220000000,14.8700246811
11836850000000,14.6186180115
11837480000000,14.2987070084
11838100000000,13.9765434265
11838720000000,13.670996666
11839330000000,13.3749074936
11839950000000,13.057012558
11840530000000,12.7538042068
11841150000000,12.4699430466
11841720000000,12.1641483307
11842320000000,11.8866415024
11842940000000,11.5748081207
11843540000000,11.2640638351
11844130000000,10.9632730484
11844740000000,10.6867265701
11845350000000,10.3732843399
11845930000000,10.0760364532
11846510000000,9.78598213196
11847110000000,9.48118495941
11847710000000,9.18140697479
11848330000000,8.88109207153
11848920000000,8.58164405823
11849530000000,8.27827262878
11850120000000,7.97634124756
11850730000000,7.69417381287
11851370000000,7.37282943726
11851940000000,7.05639362335
11852530000000,6.7645907402
11853130000000,6.45920658112
11853740000000,6.1953458786
11854330000000,5.89722442627
11854970000000,5.61812829971
11855580000000,5.32829904556
11856180000000,5.08475255966
11856800000000,4.79592418671
11857440000000,4.50104188919
11858060000000,4.19776439667
11858650000000,3.8825199604
11859260000000,3.59746313095
11859860000000,3.28080153465
11860510000000,2.99570846558
11861130000000,2.67587637901
11861730000000,2.39188623428
11862360000000,2.11726975441
11862940000000,1.82761096954
11863540000000,1.53586399555
11864150000000,1.25515151024
11864750000000,0.989053308964
