
20018450000000,10.8701696396
20019010000000,10.6599111557
20019550000000,10.4028558731
20020080000000,10.1459054947
20020590000000,9.89718437195
20021120000000,9.64972686768
20021600000000,9.40563774109
20022140000000,9.19331359863
20022680000000,8.96461296082
20023180000000,8.71597766876
20023680000000,8.46089935303
20024170000000,8.22311878204
20024650000000,7.99193477631
20025100000000,7.77162694931
20025600000000,7.53357553482
20026090000000,7.32884073257
20026550000000,7.13201284409
20026990000000,6.95768737793
20027430000000,6.789955616
20027870000000,6.62024259567
20028300000000,6.46302509308
20028750000000,6.31360626221
20029210000000,6.25645780563
20029630000000,6.22103214264
20030080000000,6.16233539581
20030550000000,6.12703895569
20031010000000,6.16401672363
20031430000000,6.19238424301
20031900000000,6.28432559967
20032360000000,6.44632768631
20032810000000,6.68394756317
20033230000000,6.86476135254
20033670000000,7.00339460373
20034140000000,7.17280244827
20034590000000,7.49441671371
20035030000000,7.74601840973
20035450000000,8.00969600677
20035880000000,8.17371273041
20036290000000,8.29207706451
20036730000000,8.48252773285
20037180000000,8.71273994446
20037610000000,8.90216255188
20038050000000,9.10336017609
20038480000000,9.28688716888
20038930000000,9.34497928619
20039360000000,9.30476665497
20039790000000,9.28065490723
20040250000000,9.27087402344
20040690000000,9.22198009491
20041110000000,9.20705509186
20041570000000,9.21286201477
20042000000000,9.17360687256
20042430000000,9.17157840729
20042880000000,9.12393951416
20043320000000,9.15779876709
20043750000000,8.96452617645
20044180000000,8.76081371307
20044630000000,8.55571269989
20045070000000,8.34572029114
20045520000000,8.21049690247
20045970000000,8.07044219971
20046410000000,7.87627744675
20046820000000,7.7373714447
20047250000000,7.56136608124
20047700000000,7.4248752594
20048140000000,7.2003364563
20048560000000,6.95211553574
20049020000000,6.69425916672
20049440000000,6.47487306595
20049890000000,6.27212953568
20050310000000,6.10972833633
20050740000000,5.95739650726
20051150000000,5.81039428711
20051590000000,5.68678760529
20052020000000,5.51099681854
20052450000000,5.34639167786
20052870000000,5.17185544968
20053310000000,4.9407954216
20053740000000,4.64636802673
20054150000000,4.38641452789
20054560000000,4.1320939064
20055000000000,3.8887488842
20055420000000,3.67997264862
20055880000000,3.47834968567
20056280000000,3.24281096458
20056700000000,2.9542081356
20057110000000,2.71576738358
20057540000000,2.52225589752
20057990000000,2.29002475739
20058420000000,2.09657788277
20058880000000,1.90271604061
20059300000000,1.68582582474
20059720000000,1.49671924114
20060150000000,1.30351865292
20060560000000,1.09386968613
20060970000000,0.973676979542
20061390000000,0.945696234703
20061830000000,0.948615550995
20062250000000,0.98426836729
20062660000000,1.0305325985
20063080000000,1.01451396942
20063490000000,1.06389546394
20063900000000,1.12064599991
20064340000000,1.13054549694
20064770000000,1.25721919537
20065190000000,1.41898441315
20065600000000,1.48089516163
20066030000000,1.63640904427
20066490000000,1.83295321465
20066910000000,2.05536937714
20067320000000,2.26309227943
20067730000000,2.43403172493
20068130000000,2.62831449509
20068550000000,2.7954890728
20068960000000,2.99126410484
20069380000000,3.16130256653
20069830000000,3.31730484962
20070240000000,3.51967811584
20070660000000,3.71432113647
20071070000000,3.88256192207
20071490000000,4.07328939438
20071960000000,4.25313425064
20072380000000,4.43739128113
20072800000000,4.62733078003
20073210000000,4.7728433609
20073630000000,4.96796417236
20074050000000,5.14871788025
20074480000000,5.3399348259
20074890000000,5.53361940384
20075320000000,5.72333812714
20075710000000,5.93080949783
20076120000000,6.09254837036
20076530000000,6.30978631973
20076940000000,6.46912002563
20077370000000,6.6648774147
20077760000000,6.83869028091
20078170000000,7.00663948059
20078590000000,7.2009768486
20078990000000,7.4014544487
20079400000000,7.55426597595
20079810000000,7.75318098068
20080210000000,7.92490434647
20080640000000,8.10541439056
20081050000000,8.29985237122
20081450000000,8.46555519104
20081840000000,8.63442993164
20082240000000,8.84300994873
20082680000000,9.00730609894
20083070000000,9.21823215485
20083470000000,9.39080810547
20083860000000,9.56943035126
20084270000000,9.78662872314
20084670000000,9.9707069397
20085080000000,10.1527194977
20085520000000,10.327375412
20085910000000,10.5555896759
20086340000000,10.7477378845
20086760000000,10.9318552017
20087180000000,11.1351442337
20087600000000,11.3336105347
20088020000000,11.5281991959
20088450000000,11.6736755371
20088870000000,11.876704216
20089270000000,12.0517959595
20089690000000,12.219294548
20090100000000,12.3474588394
20090520000000,12.4991760254
20090940000000,12.640955925
20091340000000,12.7688055038
20091740000000,12.9091081619
20092150000000,13.0859766006
20092550000000,13.2611341476
20092960000000,13.424539566
20093420000000,13.6120491028
20093840000000,13.8404760361
20094240000000,14.0237007141
20094660000000,14.1888637543
20095060000000,14.3939008713
20095490000000,14.5663309097
20095880000000,14.7670631409
20096300000000,14.9527864456
20096710000000,15.1132183075
20097130000000,15.2876062393
20097530000000,15.4807882309
20097930000000,15.6561527252
20098350000000,15.8598670959
20098730000000,16.0325145721
20099150000000,16.2006187439
20099570000000,16.419960022
20099990000000,16.6295452118
20100430000000,16.825334549
20100850000000,17.0681343079
20101280000000,17.1549530029
20101710000000,17.153678894
