14107740000000,19.9198875427
14108450000000,19.5370731354
14109270000000,19.2731647491
14109990000000,18.8786087036
14110720000000,18.5374011993
14111430000000,18.219751358
14112130000000,17.873758316
14112800000000,17.583984375
14113470000000,17.2699966431
14114140000000,17.0059204102
14114760000000,16.7788295746
14115420000000,16.6204967499
14116130000000,16.5520896912
14116780000000,16.5579929352
14117390000000,16.6649780273
14118000000000,16.7116966248
14118660000000,16.8124160767
14119300000000,17.0757160187
14119920000000,17.3289279938
14120550000000,17.7298221588
14121200000000,18.1488628387
14121830000000,18.4916915894
14122470000000,18.8239459991
14123120000000,19.1338100433
14123730000000,19.4456348419
14124360000000,19.7278633118
14125020000000,20.0317153931
14125670000000,20.3590755463
14126270000000,20.5482158661
14126920000000,20.5826702118
14127570000000,20.5180530548
14128250000000,20.4815864563
14128870000000,20.1130828857
14129560000000,19.8369159698
14130210000000,19.5426464081
14130840000000,19.2780666351
14131500000000,18.9960651398
14132130000000,18.6479816437
14132730000000,18.3390426636
14133390000000,17.9530849457
14134020000000,17.5646057129
14134690000000,17.2440490723
14135330000000,16.8971309662
14135990000000,16.5881271362
14136640000000,16.2487335205
14137270000000,15.9429521561
14137870000000,15.6648073196
14138500000000,15.4264879227
14139150000000,15.3125429153
14139770000000,15.3191080093
14140400000000,15.3786792755
14141010000000,15.5444250107
14141590000000,15.6888942719
14142180000000,15.8926086426
14142780000000,16.1695404053
14143370000000,16.4388027191
14144040000000,16.7176780701
14144660000000,17.045129776
14145270000000,17.3606433868
14145890000000,17.6411457062
14146530000000,17.857465744
14147160000000,17.7917728424
14147750000000,17.6503334045
14148370000000,17.5535926819
14148990000000,17.2495670319
14149600000000,16.9924030304
14150190000000,16.6580600739
14150790000000,16.3597221375
14151440000000,16.0706138611
14152070000000,15.7321643829
14152740000000,15.4177322388
14153350000000,15.0901508331
14153990000000,14.792350769
14154580000000,14.4453983307
14155170000000,14.143614769
14155810000000,13.84034729
14156400000000,13.5018100739
14156960000000,13.2152814865
14157550000000,12.9409399033
14158150000000,12.6465473175
14158760000000,12.3295621872
14159430000000,12.0309200287
14160010000000,11.7103490829
14160560000000,11.4213314056
14161150000000,11.137336731
14161740000000,10.8527040482
14162340000000,10.5584163666
14162940000000,10.2681713104
14163540000000,9.97175788879
14164130000000,9.66664791107
14164740000000,9.37118148804
14165320000000,9.0799779892
14165950000000,8.77559566498
14166550000000,8.46788597107
14167160000000,8.1687707901
14167750000000,7.85626125336
14168350000000,7.57669878006
14168970000000,7.31422281265
14169560000000,7.02793216705
14170170000000,6.67343425751
14170800000000,6.38725996017
14171420000000,6.05880069733
14172050000000,5.71534252167
14172640000000,5.40933227539
14173230000000,5.1339597702
14173790000000,4.8471660614
14174370000000,4.59811592102
14174960000000,4.32311964035
14175550000000,4.05069351196
14176150000000,3.75206756592
14176740000000,3.45706391335
14177350000000,3.14106535912
14178010000000,2.83162474632
14178630000000,2.54037332535
14179220000000,2.23053789139
14179830000000,1.94304573536
14180440000000,1.65385603905
14181030000000,1.36554324627
14181630000000,1.08343243599
