
12364620000000,8.31542110443
12365380000000,8.31541347504
12366190000000,8.31540775299
12366910000000,8.16726875305
12367670000000,7.84980678558
12368430000000,7.42060852051
12369140000000,7.05020236969
12369850000000,6.71475934982
12370570000000,6.47038793564
12371250000000,6.09450960159
12371930000000,5.69735527039
12372620000000,5.33323574066
12373260000000,4.99723529816
12373900000000,4.69134044647
12374570000000,4.34295225143
12375270000000,3.88261675835
12375960000000,3.42086315155
12376580000000,3.00328469276
12377240000000,2.64564013481
12377900000000,2.29673075676
12378540000000,1.94907724857
12379230000000,1.63168990612
12379890000000,1.29284000397
12380540000000,0.973750293255
12381180000000,0.695239961147
12381730000000,0.439864873886
12382490000000,0.291984319687
12383100000000,0.228978380561
12383730000000,0.313205480576
12384400000000,0.216066762805
12385020000000,0.181664124131
12385680000000,0.37265047431
12386310000000,0.718249022961
12386970000000,0.995972037315
12387590000000,1.30945754051
12388270000000,1.61516439915
12388940000000,1.94747209549
12389560000000,2.31858801842
12390190000000,2.68157720566
12390840000000,3.08512282372
12391490000000,3.41681480408
12392120000000,3.75400328636
12392770000000,4.02661275864
12393370000000,4.34508037567
12394050000000,4.6319861412
12394730000000,5.00412845612
12395340000000,5.33227348328
12396000000000,5.62935066223
12396660000000,5.93456125259
12397280000000,6.19854211807
12397910000000,6.41894960403
12398510000000,6.67795276642
12399160000000,6.91321802139
12399760000000,7.24637126923
12400360000000,7.46105146408
12400950000000,7.72622823715
12401660000000,8.02669048309
12402280000000,8.39733314514
12402830000000,8.69048881531
12403510000000,8.97776222229
12404120000000,9.09466934204
12404720000000,9.11398124695
12405340000000,9.08623504639
12405970000000,9.18855667114
12406610000000,9.07350635529
12407240000000,8.78557682037
12407850000000,8.49334907532
12408470000000,8.23342323303
12409060000000,7.97320270538
12409670000000,7.74386787415
12410300000000,7.46246099472
12410910000000,7.20412731171
12411500000000,7.05671453476
12412120000000,6.86077642441
12412750000000,6.79602766037
12413370000000,6.74887657166
12414020000000,6.79853010178
12414630000000,6.93142938614
12415220000000,7.08337879181
12415820000000,7.26613950729
12416470000000,7.50944709778
12417070000000,7.81966209412
12417660000000,8.11899089813
12418300000000,8.43700504303
12418890000000,8.76101970673
12419510000000,9.0500164032
12420100000000,9.36326408386
12420780000000,9.62339305878
12421360000000,9.99739265442
12421940000000,10.2403202057
12422530000000,10.5292196274
12423140000000,10.8140859604
12423730000000,11.1288280487
12424330000000,11.4043722153
12424950000000,11.7316637039
12425530000000,12.0389461517
12426120000000,12.3354625702
12426740000000,12.6225852966
12427340000000,12.9230165482
12427910000000,13.2552652359
12428530000000,13.5372142792
12429120000000,13.831319809
12429750000000,14.1578845978
12430350000000,14.4803390503
12430950000000,14.7650375366
12431570000000,15.0700445175
12432190000000,15.3490991592
12432780000000,15.6555643082
12433410000000,15.982460022
12434020000000,16.2734069824
12434670000000,16.5775032043
12435280000000,16.9513568878
12435880000000,17.1537761688
12436480000000,17.4375705719
12437080000000,17.6510906219
12437660000000,17.9072761536
12438280000000,18.1679840088
12438900000000,18.4348201752
12439540000000,18.7274131775
12440180000000,19.0372962952
12440780000000,19.3550376892
12441440000000,19.6608161926
12442050000000,19.7710762024
12442680000000,19.7711048126
