14380170000000,8.5732421875
14380940000000,8.20694828033
14381680000000,7.84633207321
14382420000000,7.47244358063
14383130000000,7.12688112259
14383840000000,6.79911518097
14384520000000,6.43723392487
14385230000000,6.07913064957
14385910000000,5.72345876694
14386610000000,5.35735702515
14387290000000,5.07359170914
14387940000000,4.72555208206
14388620000000,4.50110960007
14389250000000,3.99316501617
14389890000000,3.53509092331
14390540000000,3.20456027985
14391280000000,2.97662997246
14391920000000,2.58162713051
14392560000000,2.34754657745
14393180000000,2.05388092995
14393810000000,1.75390207767
14394450000000,1.43434810638
14395040000000,1.12134063244
14395690000000,0.856966018677
14396220000000,0.504435241222
14396980000000,0.251935988665
14397670000000,0.444858670235
14398340000000,0.549028337002
14398960000000,0.74704438448
14399570000000,0.786263823509
14400170000000,1.11412060261
14400820000000,1.36018610001
14401440000000,1.60458493233
14402060000000,1.9158270359
14402700000000,2.19770359993
14403350000000,2.5281996727
14403980000000,2.90668201447
14404650000000,3.27168631554
14405280000000,3.59779763222
14405920000000,3.93875956535
14406590000000,4.14251947403
14407240000000,4.50247097015
14407880000000,4.85659646988
14408480000000,5.18131113052
14409090000000,5.44786500931
14409770000000,5.75229263306
14410410000000,6.00224971771
14411030000000,6.49366855621
14411670000000,6.80502653122
14412300000000,7.04410362244
14412930000000,7.34936094284
14413540000000,7.66395282745
14414180000000,7.99153900146
14414900000000,8.32951450348
14415500000000,8.64830589294
14416020000000,8.94581413269
14416710000000,9.22414398193
14417370000000,9.32977104187
14417970000000,9.2917432785
14418580000000,9.40801715851
14419230000000,9.1852273941
14419820000000,8.92752170563
14420440000000,8.70664024353
14421040000000,8.41610813141
14421660000000,8.14414024353
14422270000000,7.90467405319
14422890000000,7.6547832489
14423520000000,7.43809366226
14424150000000,7.25083732605
14424730000000,7.20586538315
14425340000000,7.17092418671
14425980000000,7.19350099564
14426610000000,7.2745013237
14427200000000,7.38196134567
14427820000000,7.55605840683
14428420000000,7.75139760971
14429030000000,7.93497085571
14429630000000,8.15655422211
14430240000000,8.40314102173
14430820000000,8.65675544739
14431470000000,8.90193557739
14432080000000,9.1969833374
14432670000000,9.49076366425
14433270000000,9.76309394836
14433900000000,10.0495862961
14434500000000,10.3797702789
14435090000000,10.6403598785
14435730000000,10.9524717331
14436290000000,11.2812385559
14436930000000,11.5517272949
14437530000000,11.8608932495
14438130000000,12.1814393997
14438750000000,12.4849328995
14439390000000,12.7904405594
14440020000000,13.1297445297
14440590000000,13.4350814819
14441170000000,13.7166891098
14441780000000,14.0231485367
14442360000000,14.3391246796
14443060000000,14.6557531357
14443660000000,15.0479011536
14444260000000,15.3562870026
14444870000000,15.645565033
14445460000000,15.9316415787
14446090000000,16.1792449951
14446660000000,16.4824409485
14447260000000,16.7159194946
14447860000000,17.0376167297
14448470000000,17.3554916382
14449110000000,17.7141094208
14449720000000,17.9878864288
14450380000000,18.342792511
14450950000000,18.6815757751
14451540000000,18.9409198761
14452160000000,19.2909049988
14452750000000,19.6103649139
