
20352890000000,19.628288269
20353410000000,19.3587799072
20353920000000,19.1620178223
20354450000000,18.9207744598
20354950000000,18.7095031738
20355470000000,18.525686264
20355960000000,18.2881946564
20356430000000,18.0921993256
20356920000000,17.9084873199
20357400000000,17.7098369598
20357870000000,17.5151805878
20358370000000,17.3323326111
20358870000000,17.1376438141
20359310000000,16.9719467163
20359790000000,16.8164615631
20360270000000,16.7080020905
20360740000000,16.6699180603
20361180000000,16.742685318
20361610000000,16.7670383453
20362070000000,16.7630977631
20362530000000,16.7356853485
20362960000000,16.7312679291
20363390000000,16.7642192841
20363870000000,16.8878955841
20364310000000,17.0384082794
20364890000000,5.67218160629
20365400000000,5.74547052383
20365930000000,17.4068069458
20366370000000,17.2486858368
20366810000000,17.2904491425
20367230000000,17.5543670654
20367650000000,17.7765617371
20368080000000,18.0026550293
20368520000000,18.1499233246
20368970000000,18.2961349487
20369420000000,18.5114707947
20369880000000,18.7000389099
20370310000000,18.9215049744
20370760000000,19.1027908325
20371200000000,19.3260955811
20371630000000,19.5308055878
20372070000000,19.7481327057
20372500000000,19.9543552399
20372940000000,20.0176486969
20373400000000,20.0257492065
20373820000000,19.9476623535
20374250000000,19.9285755157
20374720000000,19.9787197113
20375170000000,19.9901371002
20375600000000,19.960018158
20376030000000,20.0560894012
20376480000000,20.0095443726
20376930000000,19.8116321564
20377390000000,19.6203804016
20377830000000,19.4103870392
20378310000000,19.2040939331
20378740000000,19.0175876617
20379200000000,18.8481445312
20379630000000,18.6210670471
20380080000000,18.3898925781
20380530000000,18.1847820282
20380980000000,18.0110626221
20381420000000,17.9324932098
20381850000000,17.8067188263
20382280000000,17.6045131683
20382700000000,17.4286575317
20383150000000,17.2532939911
20383570000000,17.0834445953
20384000000000,16.9430122375
20384450000000,16.8293418884
20384900000000,16.7107067108
20385360000000,16.5045642853
20385800000000,16.2850437164
20386230000000,16.1518669128
20386680000000,16.1131744385
20387100000000,16.0341529846
20387560000000,15.9405078888
20388040000000,15.7493944168
20388480000000,15.5474071503
20388910000000,15.399682045
20389340000000,15.3981666565
20389770000000,15.3276700974
20390200000000,15.2354640961
20390640000000,15.1520080566
20391070000000,15.1357593536
20391490000000,15.1304998398
20391950000000,15.1884117126
20392380000000,15.230547905
20392820000000,15.3664016724
20393250000000,15.5195741653
20393670000000,15.6910820007
20394110000000,15.8771095276
20394520000000,16.0459709167
20394930000000,16.2267208099
20395360000000,16.4244270325
20395790000000,16.6147651672
20396210000000,16.8187465668
20396650000000,17.0184173584
20397050000000,17.1976604462
20397480000000,17.223361969
20397900000000,17.3865566254
20398310000000,17.5547962189
20398720000000,17.7306079865
20399150000000,17.7409496307
20399570000000,17.8187198639
20400010000000,17.8857860565
20400450000000,17.8558750153
20400870000000,17.8130187988
20401290000000,17.739233017
20401700000000,17.7598171234
20402110000000,17.7672138214
20402530000000,17.7395591736
20402950000000,17.8108253479
20403430000000,17.715089798
20403850000000,17.4985256195
20404260000000,17.2923603058
20404690000000,17.0920619965
20405120000000,16.872209549
20405530000000,16.6700935364
20405940000000,16.4953117371
20406380000000,16.286447525
20406810000000,16.0809116364
20407250000000,15.890707016
20407690000000,15.6894645691
20408140000000,15.4661998749
20408560000000,15.2675495148
20408960000000,15.0656633377
20409370000000,14.8735809326
20409780000000,14.692814827
20410190000000,14.4885463715
20410640000000,14.3082532883
20411070000000,14.1208744049
20411470000000,13.9279336929
20411900000000,13.7664680481
20412370000000,13.5743217468
20412790000000,13.3424921036
20413200000000,13.1427030563
20413620000000,12.9382677078
20414060000000,12.7537813187
20414470000000,12.5640296936
20414890000000,12.3730535507
20415300000000,12.1870107651
20415740000000,12.0060634613
20416170000000,11.8048496246
20416570000000,11.6048593521
20416970000000,11.3932723999
20417390000000,11.216960907
20417780000000,11.0194139481
20418170000000,10.8320226669
20418580000000,10.6494445801
20418980000000,10.4463825226
20419370000000,10.2593173981
20419780000000,10.0721139908
20420190000000,9.86968231201
20420620000000,9.69348716736
20421030000000,9.47006416321
20421490000000,9.28225421906
20421900000000,9.04149532318
20422350000000,8.85348415375
20422760000000,8.62610721588
20423190000000,8.43277931213
20423620000000,8.21646881104
20424030000000,8.01931762695
20424480000000,7.82986021042
20424910000000,7.61432552338
20425320000000,7.40378522873
20425760000000,7.22331571579
20426180000000,7.01293563843
20426610000000,6.79770708084
20427030000000,6.60592412949
20427480000000,6.38054656982
20427880000000,6.17068195343
20428300000000,5.98961830139
20428760000000,5.82445240021
20429170000000,5.65913248062
20429600000000,5.52086639404
20430030000000,5.38770246506
20430450000000,5.27741146088
20430850000000,5.08336877823
20431270000000,4.92441225052
20431670000000,4.76502275467
20432080000000,4.58832263947
20432520000000,4.43989181519
20432960000000,4.26264619827
20433380000000,4.04929494858
20433810000000,3.85150885582
20434210000000,3.63034677505
20434630000000,3.42106127739
20435050000000,3.24416613579
20435540000000,3.04516267776
20436000000000,2.80620861053
20436420000000,2.58542203903
20436800000000,2.39841389656
20437230000000,2.24634075165
20437640000000,2.08081364632
20438050000000,1.8908187151
20438480000000,1.76325595379
20438920000000,1.57026100159
20439340000000,1.34589326382
20439740000000,1.16309511662
20440150000000,0.995517671108
