
20502880000000,8.68783664703
20503430000000,8.55958175659
20503970000000,8.32374572754
20504530000000,8.03839015961
20505080000000,7.92983007431
20505630000000,7.65904712677
20506130000000,7.48744916916
20506630000000,7.27323579788
20507140000000,7.04664897919
20507620000000,6.83098936081
20508090000000,6.62137889862
20508600000000,6.41898584366
20509080000000,6.21614122391
20509530000000,6.15226078033
20510010000000,5.87865304947
20510470000000,5.72026395798
20510950000000,5.57340288162
20511390000000,5.44090509415
20511840000000,5.36903572083
20512280000000,5.34558343887
20512720000000,5.23939037323
20513150000000,5.10963249207
20513580000000,4.96935892105
20514000000000,4.9180598259
20514440000000,4.87152147293
20514870000000,4.79499006271
20515310000000,4.67251157761
20515760000000,4.50457382202
20516210000000,4.34835147858
20516640000000,4.2227678299
20517100000000,4.25672197342
20517540000000,4.24360799789
20517960000000,4.06860685349
20518400000000,3.89539051056
20518840000000,3.78105664253
20519270000000,3.62224960327
20519690000000,3.39460659027
20520100000000,3.18831396103
20520560000000,2.9863512516
20520990000000,2.74942326546
20521430000000,2.5326385498
20521870000000,2.34061956406
20522350000000,2.12845396996
20522800000000,1.96365308762
20523230000000,1.7008266449
20523680000000,1.49759149551
20524130000000,1.27668941021
20524580000000,1.07926285267
20525050000000,0.857936799526
20525550000000,0.661289453506
20526010000000,0.418537646532
20526440000000,0.208944782615
20526920000000,0.115988358855
20527320000000,0.200880244374
20527790000000,0.277426183224
20528210000000,0.272982984781
20528670000000,0.345826238394
20529140000000,0.346118837595
20529580000000,0.334454596043
20530030000000,0.340131700039
20530470000000,0.301085114479
20530900000000,0.340022474527
20531350000000,0.470975488424
20531790000000,0.635015428066
20532200000000,0.767412900925
20532650000000,0.884641945362
20533110000000,1.04370892048
20533530000000,1.2300311327
20533970000000,1.38512814045
20534420000000,1.56019687653
20534870000000,1.75081038475
20535300000000,1.91526985168
20535750000000,2.11190986633
20536200000000,2.38696169853
20536620000000,2.60977172852
20537050000000,2.87298250198
20537490000000,3.12912154198
20537930000000,3.32797431946
20538360000000,3.54414606094
20538790000000,3.75626206398
20539240000000,3.95278835297
20539690000000,4.14380884171
20540100000000,4.3522605896
20540550000000,4.54351425171
20540980000000,4.72385787964
20541400000000,4.99836683273
20541820000000,5.22868204117
20542280000000,5.4348988533
20542750000000,5.56551170349
20543190000000,5.67684602737
20543620000000,5.83958768845
20544050000000,5.97433519363
20544460000000,6.08517408371
20544920000000,6.10744905472
20545350000000,6.1863322258
20545770000000,6.3079366684
20546180000000,6.56107234955
20546620000000,6.80719041824
20547060000000,7.02745866776
20547470000000,7.14175653458
20547870000000,7.29846191406
20548290000000,7.48359203339
20548710000000,7.62609624863
20549130000000,7.80465888977
20549550000000,7.98701858521
20549970000000,8.16970252991
20550390000000,8.39188671112
20550800000000,8.52934741974
20551220000000,8.65746212006
20551670000000,8.76827049255
20552070000000,8.94669055939
20552460000000,9.14706230164
20552820000000,9.21825027466
20553320000000,9.24918937683
20553720000000,9.22979068756
20554160000000,9.22847270966
20554570000000,9.20510959625
20555030000000,9.19308853149
20555420000000,9.23049736023
20555840000000,9.2230014801
20556270000000,9.11187458038
20556690000000,8.91174602509
20557120000000,8.79072475433
20557540000000,8.56783103943
20557970000000,8.37652492523
20558410000000,8.2183265686
20558830000000,7.99496984482
20559290000000,7.81792402267
20559710000000,7.62222623825
20560140000000,7.48934745789
20560550000000,7.30689096451
20560990000000,7.19819116592
20561420000000,7.13575363159
20561850000000,7.08246612549
20562260000000,7.07330369949
20562680000000,7.07633924484
20563100000000,7.13284397125
20563520000000,7.20368766785
20563950000000,7.27922391891
20564380000000,7.36505270004
20564800000000,7.47111320496
20565210000000,7.574031353
20565630000000,7.69984483719
20566050000000,7.84074258804
20566480000000,7.97913646698
20566890000000,8.11720371246
20567290000000,8.27074432373
20567700000000,8.43788051605
20568150000000,8.59417915344
20568530000000,8.75651168823
20568960000000,8.93358898163
20569340000000,9.11906147003
20569760000000,9.30371665955
20570170000000,9.49413490295
20570570000000,9.69913101196
20570950000000,9.88186073303
20571360000000,10.0566396713
20571770000000,10.2467517853
20572160000000,10.4345464706
20572550000000,10.6635255814
20572950000000,10.8252258301
20573330000000,10.9803724289
20573740000000,11.1740503311
20574170000000,11.3897390366
20574590000000,11.5636043549
20575010000000,11.8067321777
20575410000000,11.9874134064
20575850000000,12.1784610748
20576240000000,12.3583068848
20576660000000,12.5628404617
20577110000000,12.7867479324
20577510000000,12.9837121964
20577930000000,13.1949806213
20578370000000,13.3692903519
20578770000000,13.5982999802
20579180000000,13.7904834747
20579630000000,13.9574432373
20580020000000,14.1836977005
20580420000000,14.3171405792
20580800000000,14.5050678253
20581240000000,14.64083004
20581650000000,14.7371768951
20582050000000,14.8736095428
20582470000000,15.087182045
20582860000000,15.3024768829
20583270000000,15.4297199249
20583720000000,15.6132030487
20584130000000,15.8065547943
20584540000000,16.0091133118
20584960000000,16.2062683105
20585350000000,16.3965377808
20585790000000,16.5465164185
20586240000000,16.7441768646
20586640000000,16.9428520203
20587050000000,17.1560020447
20587490000000,17.2396087646
20587890000000,17.4776306152
20588290000000,17.5606117249
20588690000000,17.7323856354
20589080000000,17.9024562836
20589540000000,18.0907554626
20589940000000,18.246509552
20590330000000,18.4105854034
20590770000000,18.5528697968
20591190000000,18.7263374329
20591610000000,18.8950595856
20592020000000,19.0451755524
20592400000000,19.2581691742
20592820000000,19.416852951
20593260000000,19.6270427704
