14107740000000,10.1483335495
14108450000000,9.73683643341
14109270000000,9.42975902557
14109990000000,9.03590679169
14110720000000,8.68307209015
14111430000000,8.31991481781
14112130000000,7.96406507492
14112800000000,7.625623703
14113470000000,7.27513599396
14114140000000,6.96155309677
14114760000000,6.64796161652
14115420000000,6.39186429977
14116130000000,6.24162435532
14116780000000,6.16558170319
14117390000000,6.14148855209
14118000000000,6.14821481705
14118660000000,6.24571990967
14119300000000,6.50445652008
14119920000000,6.76269102097
14120550000000,7.15078020096
14121190000000,7.56754636765
14121830000000,7.91817855835
14122470000000,8.24370765686
14123120000000,8.55708694458
14123730000000,8.86755275726
14124360000000,9.14815711975
14125020000000,9.46290111542
14125670000000,9.78969955444
14126270000000,9.97137832642
14126920000000,10.0118751526
14127570000000,9.93019104004
14128250000000,9.89633274078
14128870000000,9.55172538757
14129560000000,9.27266120911
14130210000000,8.98461914062
14130840000000,8.6826581955
14131500000000,8.41291236877
14132130000000,8.07326126099
14132730000000,7.76064014435
14133390000000,7.37965726852
14134020000000,6.99068880081
14134690000000,6.66226625443
14135330000000,6.31828355789
14135990000000,6.01087522507
14136640000000,5.65149641037
14137270000000,5.33269453049
14137870000000,4.97027015686
14138500000000,4.59500312805
14139150000000,4.25955963135
14139770000000,3.86546158791
14140400000000,3.49280643463
14141010000000,3.12859129906
14141590000000,2.8422305584
14142180000000,2.5685133934
14142780000000,2.26946282387
14143370000000,1.98640024662
14144040000000,1.7101418972
14144660000000,1.37086892128
14145270000000,1.05750000477
14145890000000,0.759554862976
14146530000000,0.565972030163
14147160000000,0.776107430458
14147750000000,0.825535714626
14148370000000,0.89861369133
14148990000000,1.1243377924
14149600000000,1.37056493759
14150190000000,1.69195663929
14150790000000,1.98299860954
14151440000000,2.2744679451
14152070000000,2.60082650185
14152740000000,2.92992901802
14153350000000,3.24352121353
14153990000000,3.55038952827
14154580000000,3.87172317505
14155170000000,4.18463039398
14155810000000,4.48464202881
14156400000000,4.8325843811
14156960000000,5.13378620148
14157550000000,5.39557170868
14158150000000,5.6910610199
14158760000000,5.98141527176
14159430000000,6.30631923676
14160000000000,6.61932945251
14160560000000,6.90726804733
14161150000000,7.20396375656
14161740000000,7.48615980148
14162340000000,7.77807188034
14162940000000,8.05989074707
14163540000000,8.36869239807
14164130000000,8.66558837891
14164740000000,8.96447849274
14165320000000,9.2612285614
14165950000000,9.55946922302
14166550000000,9.87321662903
14167160000000,10.1596660614
14167750000000,10.4721288681
14168350000000,10.7459669113
14168970000000,11.010766983
14169560000000,11.331161499
14170170000000,11.6262350082
14170800000000,11.9139719009
14171420000000,12.235575676
14172050000000,12.6014308929
14172640000000,12.918586731
14173230000000,13.1814470291
14173790000000,13.4830436707
14174370000000,13.7221565247
14174960000000,14.0099449158
14175550000000,14.2786951065
14176150000000,14.56990242
14176740000000,14.8614282608
14177350000000,15.1935062408
14178010000000,15.5037136078
14178630000000,15.7903223038
14179220000000,16.1321334839
14179830000000,16.4212665558
14180440000000,16.7275485992
14181030000000,17.0517368317
14181630000000,17.3768119812
