
20502880000000,10.279756546
20503430000000,10.1652812958
20503970000000,9.91107273102
20504530000000,9.64916419983
20505080000000,9.50374889374
20505630000000,9.26685619354
20506130000000,9.10261249542
20506630000000,8.87104129791
20507140000000,8.64530277252
20507620000000,8.40966415405
20508090000000,8.19379520416
20508600000000,7.97029542923
20509080000000,7.74010372162
20509530000000,7.53263902664
20510010000000,7.32248783112
20510470000000,7.10571336746
20510950000000,6.90807104111
20511390000000,6.6996922493
20511840000000,6.52500629425
20512280000000,6.37216377258
20512720000000,6.17446899414
20513150000000,5.99609422684
20513580000000,5.81581497192
20514000000000,5.65625333786
20514440000000,5.53132915497
20514870000000,5.42188549042
20515310000000,5.32895708084
20515760000000,5.34503412247
20516210000000,5.51380205154
20516640000000,5.62170743942
20517100000000,5.66693878174
20517540000000,5.67687511444
20517960000000,5.80740118027
20518400000000,5.95782518387
20518840000000,6.10115432739
20519270000000,6.25293874741
20519690000000,6.4669418335
20520100000000,6.66630601883
20520560000000,6.85956192017
20520990000000,7.1064248085
20521430000000,7.2983174324
20521870000000,7.49806833267
20522350000000,7.74084854126
20522800000000,7.98862361908
20523230000000,8.19105625153
20523680000000,8.37279224396
20524130000000,8.61165046692
20524580000000,8.79907512665
20525050000000,9.03629684448
20525550000000,9.22611808777
20526010000000,9.47464084625
20526440000000,9.7141122818
20526890000000,9.82956123352
20527320000000,9.86967182159
20527790000000,9.85606384277
20528210000000,9.88233470917
20528670000000,9.98521995544
20529140000000,9.99944591522
20529580000000,10.0807495117
20530030000000,10.1002483368
20530470000000,9.95207214355
20530900000000,9.76715564728
20531350000000,9.57229804993
20531790000000,9.41746139526
20532200000000,9.27261829376
20532650000000,9.09104156494
20533110000000,8.90530776978
20533530000000,8.68772125244
20533970000000,8.52456474304
20534420000000,8.3269443512
20534870000000,8.17148208618
20535300000000,7.93696069717
20535750000000,7.75359678268
20536200000000,7.51714944839
20536620000000,7.26429462433
20537050000000,7.00474500656
20537490000000,6.78656196594
20537930000000,6.567486763
20538360000000,6.34423351288
20538790000000,6.16432523727
20539240000000,5.96101379395
20539690000000,5.73808765411
20540100000000,5.51133203506
20540550000000,5.32357692719
20540980000000,5.12599134445
20541400000000,4.87433767319
20541820000000,4.65773439407
20542280000000,4.58375501633
20542750000000,4.57332229614
20543190000000,4.39307785034
20543620000000,4.2434091568
20544050000000,4.1006860733
20544460000000,3.93603634834
20544920000000,3.74525690079
20545350000000,3.67479205132
20545770000000,3.56195497513
20546180000000,3.30297493935
20546620000000,3.09208106995
20547060000000,2.85084438324
20547470000000,2.73430156708
20547870000000,2.62130117416
20548290000000,2.45374488831
20548710000000,2.29666852951
20549130000000,2.10426449776
20549550000000,1.90870833397
20549970000000,1.69164347649
20550390000000,1.49951052666
20550800000000,1.35418152809
20551230000000,1.22044563293
20551670000000,1.09828710556
20552070000000,0.90944480896
20552460000000,0.72832006216
20552890000000,0.647196888924
20553320000000,0.653501451015
20553720000000,0.672655344009
20554160000000,0.640260756016
20554570000000,0.659008026123
20555030000000,0.661159515381
20555420000000,0.657583534718
20555840000000,0.646048724651
20556270000000,0.791541457176
20556690000000,0.973065257072
20557120000000,1.15159249306
20557540000000,1.32816529274
20557970000000,1.48463284969
20558410000000,1.6644756794
20558830000000,1.86904454231
20559290000000,2.06083488464
20559710000000,2.27356529236
20560140000000,2.44351673126
20560550000000,2.65581274033
20560990000000,2.84601378441
20561420000000,3.05341053009
20561850000000,3.27124762535
20562260000000,3.4458193779
20562680000000,3.6685936451
20563100000000,3.87046289444
20563520000000,4.06688117981
20563950000000,4.2921500206
20564380000000,4.50689554214
20564800000000,4.70685052872
20565210000000,4.92161130905
20565630000000,5.12168169022
20566050000000,5.3319067955
20566480000000,5.54364347458
20566890000000,5.74024629593
20567290000000,5.93481636047
20567700000000,6.12316989899
20568150000000,6.33190441132
20568530000000,6.537733078
20568960000000,6.72025060654
20569340000000,6.93299531937
20569760000000,7.1128487587
20570170000000,7.31897974014
20570570000000,7.52080440521
20570950000000,7.71689939499
20571360000000,7.90142440796
20571770000000,8.10261917114
20572160000000,8.30337429047
20572550000000,8.48074913025
20572950000000,8.68372249603
20573330000000,8.85340118408
20573740000000,9.05135440826
20574170000000,9.2628288269
20574590000000,9.45789146423
20575010000000,9.66137981415
20575410000000,9.86906433105
20575850000000,10.0650262833
20576240000000,10.2657461166
20576660000000,10.4660797119
20577110000000,10.6780471802
20577510000000,10.8897600174
20577930000000,11.091676712
20578370000000,11.2900476456
20578770000000,11.510509491
20579180000000,11.6927423477
20579630000000,11.8824253082
20580020000000,12.1021242142
20580420000000,12.2376928329
20580800000000,12.4271669388
20581240000000,12.55742836
20581650000000,12.6154232025
20582060000000,12.768237114
20582470000000,12.9463787079
20582860000000,13.1283664703
20583270000000,13.2820177078
20583720000000,13.4544649124
20584130000000,13.6380367279
20584540000000,13.8379688263
20584960000000,14.0090608597
20585350000000,14.2159662247
20585790000000,14.3677921295
20586240000000,14.5422849655
20586640000000,14.7669553757
20587050000000,14.9688091278
20587490000000,15.093287468
20587890000000,15.3035326004
20588290000000,15.4106750488
20588690000000,15.5885858536
20589080000000,15.7567949295
20589540000000,15.8973522186
20589940000000,16.0712833405
20590330000000,16.2361125946
20590770000000,16.4097919464
20591200000000,16.5721111298
20591610000000,16.7477722168
20592020000000,16.9036331177
20592400000000,17.0958862305
20592820000000,17.2550544739
20593260000000,17.4511108398
