14247690000000,10.1392011642
14248410000000,9.75788021088
14249180000000,9.41052246094
14249940000000,9.04439353943
14250620000000,8.67204856873
14251360000000,8.34457969666
14252030000000,7.96666049957
14252690000000,7.6462688446
14253360000000,7.34069681168
14254060000000,7.02837848663
14254700000000,6.70043230057
14255350000000,6.48511266708
14256060000000,6.13747215271
14256710000000,5.90856075287
14257350000000,5.82233333588
14257960000000,5.97042798996
14258610000000,6.06996631622
14259280000000,6.38618135452
14259900000000,6.7283616066
14260500000000,6.98521375656
14261170000000,7.32919692993
14261800000000,7.69708013535
14262420000000,8.03772640228
14263060000000,8.35755729675
14263720000000,8.63203334808
14264310000000,8.99405384064
14264950000000,9.29382801056
14265620000000,9.60587406158
14266270000000,9.52860736847
14266870000000,9.47869777679
14267510000000,9.35752773285
14268130000000,9.1883430481
14268800000000,9.07766151428
14269460000000,8.7886390686
14270110000000,8.46162223816
14270730000000,8.16627502441
14271360000000,7.82433271408
14272020000000,7.50187110901
14272630000000,7.12682628632
14273290000000,6.78190469742
14273900000000,6.40505599976
14274530000000,6.12073373795
14275170000000,5.80006694794
14275810000000,5.49149274826
14276450000000,5.11330127716
14277110000000,4.88735866547
14277760000000,4.53527593613
14278380000000,4.11930131912
14278980000000,3.902572155
14279580000000,3.63652276993
14280180000000,3.42892956734
14280770000000,3.17933726311
14281370000000,2.98934221268
14281970000000,2.75027322769
14282590000000,2.44284105301
14283270000000,2.14738941193
14283880000000,1.7970199585
14284550000000,1.4963850975
14285130000000,1.16568899155
14285740000000,0.896070182323
14286370000000,0.574318230152
14287000000000,0.484709322453
14287650000000,0.625918030739
14288240000000,0.694110572338
14288850000000,0.801071226597
14289450000000,1.0656349659
14290070000000,1.34041929245
14290680000000,1.63917994499
14291260000000,2.0108165741
14291910000000,2.28715133667
14292520000000,2.59823417664
14293140000000,2.89600539207
14293780000000,3.19814229012
14294400000000,3.52921199799
14294990000000,3.84883451462
14295610000000,4.14867734909
14296190000000,4.45535421371
14296830000000,4.7248878479
14297400000000,5.02951383591
14298010000000,5.31702184677
14298600000000,5.62289237976
14299200000000,5.92029523849
14299910000000,6.20855617523
14300470000000,6.57255506516
14301070000000,6.83438491821
14301660000000,7.15632963181
14302250000000,7.44084596634
14302820000000,7.72573804855
14303390000000,8.0280380249
14303980000000,8.31331634521
14304610000000,8.60100364685
14305190000000,8.89203929901
14305770000000,9.19506931305
14306500000000,9.47123241425
14307120000000,9.85444164276
14307680000000,10.1649122238
14308270000000,10.4315576553
14308880000000,10.7501344681
14309470000000,11.0421953201
14310060000000,11.3479824066
14310680000000,11.5997714996
14311270000000,11.9132938385
14311860000000,12.2197370529
14312470000000,12.5859031677
14313100000000,12.9476099014
14313720000000,13.2203836441
14314370000000,13.5342226028
14314990000000,13.8672237396
14315650000000,14.1381893158
14316250000000,14.4744539261
14316880000000,14.772608757
14317450000000,15.074461937
14318020000000,15.4057226181
14318640000000,15.659280777
14319230000000,15.9365472794
14319830000000,16.262752533
14320460000000,16.5375747681
14321030000000,16.8502082825
14321630000000,17.1823444366
