11548040000000,7.98484277725
11548770000000,7.63567018509
11549470000000,7.28664827347
11550160000000,6.93887424469
11550850000000,6.61738681793
11551510000000,6.25452947617
11552240000000,5.92564153671
11552910000000,5.51409864426
11553560000000,5.1991853714
11554200000000,4.91095733643
11554820000000,4.61976099014
11555460000000,4.26009511948
11556110000000,3.9463467598
11556750000000,3.56922960281
11557350000000,3.17098045349
11557980000000,2.92764902115
11558630000000,2.63090062141
11559230000000,2.28894948959
11559860000000,2.01913189888
11560480000000,1.73091375828
11561150000000,1.42635309696
11561760000000,1.12023544312
11562390000000,0.830141842365
11562920000000,0.578239202499
11563670000000,0.547586858273
11564310000000,0.454104483128
11564950000000,0.387878894806
11565590000000,0.373242229223
11566260000000,0.602461397648
11566880000000,0.825327932835
11567520000000,1.11598336697
11568120000000,1.41877114773
11568720000000,1.73414945602
11569340000000,2.03539562225
11569980000000,2.32574892044
11570600000000,2.66399979591
11571250000000,3.0078933239
11571850000000,3.36957907677
11572530000000,3.62481832504
11573130000000,3.952044487
11573760000000,4.17773866653
11574370000000,4.47798681259
11575040000000,4.76393604279
11575630000000,5.13842582703
11576240000000,5.51484441757
11576880000000,5.84839820862
11577510000000,6.37806177139
11578100000000,6.7448964119
11578690000000,7.12786245346
11579290000000,7.44328546524
11579930000000,7.73215961456
11580550000000,8.08686828613
11581160000000,8.38886356354
11581750000000,8.68071174622
11582720000000,8.91005516052
11583030000000,9.26701450348
11583610000000,9.44602203369
11584250000000,9.64221572876
11584870000000,9.69117259979
11585490000000,9.48533535004
11586120000000,9.2293920517
11586750000000,8.90321731567
11587400000000,8.57445716858
11588020000000,8.28294372559
11588630000000,8.0246925354
11589290000000,7.73302698135
11589890000000,7.47390604019
11590510000000,7.24330854416
11591130000000,7.11187839508
11591790000000,7.02183628082
11592400000000,6.97609376907
11592990000000,7.04244709015
11593600000000,7.18030500412
11594250000000,7.33801794052
11594900000000,7.52857923508
11595510000000,7.75185871124
11596120000000,7.98206424713
11596720000000,8.19524288177
11597390000000,8.46161937714
11598010000000,8.74333572388
11598630000000,9.02360916138
11599200000000,9.33819961548
11599800000000,9.63321685791
11600380000000,9.91831874847
11600980000000,10.169965744
11601570000000,10.5117731094
11602190000000,10.7560186386
11602780000000,11.0840158463
11603400000000,11.399228096
11604010000000,11.6735754013
11604580000000,12.0105247498
11605210000000,12.2991724014
11605800000000,12.6051454544
11606380000000,12.9036540985
11607000000000,13.2094621658
11607610000000,13.5150156021
11608220000000,13.7869958878
11608810000000,14.0655765533
11609400000000,14.362953186
11610010000000,14.6527938843
11610660000000,14.9110174179
11611260000000,15.265337944
11611840000000,15.5469369888
11612440000000,15.8755378723
11613070000000,16.1669101715
11613670000000,16.4553813934
11614290000000,16.7407035828
11614880000000,17.0350914001
11615460000000,17.3093967438
11616110000000,17.5937004089
11616710000000,17.8773918152
11617310000000,18.1218013763
11617920000000,18.4154682159
11618510000000,18.7119789124
11619130000000,18.9604492188
11619760000000,19.3019943237
