
20199370000000,20.0293750763
20199910000000,19.8553962708
20200450000000,19.6140727997
20200970000000,19.3930473328
20201480000000,19.1312942505
20202040000000,18.923160553
20202540000000,18.6614303589
20203030000000,18.4059619904
20203560000000,18.2016220093
20204070000000,17.9682693481
20204550000000,17.7187709808
20205010000000,17.5073890686
20205490000000,17.2937202454
20205960000000,17.1084842682
20206420000000,16.9086036682
20206910000000,16.7491168976
20207380000000,16.5585479736
20207830000000,16.4270572662
20208280000000,16.2848968506
20208720000000,16.1849002838
20209170000000,16.1568641663
20209590000000,16.2786865234
20210030000000,16.4008026123
20210490000000,16.5144233704
20210940000000,16.6838588715
20211350000000,16.8381710052
20211820000000,16.9619178772
20212270000000,17.1588802338
20212690000000,17.3489284515
20213150000000,17.5263271332
20213600000000,6.59050512314
20214070000000,17.9814109802
20214510000000,18.2163639069
20214990000000,18.4676170349
20215430000000,18.6801319122
20215890000000,18.8641929626
20216350000000,19.0702724457
20216800000000,19.2774562836
20217240000000,19.4770050049
20217670000000,19.6715011597
20218110000000,19.859457016
20218590000000,19.9597587585
20219020000000,19.9226799011
20219460000000,19.8766269684
20219880000000,19.963388443
20220320000000,19.8979415894
20220750000000,19.8565769196
20221200000000,19.9366569519
20221650000000,19.8602237701
20222100000000,19.7759513855
20222580000000,19.6284828186
20223000000000,19.3688163757
20223430000000,19.2263774872
20223870000000,19.0692405701
20224290000000,18.8215255737
20224760000000,18.6174468994
20225230000000,18.3659496307
20225690000000,18.2338447571
20226160000000,18.1415061951
20226620000000,18.0522022247
20227040000000,17.8791217804
20227490000000,17.7259159088
20227940000000,17.4698867798
20228380000000,17.2660007477
20228800000000,17.0366458893
20229250000000,16.8452472687
20229720000000,16.6681804657
20230160000000,16.4729938507
20230600000000,16.3214664459
20231030000000,16.1361751556
20231490000000,15.9212141037
20231920000000,15.7638339996
20232350000000,15.620467186
20232810000000,15.4392528534
20233250000000,15.2729940414
20233700000000,15.0952358246
20234110000000,14.9628448486
20234540000000,14.8556241989
20234950000000,14.8796977997
20235390000000,14.8965511322
20235800000000,14.9027242661
20236220000000,14.9056186676
20236650000000,14.9288072586
20237080000000,15.0887145996
20237540000000,15.2610340118
20237960000000,15.431728363
20238370000000,15.598862648
20238780000000,15.7619485855
20239180000000,15.9374465942
20239580000000,16.1237277985
20240010000000,16.2968997955
20240460000000,16.4836406708
20240870000000,16.7171783447
20241370000000,16.9083786011
20241800000000,17.1352043152
20242240000000,17.3253154755
20242650000000,17.495475769
20243070000000,17.4954662323
20243530000000,17.4774894714
20243990000000,17.530544281
20244410000000,17.5365695953
20244830000000,17.5577106476
20245240000000,17.4489650726
20245670000000,17.5500411987
20246090000000,17.4545307159
20246480000000,17.2587356567
20246930000000,17.0879955292
20247360000000,16.8582897186
20247790000000,16.6179943085
20248250000000,16.4320144653
20248670000000,16.1925849915
20249090000000,15.9793596268
20249500000000,15.8172960281
20249910000000,15.6412553787
20250360000000,15.4264392853
20250810000000,15.2362165451
20251220000000,15.0330028534
20251620000000,14.8556394577
20252050000000,14.6646203995
20252470000000,14.4470186234
20252880000000,14.2678804398
20253300000000,14.0571136475
20253740000000,13.8433666229
20254160000000,13.6421365738
20254570000000,13.4178762436
20254980000000,13.2304019928
20255410000000,13.0720853806
20255840000000,12.8894367218
20256240000000,12.7124643326
20256650000000,12.4979639053
20257080000000,12.3093652725
20257520000000,12.1026878357
20257970000000,11.8848028183
20258370000000,11.652677536
20258780000000,11.4464797974
20259180000000,11.2487983704
20259620000000,11.0580892563
20260050000000,10.8291721344
20260490000000,10.610827446
20260880000000,10.4046030045
20261280000000,10.208937645
20261710000000,10.0009584427
20262110000000,9.78311920166
20262540000000,9.58911323547
20262940000000,9.37352561951
20263360000000,9.19952583313
20263840000000,8.96752357483
20264260000000,8.72574710846
20264690000000,8.52960968018
20265110000000,8.32064151764
20265500000000,8.09164428711
20265900000000,7.91140365601
20266350000000,7.70502281189
20266750000000,7.48612976074
20267180000000,7.29353141785
20267570000000,7.05945253372
20267970000000,6.89086341858
20268370000000,6.6487736702
20268810000000,6.45775747299
20269200000000,6.23559379578
20269630000000,6.05470514297
20270130000000,5.86731624603
20270580000000,5.67722463608
20270990000000,5.50219297409
20271420000000,5.42549514771
20271830000000,5.28663539886
20272250000000,5.09778547287
20272680000000,4.89816665649
20273070000000,4.70560741425
20273450000000,4.51640796661
20273850000000,4.3467206955
20274270000000,4.14460706711
20274660000000,3.95566940308
20275090000000,3.77515554428
20275500000000,3.56631040573
20275910000000,3.39581298828
20276360000000,3.22561860085
20276770000000,3.03511095047
20277240000000,2.85165286064
20277660000000,2.69041824341
20278080000000,2.53096246719
20278510000000,2.37209510803
20278920000000,2.20456242561
20279350000000,2.04434275627
20279800000000,1.84714639187
20280220000000,1.66019916534
20280640000000,1.4461940527
20281080000000,1.27448821068
20281510000000,1.0751209259
20281910000000,0.907732903957
20282350000000,0.75513780117
