11261340000000,9.44804191589
11262080000000,9.03008079529
11262780000000,8.68912410736
11263490000000,8.32695960999
11264160000000,7.98059558868
11264830000000,7.62589168549
11265530000000,7.31734657288
11266180000000,7.03111124039
11266840000000,6.75387430191
11267510000000,6.50355291367
11268160000000,6.20287466049
11268810000000,6.02625179291
11269450000000,5.96801996231
11270120000000,6.03952407837
11270740000000,6.2635602951
11271370000000,6.46038961411
11272000000000,6.72523260117
11272630000000,7.11628770828
11273260000000,7.47412919998
11273880000000,7.81389474869
11274530000000,8.15916538239
11275190000000,8.48949718475
11275830000000,8.78986549377
11276500000000,9.12967395782
11277180000000,9.4779920578
11277810000000,9.59096717834
11278430000000,9.49142837524
11279080000000,9.4200963974
11279730000000,9.32724475861
11280360000000,9.00344944
11281010000000,8.72733020782
11281650000000,8.38896179199
11282260000000,8.10254859924
11282890000000,7.84129047394
11283510000000,7.5007648468
11284120000000,7.16562175751
11284770000000,6.8232588768
11285370000000,6.48233747482
11286020000000,6.18940210342
11286650000000,5.88310623169
11287290000000,5.56939840317
11287920000000,5.3244767189
11288570000000,5.00678730011
11289230000000,4.63877677917
11289830000000,4.3331489563
11290450000000,4.01412248611
11291090000000,3.64938688278
11291710000000,3.23799395561
11292340000000,2.85677146912
11292940000000,2.50342082977
11293590000000,2.20592093468
11294200000000,1.88418006897
11294830000000,1.56991398335
11295420000000,1.27245986462
11296060000000,1.04363572598
11296660000000,0.901214241982
11297290000000,0.8052085042
11297910000000,0.835602641106
11298570000000,0.878272175789
11299200000000,1.06441307068
11299800000000,1.31010043621
11300430000000,1.56482517719
11301070000000,1.8383140564
11301690000000,2.13354992867
11302280000000,2.43117117882
11302850000000,2.7031853199
11303480000000,2.99539732933
11304090000000,3.29293847084
11304710000000,3.61208128929
11305320000000,3.92935705185
11305930000000,4.25393819809
11306530000000,4.55755472183
11307110000000,4.85648012161
11307710000000,5.18784046173
11308300000000,5.456990242
11308880000000,5.75486469269
11309470000000,6.02723121643
11310100000000,6.33612632751
11310690000000,6.6577911377
11311290000000,6.94401454926
11311870000000,7.25937128067
11312460000000,7.54494905472
11313110000000,7.83202075958
11313730000000,8.14278793335
11314320000000,8.46637630463
11314910000000,8.73848247528
11315490000000,9.0329208374
11316060000000,9.32609176636
11316670000000,9.60874271393
11317260000000,9.90757083893
11317850000000,10.2112321854
11318460000000,10.5071086884
11319090000000,10.8122720718
11319700000000,11.1146497726
11320310000000,11.4228134155
11320980000000,11.7174501419
11321560000000,12.0183763504
11322140000000,12.3289546967
11322740000000,12.611866951
11323370000000,12.8895511627
11323980000000,13.2211551666
11324610000000,13.5208978653
11325190000000,13.8289308548
11325780000000,14.1135091782
11326370000000,14.4050273895
11326990000000,14.7056398392
11327610000000,15.0132913589
11328230000000,15.2919216156
11328830000000,15.5628004074
11329480000000,15.8310089111
11330080000000,16.0946655273
11330680000000,16.3923149109
11331280000000,16.6566734314
11331880000000,16.9453735352
11332470000000,17.2511081696
