
20352890000000,8.23118305206
20353410000000,8.00820159912
20353920000000,7.85672616959
20354450000000,7.5469660759
20354950000000,7.32283401489
20355470000000,7.10075139999
20355960000000,6.84228563309
20356430000000,6.63517808914
20356920000000,6.49723434448
20357400000000,6.19824361801
20357870000000,5.9447221756
20358370000000,5.74285650253
20358870000000,5.50727176666
20359310000000,5.27055263519
20359790000000,5.17659568787
20360270000000,4.89046669006
20360740000000,4.75699234009
20361180000000,4.73763990402
20361610000000,4.61078166962
20362070000000,4.39312267303
20362530000000,4.2177734375
20362960000000,4.02475500107
20363390000000,3.85940241814
20363870000000,3.63397336006
20364310000000,3.45886516571
20364890000000,3.37773680687
20365400000000,3.17578291893
20365930000000,3.16840314865
20366370000000,3.3065571785
20366810000000,3.25825548172
20367230000000,2.92551851273
20367650000000,2.68144774437
20368080000000,2.40806245804
20368520000000,2.25655221939
20368970000000,2.13144350052
20369420000000,1.94271469116
20369880000000,1.73224914074
20370310000000,1.53711950779
20370760000000,1.32161748409
20371200000000,1.12500178814
20371630000000,0.915651619434
20372070000000,0.700761258602
20372720000000,0.49614572525
20372940000000,0.423729479313
20373400000000,0.435637354851
20373820000000,0.531456053257
20374250000000,0.516931951046
20374720000000,0.477601379156
20375170000000,0.486055850983
20375600000000,0.482145726681
20376030000000,0.394550651312
20376480000000,0.439625054598
20376930000000,0.621924817562
20377390000000,0.84218198061
20377830000000,1.04979765415
20378310000000,1.26493191719
20378740000000,1.47471797466
20379200000000,1.6694444418
20379630000000,1.91727483273
20380080000000,2.15695214272
20380530000000,2.36867237091
20380980000000,2.5829501152
20381420000000,2.72907400131
20381850000000,2.84166455269
20382280000000,2.91452860832
20382700000000,3.04268407822
20383150000000,3.17328715324
20383570000000,3.34520173073
20384000000000,3.4989566803
20384450000000,3.62681698799
20384900000000,3.75761413574
20385360000000,3.96612763405
20385800000000,4.18230867386
20386230000000,4.28610992432
20386680000000,4.34903669357
20387100000000,4.46530389786
20387560000000,4.60484027863
20388040000000,4.84734773636
20388480000000,5.18562602997
20388910000000,5.4729347229
20389340000000,5.59095954895
20389770000000,5.7636089325
20390200000000,5.95311307907
20390640000000,6.15106153488
20391070000000,6.3146147728
20391490000000,6.4136428833
20391950000000,6.53569984436
20392380000000,6.67862319946
20392810000000,6.79601860046
20393250000000,6.99275922775
20393670000000,7.17564678192
20394110000000,7.39335346222
20394520000000,7.55525684357
20394930000000,7.71022701263
20395360000000,7.91891479492
20395790000000,8.11671829224
20396210000000,8.31084346771
20396650000000,8.5276517868
20397050000000,8.7020816803
20397480000000,8.71572399139
20397900000000,8.89890861511
20398310000000,9.06845188141
20398520000000,9.2179145813
20399150000000,9.24835681915
20399570000000,9.34305667877
20400010000000,9.41098403931
20400450000000,9.38014411926
20400870000000,9.32849121094
20401290000000,9.23953533173
20401700000000,9.29132175446
20402110000000,9.23457050323
20402530000000,9.23683071136
20402950000000,9.26990795135
20403430000000,9.19173622131
20403850000000,8.9825630188
20404260000000,8.77830886841
20404690000000,8.61314201355
20405120000000,8.40092945099
20405530000000,8.18529033661
20405940000000,8.02912139893
20406380000000,7.87366819382
20406810000000,7.67568969727
20407250000000,7.50195360184
20407690000000,7.35609149933
20408140000000,7.20959854126
20408560000000,7.0830783844
20408960000000,7.01987028122
20409370000000,6.96420860291
20409780000000,6.94970083237
20410190000000,6.9295592308
20410640000000,6.9600481987
20411070000000,6.99932575226
20411470000000,7.09045124054
20411900000000,7.14852714539
20412370000000,7.27126836777
20412790000000,7.40517520905
20413200000000,7.57523870468
20413620000000,7.68003892899
20414060000000,7.82401895523
20414470000000,7.98555278778
20414890000000,8.16850948334
20415300000000,8.32147216797
20415740000000,8.48535251617
20416170000000,8.68247032166
20416570000000,8.86872196198
20416970000000,9.08113670349
20417390000000,9.26389694214
20417780000000,9.45828914642
20418170000000,9.64440250397
20418580000000,9.83702659607
20418980000000,10.0439567566
20419370000000,10.2064552307
20419780000000,10.3793134689
20420190000000,10.6041555405
20420620000000,10.7974967957
20421030000000,11.0021514893
20421490000000,11.1922454834
20421900000000,11.4237041473
20422350000000,11.6147022247
20422760000000,11.8436555862
20423190000000,12.0530633926
20423620000000,12.2734231949
20424030000000,12.4846687317
20424480000000,12.6450223923
20424910000000,12.8619422913
20425320000000,13.0930166245
20425760000000,13.2710237503
20426180000000,13.475148201
20426610000000,13.6861219406
20427030000000,13.8809165955
20427480000000,14.0916690826
20427880000000,14.2868356705
20428300000000,14.477560997
20428760000000,14.7000713348
20429170000000,14.9158630371
20429600000000,15.0860357285
20430030000000,15.2385263443
20430450000000,15.387178421
20430850000000,15.5719165802
20431270000000,15.7666769028
20431670000000,15.939324379
20432080000000,16.1287250519
20432520000000,16.2787570953
20432960000000,16.4500541687
20433380000000,16.6400527954
20433810000000,16.8064250946
20434210000000,17.0413208008
20434630000000,17.2277259827
20435050000000,17.4325122833
20435540000000,17.5839996338
20436000000000,17.7872962952
20436420000000,18.0078010559
20436800000000,18.2293777466
20437230000000,18.350194931
20437640000000,18.5482501984
20438050000000,18.7180652618
20438480000000,18.8202877045
20438920000000,18.9981479645
20439340000000,19.1880111694
20439740000000,19.3417606354
20440150000000,19.530790329
