
20352890000000,9.83368968964
20353410000000,9.6157283783
20353920000000,9.36504459381
20354450000000,9.16107940674
20354950000000,8.91126918793
20355470000000,8.71292495728
20355960000000,8.44321918488
20356430000000,8.24094104767
20356920000000,8.01902675629
20357400000000,7.79462909698
20357870000000,7.56946516037
20358370000000,7.34425067902
20358870000000,7.13226747513
20359310000000,6.89676189423
20359790000000,6.70138168335
20360270000000,6.53828525543
20360740000000,6.45539569855
20361180000000,6.4827337265
20361610000000,6.4492316246
20362070000000,6.39505052567
20362530000000,6.31972980499
20362960000000,6.23199892044
20363390000000,6.24518680573
20363870000000,6.33561611176
20364310000000,6.49086284637
20364890000000,6.77512168884
20365400000000,6.86098766327
20365930000000,6.84524202347
20366370000000,6.70782852173
20366810000000,6.72715377808
20367230000000,6.97508525848
20367650000000,7.21460199356
20368080000000,7.44423389435
20368520000000,7.57145261765
20368970000000,7.71377086639
20369420000000,7.92918777466
20369880000000,8.12825202942
20370310000000,8.34185504913
20370760000000,8.53026008606
20371200000000,8.75754356384
20371630000000,8.94534778595
20372070000000,9.1671257019
20372500000000,9.38259029388
20372940000000,9.44052028656
20373400000000,9.46309566498
20373820000000,9.38555622101
20374250000000,9.36433601379
20374720000000,9.40366363525
20375170000000,9.41165828705
20375600000000,9.38318347931
20376030000000,9.48167037964
20376480000000,9.43688583374
20376930000000,9.24293613434
20377390000000,9.05424594879
20377830000000,8.84430217743
20378310000000,8.63997554779
20378740000000,8.43910121918
20379200000000,8.28031253815
20379630000000,8.04341220856
20380080000000,7.82539081573
20380530000000,7.61151361465
20380980000000,7.43850183487
20381420000000,7.35962915421
20381850000000,7.20967531204
20382280000000,7.03059244156
20382700000000,6.85078716278
20383150000000,6.68204307556
20383570000000,6.52758932114
20384000000000,6.39575099945
20384450000000,6.28360462189
20384900000000,6.13843870163
20385360000000,5.9570350647
20385800000000,5.74124097824
20386230000000,5.59836149216
20386680000000,5.51893043518
20387100000000,5.4173989296
20387560000000,5.29562950134
20388040000000,5.04447746277
20388480000000,4.68751716614
20388910000000,4.40114974976
20389340000000,4.28875923157
20389770000000,4.09504556656
20390200000000,3.85197067261
20390640000000,3.70047211647
20391070000000,3.57713222504
20391490000000,3.49201250076
20391950000000,3.37590670586
20392380000000,3.25113177299
20392810000000,3.09437727928
20393250000000,2.90466475487
20393670000000,2.72188258171
20394110000000,2.5330786705
20394520000000,2.3490562439
20394930000000,2.16113615036
20395360000000,1.95367980003
20395790000000,1.7607601881
20396210000000,1.56234562397
20396650000000,1.34395849705
20397050000000,1.1736792326
20397480000000,1.13524782658
20397900000000,0.976488530636
20398310000000,0.806719958782
20398720000000,0.644791245461
20399150000000,0.622567713261
20399570000000,0.53715223074
20400010000000,0.470221012831
20400450000000,0.529119253159
20400870000000,0.588833034039
20401290000000,0.640074551105
20401700000000,0.649474918842
20402110000000,0.700386404991
20402530000000,0.710763394833
20402950000000,0.673374891281
20403430000000,0.747442901134
20403850000000,0.923418343067
20404260000000,1.10386323929
20404690000000,1.29091763496
20405120000000,1.48232352734
20405530000000,1.67789363861
20405940000000,1.86059141159
20406380000000,2.04966759682
20406810000000,2.2518055439
20407250000000,2.44655609131
20407690000000,2.64298558235
20408140000000,2.87308549881
20408560000000,3.06674742699
20408960000000,3.27396774292
20409370000000,3.45166420937
20409780000000,3.64447808266
20410190000000,3.86296105385
20410640000000,4.03139638901
20411070000000,4.24722623825
20411470000000,4.43379497528
20411900000000,4.60219669342
20412370000000,4.78336715698
20412790000000,5.02407932281
20413200000000,5.23088169098
20413620000000,5.42131328583
20414060000000,5.6148276329
20414470000000,5.8256778717
20414890000000,6.00619125366
20415300000000,6.18885183334
20415740000000,6.3590130806
20416170000000,6.56258535385
20416570000000,6.75363254547
20416970000000,6.97085618973
20417390000000,7.1469078064
20417780000000,7.34408426285
20418170000000,7.51647949219
20418580000000,7.71265745163
20418980000000,7.90481567383
20419370000000,8.07478713989
20419780000000,8.27463912964
20420190000000,8.47316074371
20420620000000,8.65723800659
20421030000000,8.86887741089
20421490000000,9.05630779266
20421900000000,9.29013633728
20422350000000,9.47691440582
20422760000000,9.69379234314
20423190000000,9.89591217041
20423620000000,10.1021213531
20424030000000,10.308382988
20424480000000,10.4947443008
20424910000000,10.7272081375
20425320000000,10.9205970764
20425760000000,11.1056909561
20426180000000,11.3126134872
20426610000000,11.5189256668
20427030000000,11.7135038376
20427480000000,11.9331378937
20427880000000,12.159869194
20428300000000,12.3390140533
20428760000000,12.5373706818
20429170000000,12.7446184158
20429600000000,12.9252347946
20430030000000,13.0878562927
20430450000000,13.2154350281
20430850000000,13.4238729477
20431270000000,13.5975379944
20431670000000,13.7603616714
20432080000000,13.9502916336
20432520000000,14.0946950912
20432960000000,14.2812900543
20433380000000,14.475684166
20433810000000,14.6631145477
20434210000000,14.8683071136
20434630000000,15.0856351852
20435050000000,15.2368202209
20435540000000,15.4198055267
20436000000000,15.6429452896
20436420000000,15.8533124924
20436800000000,16.0470638275
20437230000000,16.203207016
20437640000000,16.36170578
20438050000000,16.5422687531
20438480000000,16.6659145355
20438920000000,16.8367652893
20439340000000,17.0196857452
20439740000000,17.2097148895
20440150000000,17.3526268005
