
12364620000000,19.5007381439
12365380000000,19.5007305145
12366190000000,19.5007247925
12366910000000,19.3919467926
12367670000000,19.0589981079
12368430000000,18.7551784515
12369140000000,18.4614639282
12369850000000,18.2226276398
12370570000000,17.883441925
12371250000000,17.5533676147
12371930000000,17.2592010498
12372620000000,16.9934558868
12373260000000,16.912858963
12373900000000,16.8024520874
12374570000000,16.8441390991
12375270000000,16.8978748322
12375960000000,17.0943698883
12376580000000,17.4399433136
12377240000000,17.8362979889
12377900000000,18.1847515106
12378540000000,18.5592193604
12379230000000,18.9059581757
12379890000000,19.2319831848
12380540000000,19.5650119781
12381180000000,19.847202301
12381820000000,20.1495609283
12382490000000,20.4364624023
12383100000000,20.4931468964
12383730000000,20.5168056488
12384400000000,20.4525604248
12385020000000,20.3785839081
12385680000000,20.1371841431
12386310000000,19.7742099762
12386970000000,19.5088691711
12387590000000,19.1766853333
12388270000000,18.8800907135
12388940000000,18.498544693
12389560000000,18.1404590607
12390190000000,17.7880020142
12390840000000,17.3805770874
12391490000000,17.0319442749
12392120000000,16.7225379944
12392770000000,16.4175109863
12393370000000,16.0975914001
12394050000000,15.8141508102
12394730000000,15.5111284256
12395340000000,15.2477064133
12396000000000,15.0840349197
12396660000000,14.9164485931
12397280000000,14.8957567215
12397910000000,15.0399847031
12398510000000,15.2035999298
12399160000000,15.3800907135
12399760000000,15.6620931625
12400360000000,15.8910713196
12400950000000,16.1725101471
12401660000000,16.4342155457
12402280000000,16.784160614
12402900000000,17.0863399506
12403510000000,17.3810272217
12404120000000,17.480890274
12404720000000,17.5520706177
12405340000000,17.4949970245
12405970000000,17.5856971741
12406610000000,17.4540786743
12407240000000,17.1475448608
12407850000000,16.8410320282
12408470000000,16.5625782013
12409060000000,16.2617797852
12409670000000,15.9847555161
12410300000000,15.6770019531
12410910000000,15.3604564667
12411500000000,15.0715427399
12412120000000,14.79155159
12412750000000,14.5550689697
12413370000000,14.284406662
12414020000000,14.0238409042
12414630000000,13.7166366577
12415220000000,13.4454288483
12415820000000,13.2091684341
12416470000000,12.939204216
12417070000000,12.622508049
12417660000000,12.3394546509
12418300000000,12.0363378525
12418890000000,11.735244751
12419510000000,11.4458990097
12420100000000,11.1291160583
12420780000000,10.8346776962
12421360000000,10.4868526459
12421940000000,10.2221746445
12422530000000,9.94233131409
12423140000000,9.64809989929
12423730000000,9.33419895172
12424330000000,9.04865455627
12424950000000,8.73710727692
12425530000000,8.43891048431
12426120000000,8.13790225983
12426740000000,7.84792041779
12427340000000,7.52431154251
12427910000000,7.22396945953
12428530000000,6.94791603088
12429120000000,6.63482570648
12429750000000,6.31896781921
12430350000000,6.00416994095
12430950000000,5.73505353928
12431570000000,5.48996591568
12432190000000,5.22576093674
12432780000000,4.95822381973
12433410000000,4.68668651581
12434020000000,4.39541482925
12434670000000,4.12882757187
12435280000000,3.79785609245
12435880000000,3.53600144386
12436490000000,3.22945857048
12437080000000,2.93262696266
12437660000000,2.63780832291
12438280000000,2.36072492599
12438900000000,2.04582500458
12439540000000,1.75415837765
12440180000000,1.44452953339
12440780000000,1.14161777496
12441440000000,0.871811509132
12442050000000,0.767104923725
12442680000000,0.767075717449
