13959960000000,10.0330562592
13960690000000,9.64862346649
13961410000000,9.31434059143
13962150000000,8.98038482666
13962850000000,8.60748672485
13963530000000,8.25265407562
13964240000000,7.93405532837
13964910000000,7.57804727554
13965600000000,7.23951482773
13966260000000,6.96134805679
13966930000000,6.74449586868
13967580000000,6.47025680542
13968230000000,6.30120038986
13968850000000,6.38921260834
13969480000000,6.54853630066
13970140000000,6.76774501801
13970800000000,7.13079309464
13971480000000,7.43241405487
13972100000000,7.61890792847
13972700000000,7.95197725296
13973360000000,8.24977111816
13974000000000,8.57249832153
13974660000000,8.89383125305
13975310000000,9.21452903748
13975930000000,9.55462932587
13976550000000,9.75671672821
13977170000000,9.78086185455
13977820000000,9.75523662567
13978430000000,9.73788547516
13979060000000,9.57200908661
13979700000000,9.32342433929
13980370000000,9.03208065033
13980980000000,8.74189090729
13981630000000,8.42296600342
13982260000000,8.14258289337
13982900000000,7.77032899857
13983530000000,7.49439001083
13984170000000,7.12038040161
13984800000000,6.78045845032
13985390000000,6.47857379913
13986040000000,6.18820142746
13986700000000,5.8345413208
13987320000000,5.52591371536
13987950000000,5.21115398407
13988580000000,4.8599023819
13989200000000,4.51248979568
13989810000000,4.29935264587
13990450000000,4.09953117371
13991050000000,3.83797740936
13991700000000,3.63093996048
13992320000000,3.39345669746
13992970000000,3.10900688171
13993590000000,2.85624599457
13994230000000,2.51639032364
13994850000000,2.18912649155
13995460000000,1.89286899567
13996060000000,1.57779455185
13996680000000,1.27934551239
13997290000000,0.970512032509
13997910000000,0.657445967197
13998540000000,0.514850854874
13999130000000,0.547425448895
13999770000000,0.581173598766
14000390000000,0.716815412045
14001000000000,0.944652855396
14001610000000,1.20085895061
14002230000000,1.44372403622
14002830000000,1.79724061489
14003460000000,2.1086139679
14004050000000,2.41549611092
14004690000000,2.72661399841
14005300000000,3.04957842827
14005910000000,3.33143687248
14006520000000,3.64820194244
14007160000000,3.96904468536
14007750000000,4.33769178391
14008360000000,4.6385717392
14008960000000,4.95414829254
14009560000000,5.22203207016
14010140000000,5.52338504791
14010780000000,5.81241035461
14011450000000,6.12687301636
14012030000000,6.48428106308
14012620000000,6.76737308502
14013210000000,7.06307220459
14013790000000,7.35741138458
14014410000000,7.66649198532
14014980000000,7.94866085052
14015620000000,8.22494125366
14016190000000,8.56680774689
14016820000000,8.84641647339
14017460000000,9.15714645386
14018050000000,9.48539638519
14018640000000,9.77937030792
14019300000000,10.0923910141
14019900000000,10.4196453094
14020510000000,10.7038736343
14021120000000,11.0119161606
14021730000000,11.324131012
14022310000000,11.6357736588
14022930000000,11.8972053528
14023640000000,12.1952400208
14024240000000,12.6036787033
14024830000000,12.8850507736
14025460000000,13.151389122
14026060000000,13.4666538239
14026660000000,13.7535095215
14027240000000,14.0329751968
14027890000000,14.3377351761
14028490000000,14.6578216553
14029110000000,14.9426660538
14029710000000,15.2564029694
14030350000000,15.5253982544
14030930000000,15.8271074295
14031490000000,16.1298179626
14032080000000,16.3482704163
14032680000000,16.6857624054
14033310000000,16.9900493622
14033940000000,17.3123474121
