
10332480000000,10.0412855148
10333280000000,10.0413370132
10334060000000,9.9729347229
10334820000000,9.58906269073
10335540000000,9.27270126343
10336320000000,8.91042804718
10337050000000,8.55188179016
10337720000000,8.1575460434
10338430000000,7.82909631729
10339120000000,7.47722768784
10339790000000,7.12671327591
10340450000000,6.82072687149
10341130000000,6.57681035995
10341770000000,6.41594791412
10342400000000,6.28781795502
10343070000000,6.29101991653
10343710000000,6.57034635544
10344320000000,6.86838150024
10344940000000,6.9716591835
10345600000000,7.07372140884
10346220000000,7.42979335785
10346850000000,7.72063732147
10347500000000,8.02764701843
10348140000000,8.32985305786
10348740000000,8.62333774567
10349390000000,8.91951560974
10350010000000,9.17548847198
10350670000000,9.47321033478
10351300000000,9.71570777893
10351960000000,9.78077316284
10352590000000,9.77405357361
10353230000000,9.81441307068
10353840000000,9.70795726776
10354500000000,9.48961448669
10355140000000,9.13254737854
10355750000000,8.82186126709
10356410000000,8.51430988312
10357060000000,8.18438243866
10357690000000,7.84736680984
10358310000000,7.54105901718
10358960000000,7.14311265945
10359570000000,6.78725862503
10360190000000,6.49098443985
10360810000000,6.17876291275
10361440000000,5.90856313705
10362090000000,5.61563587189
10362700000000,5.26128530502
10363310000000,4.97905063629
10363960000000,4.62984895706
10364650000000,4.25272274017
10365270000000,3.9433927536
10365890000000,3.65206289291
10366530000000,3.41495990753
10367150000000,3.1410677433
10367740000000,2.83673644066
10368360000000,2.53702402115
10368990000000,2.24267077446
10369590000000,1.91178715229
10370220000000,1.62120449543
10370830000000,1.29143238068
10371440000000,0.991532981396
10372040000000,0.699028432369
10372670000000,0.577287495136
10373250000000,0.490122765303
10373840000000,0.43261000514
10374480000000,0.601290524006
10375070000000,0.932192623615
10375710000000,1.27143955231
10376300000000,1.53387749195
10376910000000,1.83405411243
10377520000000,2.12214612961
10378140000000,2.42289733887
10378760000000,2.71852779388
10379350000000,3.03069472313
10379930000000,3.29596805573
10380560000000,3.57696270943
10381190000000,3.90575122833
10381790000000,4.22615242004
10382410000000,4.53462266922
10383050000000,4.85795688629
10383620000000,5.18476295471
10384240000000,5.47266769409
10384890000000,5.75900363922
10385540000000,6.09904432297
10386150000000,6.41610097885
10386730000000,6.7225933075
10387340000000,7.00714302063
10387960000000,7.303129673
10388560000000,7.54327297211
10389150000000,7.81872653961
10389750000000,8.11147880554
10390370000000,8.40913200378
10390970000000,8.72358417511
10391590000000,9.0316286087
10392230000000,9.32422637939
10392860000000,9.63998889923
10393460000000,9.96575641632
10394090000000,10.2717599869
10394670000000,10.5866909027
10395300000000,10.8668079376
10395910000000,11.2001619339
10396530000000,11.5205345154
10397110000000,11.8282051086
10397700000000,12.0833234787
10398330000000,12.4014320374
10398920000000,12.7117357254
10399510000000,13.0439414978
10400140000000,13.340171814
10400760000000,13.6503744125
10401340000000,13.9433326721
10401960000000,14.2551221848
10402550000000,14.5537376404
10403160000000,14.8224058151
10403800000000,15.092373848
10404440000000,15.3830852509
10405050000000,15.6128778458
10405710000000,15.84562397
10406340000000,16.1334762573
10406980000000,16.4171733856
10407590000000,16.7072048187
10408180000000,17.0278816223
10408760000000,17.3097877502
10409350000000,17.5127754211
10409950000000,17.517282486
10410570000000,17.5173339844
10411180000000,17.5173606873
10411810000000,17.5173816681
10412410000000,17.5173969269
