
20018440000000,9.24789142609
20019010000000,9.03234195709
20019550000000,8.75951099396
20020080000000,8.60346698761
20020590000000,8.28985691071
20021120000000,8.03287506104
20021600000000,7.80421161652
20022140000000,7.57088899612
20022680000000,7.36136245728
20023180000000,7.20612049103
20023680000000,6.88050746918
20024170000000,6.64457654953
20024650000000,6.47144079208
20025100000000,6.23902463913
20025600000000,6.11784791946
20026090000000,5.82285070419
20026550000000,5.67088413239
20026990000000,5.57986974716
20027430000000,5.37284231186
20027870000000,5.23425865173
20028300000000,5.08045482635
20028750000000,4.94763708115
20029210000000,4.81384754181
20029630000000,4.67476558685
20030080000000,4.49035072327
20030550000000,4.22283506393
20031010000000,4.11443042755
20031430000000,4.04427957535
20031900000000,3.84399294853
20032360000000,3.63287496567
20032810000000,3.38614010811
20033230000000,3.16669368744
20033670000000,2.90041828156
20034140000000,2.70851278305
20034590000000,2.46227931976
20035030000000,2.25154137611
20035450000000,2.0194170475
20035880000000,1.82013833523
20036290000000,1.69333994389
20036730000000,1.50052952766
20037180000000,1.29731523991
20037610000000,1.07973325253
20038050000000,0.892051994801
20038520000000,0.69845277071
20038930000000,0.666846513748
20039360000000,0.729089617729
20039790000000,0.861063122749
20040250000000,0.905926585197
20040690000000,0.916682779789
20041110000000,0.906473815441
20041570000000,0.899571478367
20042000000000,0.974468827248
20042430000000,0.99545186758
20042880000000,1.06327068806
20043320000000,1.11618077755
20043750000000,1.16189169884
20044180000000,1.26745486259
20044630000000,1.40406656265
20045070000000,1.5615477562
20045520000000,1.65029990673
20045970000000,1.78472483158
20046410000000,1.96925270557
20046820000000,2.12682461739
20047250000000,2.32067370415
20047700000000,2.52455401421
20048140000000,2.69892120361
20048560000000,2.94294881821
20049020000000,3.20139527321
20049440000000,3.43840146065
20049890000000,3.63991761208
20050310000000,3.8370654583
20050740000000,3.96825528145
20051150000000,4.12177228928
20051590000000,4.25272321701
20052020000000,4.36207580566
20052450000000,4.51847219467
20052870000000,4.73389530182
20053310000000,4.98199510574
20053740000000,5.43175411224
20054150000000,5.70621299744
20054560000000,5.79843378067
20055000000000,6.01010799408
20055420000000,6.19555664062
20055880000000,6.43341302872
20056280000000,6.70015954971
20056700000000,7.02774047852
20057110000000,7.2851858139
20057540000000,7.47110843658
20057990000000,7.66732406616
20058420000000,7.88655805588
20058880000000,8.05863761902
20059300000000,8.25240135193
20059720000000,8.44411754608
20060150000000,8.63753700256
20060560000000,8.82589149475
20060970000000,8.93468475342
20061220000000,8.97044467926
20061830000000,8.96758651733
20062250000000,8.97894668579
20062660000000,8.90708732605
20063080000000,8.94512271881
20063490000000,8.94027805328
20063900000000,8.8953704834
20064340000000,8.87924098969
20064770000000,8.66024971008
20065190000000,8.49646472931
20065600000000,8.40475463867
20066030000000,8.23351097107
20066490000000,8.04587459564
20066910000000,7.82128334045
20067320000000,7.64152956009
20067730000000,7.44903802872
20068130000000,7.28163909912
20068550000000,7.10478925705
20068960000000,6.94354391098
20069380000000,6.85406446457
20069830000000,6.80466175079
20070240000000,6.73590898514
20070660000000,6.7433848381
20071070000000,6.79082107544
20071490000000,6.83121967316
20071960000000,6.90990781784
20072380000000,6.99299955368
20072800000000,7.09216690063
20073210000000,7.23235702515
20073630000000,7.39688825607
20074050000000,7.56213283539
20074480000000,7.72771883011
20074890000000,7.89150905609
20075320000000,8.03155422211
20075710000000,8.20928382874
20076120000000,8.38349246979
20076530000000,8.52326583862
20076940000000,8.69174289703
20077370000000,8.88595676422
20077760000000,9.04784488678
20078170000000,9.19560909271
20078590000000,9.39456939697
20078990000000,9.57070446014
20079400000000,9.73552417755
20079810000000,9.92908477783
20080210000000,10.0993776321
20080640000000,10.2729701996
20081050000000,10.4568729401
20081450000000,10.642616272
20081840000000,10.7884731293
20082240000000,10.9764785767
20082680000000,11.1661863327
20083070000000,11.3510503769
20083470000000,11.5403747559
20083860000000,11.7402391434
20084270000000,11.9016523361
20084670000000,12.0795993805
20085080000000,12.2702789307
20085520000000,12.4280471802
20085910000000,12.6505594254
20086340000000,12.8334856033
20086760000000,13.0111103058
20087180000000,13.2101335526
20087600000000,13.4119310379
20088010000000,13.6028079987
20088450000000,13.7370595932
20088870000000,13.9295578003
20089270000000,14.1368980408
20089690000000,14.3175640106
20090100000000,14.4781827927
20090520000000,14.6390352249
20090940000000,14.7872753143
20091340000000,14.8982944489
20091740000000,15.1008224487
20092150000000,15.2405767441
20092550000000,15.4331912994
20092960000000,15.5939159393
20093420000000,15.7745676041
20093840000000,16.0237522125
20094240000000,16.2009830475
20094660000000,16.3563022614
20095060000000,16.5793209076
20095480000000,16.7211170197
20095880000000,16.9343414307
20096300000000,17.1300621033
20096710000000,17.2654342651
20097130000000,17.4346389771
20097530000000,17.645029068
20097930000000,17.8412036896
20098350000000,18.0355548859
20098730000000,18.191192627
20099150000000,18.3688735962
20099570000000,18.5853672028
20099990000000,18.7845687866
20100430000000,18.9879455566
20100850000000,19.2833652496
20101280000000,19.3140659332
20101710000000,19.319568634
