
20502880000000,20.0229434967
20503430000000,19.898311615
20503970000000,19.6620330811
20504530000000,19.4437942505
20505080000000,19.3055419922
20505630000000,19.0676364899
20506130000000,18.912109375
20506630000000,18.7073802948
20507140000000,18.4859981537
20507620000000,18.2294692993
20508090000000,17.9867973328
20508600000000,17.8020915985
20509080000000,17.5665683746
20509530000000,17.3674564362
20510010000000,17.1684036255
20510470000000,16.9298305511
20510950000000,16.7295036316
20511390000000,16.5129013062
20511840000000,16.4029560089
20512280000000,16.2498111725
20512720000000,16.1336765289
20513150000000,16.0154533386
20513580000000,15.9121608734
20514000000000,15.8513097763
20514440000000,15.7696800232
20514870000000,15.7505245209
20515310000000,15.81153965
20515760000000,15.9329185486
20516210000000,16.1258659363
20516640000000,16.2548751831
20517100000000,16.2894744873
20517540000000,16.317697525
20517960000000,16.4036140442
20518400000000,16.5503730774
20518840000000,16.6792221069
20519270000000,16.8317871094
20519690000000,17.032579422
20520100000000,17.2340278625
20520560000000,17.4349155426
20520990000000,17.6692180634
20521430000000,17.8795509338
20521870000000,18.0835933685
20522350000000,18.3195648193
20522800000000,18.5688819885
20523230000000,18.7646121979
20523680000000,18.9600315094
20524130000000,19.1781673431
20524580000000,19.3846931458
20525050000000,19.6075401306
20525550000000,19.7966403961
20526010000000,20.05534935
20526440000000,20.2890071869
20526890000000,20.4048175812
20527320000000,20.4494686127
20527790000000,20.4299201965
20528210000000,20.4627952576
20528670000000,20.5500259399
20529140000000,20.5807037354
20529580000000,20.6514472961
20530030000000,20.6690311432
20530470000000,20.5256080627
20530900000000,20.3372497559
20531350000000,20.1465415955
20531790000000,20.00233078
20532200000000,19.8457775116
20532650000000,19.6575756073
20533110000000,19.477645874
20533530000000,19.26212883
20533970000000,19.1030788422
20534420000000,18.8929252625
20534870000000,18.7202110291
20535300000000,18.5197906494
20535750000000,18.3312282562
20536200000000,18.1027736664
20536620000000,17.8409633636
20537050000000,17.5776367188
20537490000000,17.3647251129
20537930000000,17.1169757843
20538360000000,16.9008846283
20538790000000,16.711977005
20539240000000,16.5125732422
20539690000000,16.3037261963
20540100000000,16.0828380585
20540550000000,15.9048957825
20540980000000,15.7182102203
20541400000000,15.4799919128
20541820000000,15.2659454346
20542280000000,15.0874490738
20542750000000,14.9515113831
20543190000000,14.9110298157
20543620000000,14.8529138565
20544050000000,14.8531017303
20544460000000,14.9210767746
20544920000000,15.1211776733
20545350000000,15.2838850021
20545770000000,15.3796663284
20546180000000,15.4540147781
20546620000000,15.533577919
20547060000000,15.633149147
20547470000000,15.6738376617
20547870000000,15.7486667633
20548290000000,15.8893108368
20548710000000,16.0573177338
20549130000000,16.2492618561
20549550000000,16.4358577728
20549970000000,16.6478824615
20550390000000,16.8489723206
20550800000000,17.001127243
20551230000000,17.138874054
20551670000000,17.2777805328
20552070000000,17.4326629639
20552460000000,17.6165428162
20552890000000,17.6971549988
20553320000000,17.7106342316
20553720000000,17.6967105865
20554160000000,17.7097263336
20554570000000,17.6770992279
20555030000000,17.698474884
20555420000000,17.7252922058
20555840000000,17.7568798065
20556270000000,17.6336631775
20556690000000,17.4696674347
20557120000000,17.3119029999
20557540000000,17.0919933319
20557970000000,16.9349441528
20558410000000,16.7535972595
20558830000000,16.5188865662
20559290000000,16.3133926392
20559710000000,16.0921821594
20560140000000,15.9018039703
20560550000000,15.7108306885
20560990000000,15.4942903519
20561420000000,15.266500473
20561850000000,15.0489425659
20562260000000,14.8791456223
20562680000000,14.6504249573
20563100000000,14.4457168579
20563520000000,14.2397012711
20563950000000,14.0430259705
20564380000000,13.8374252319
20564800000000,13.6146697998
20565210000000,13.4180774689
20565630000000,13.1999444962
20566050000000,13.0123977661
20566480000000,12.7949390411
20566890000000,12.5959177017
20567290000000,12.3790903091
20567700000000,12.195476532
20568150000000,11.9898519516
20568530000000,11.7846012115
20568960000000,11.6078872681
20569340000000,11.3944263458
20569760000000,11.2093496323
20570170000000,11.0119018555
20570570000000,10.8024778366
20570950000000,10.6112213135
20571360000000,10.4321813583
20571770000000,10.2381658554
20572160000000,10.0347690582
20572550000000,9.85667705536
20572950000000,9.66711711884
20573330000000,9.48895931244
20573740000000,9.29819774628
20574170000000,9.08476734161
20574590000000,8.8913936615
20575010000000,8.67996406555
20575410000000,8.48004436493
20575850000000,8.30065727234
20576240000000,8.10098648071
20576660000000,7.90877485275
20577110000000,7.68188858032
20577510000000,7.48101997375
20577930000000,7.28658819199
20578370000000,7.10393047333
20578770000000,6.886531353
20579180000000,6.72009658813
20579630000000,6.55690670013
20580020000000,6.37932634354
20580420000000,6.26342201233
20580800000000,6.11351585388
20581240000000,5.99360656738
20581650000000,5.92208337784
20582060000000,5.80293273926
20582470000000,5.61877059937
20582860000000,5.41088294983
20583270000000,5.24676275253
20583720000000,5.07578706741
20584130000000,4.88662052155
20584540000000,4.68891382217
20584960000000,4.52056407928
20585350000000,4.31373262405
20585790000000,4.17068386078
20586240000000,4.00079536438
20586640000000,3.78422570229
20587050000000,3.62249708176
20587490000000,3.45606255531
20587890000000,3.28142595291
20588290000000,3.08585047722
20588690000000,2.90048980713
20589080000000,2.70335888863
20589540000000,2.53117847443
20589940000000,2.34065723419
20590330000000,2.15513420105
20590770000000,1.98319268227
20591200000000,1.80076181889
20591610000000,1.60766553879
20592020000000,1.43864178658
20592400000000,1.23209607601
20592820000000,1.06823992729
20593260000000,0.886545956135
