11548040000000,19.4314098358
11548770000000,19.0936527252
11549470000000,18.7486686707
11550160000000,18.412694931
11550850000000,18.1201515198
11551510000000,17.8010635376
11552240000000,17.5072612762
11552910000000,17.1622638702
11553560000000,16.9327888489
11554200000000,16.7864875793
11554820000000,16.6720409393
11555460000000,16.6137504578
11556110000000,16.7625637054
11556750000000,16.9878196716
11557350000000,17.2427158356
11557980000000,17.5150718689
11558630000000,17.780714035
11559230000000,18.1313800812
11559860000000,18.4495582581
11560480000000,18.7260875702
11561150000000,19.1104946136
11561760000000,19.450761795
11562390000000,19.7382087708
11563020000000,20.0254135132
11563670000000,20.215013504
11564310000000,20.2731513977
11564950000000,20.3278827667
11565590000000,20.2621746063
11566260000000,19.9834804535
11566880000000,19.6277046204
11567520000000,19.3275470734
11568120000000,19.030292511
11568720000000,18.7116241455
11569340000000,18.4139671326
11569980000000,18.0941085815
11570600000000,17.7423877716
11571250000000,17.4069957733
11571850000000,17.0788764954
11572530000000,16.8286914825
11573130000000,16.5278453827
11573760000000,16.275680542
11574370000000,15.964884758
11575040000000,15.6814079285
11575630000000,15.5078134537
11576240000000,15.373541832
11576880000000,15.3318901062
11577500000000,15.5188560486
11578100000000,15.6891326904
11578690000000,15.8771982193
11579290000000,16.1137142181
11579930000000,16.3819446564
11580550000000,16.6645259857
11581160000000,16.9392471313
11581750000000,17.2240867615
11582440000000,17.4815597534
11583030000000,17.79063797
11583610000000,17.9936027527
11584250000000,18.159444809
11584870000000,18.1739730835
11585490000000,17.9763469696
11586120000000,17.6843338013
11586750000000,17.3335456848
11587400000000,16.9964904785
11588020000000,16.6771392822
11588630000000,16.3798446655
11589290000000,16.0652332306
11589890000000,15.7194337845
11590510000000,15.4291906357
11591130000000,15.1196680069
11591790000000,14.8183164597
11592400000000,14.5310640335
11592990000000,14.2235546112
11593600000000,13.9399175644
11594250000000,13.6304397583
11594900000000,13.309633255
11595510000000,12.9994058609
11596120000000,12.6884078979
11596720000000,12.3782463074
11597390000000,12.0813436508
11598010000000,11.7609577179
11598630000000,11.4588851929
11599200000000,11.1513767242
11599800000000,10.8485517502
11600380000000,10.5505571365
11600980000000,10.2908449173
11601570000000,9.97931957245
11602190000000,9.69121170044
11602780000000,9.38506317139
11603400000000,9.07565593719
11604010000000,8.79052734375
11604580000000,8.47049713135
11605210000000,8.18504810333
11605800000000,7.87316989899
11606380000000,7.57384872437
11607000000000,7.27987670898
11607610000000,6.97977113724
11608220000000,6.69371128082
11608810000000,6.40044641495
11609400000000,6.12523269653
11610010000000,5.83702230453
11610660000000,5.56333065033
11611260000000,5.25033664703
11611840000000,4.95685911179
11612440000000,4.66585302353
11613070000000,4.37913894653
11613670000000,4.07783031464
11614290000000,3.80633187294
11614880000000,3.52344346046
11615460000000,3.23968935013
11616110000000,2.98069000244
11616710000000,2.65865826607
11617310000000,2.3787894249
11617920000000,2.07282948494
11618510000000,1.7819852829
11619130000000,1.51603531837
11619760000000,1.20501852036
