
12702010000000,19.424282074
12702790000000,19.4242401123
12703550000000,19.4242095947
12704320000000,19.2753620148
12705060000000,18.8943424225
12705800000000,18.5907592773
12706510000000,18.2437343597
12707210000000,17.9122066498
12707920000000,17.6043720245
12708600000000,17.3041648865
12709270000000,17.1110496521
12709920000000,16.9379405975
12710580000000,16.807144165
12711240000000,16.7060680389
12711840000000,16.7206325531
12712490000000,16.7844905853
12713140000000,17.0216407776
12713790000000,17.3670501709
12714410000000,17.5659294128
12715090000000,17.9283752441
12715720000000,18.3321743011
12716330000000,18.6431522369
12716980000000,18.9742546082
12717630000000,19.2543373108
12718290000000,19.5243682861
12718930000000,19.8672904968
12719570000000,20.0737094879
12720250000000,20.1424484253
12720880000000,20.1910877228
12721530000000,20.2717342377
12722220000000,20.0745105743
12722860000000,19.7625274658
12723470000000,19.4253730774
12724140000000,19.1505489349
12724760000000,18.8002796173
12725380000000,18.5871925354
12726040000000,18.3747653961
12726700000000,18.0550441742
12727340000000,17.6390419006
12727990000000,17.3377170563
12728640000000,17.0974750519
12729270000000,16.7863903046
12729900000000,16.5496768951
12730510000000,16.2689418793
12731190000000,16.0091743469
12731820000000,15.6704826355
12732440000000,15.4644041061
12733060000000,15.3108844757
12733690000000,15.2627639771
12734280000000,15.4174880981
12734890000000,15.5791463852
12735480000000,15.7741012573
12736090000000,15.9594326019
12736670000000,16.2322349548
12737240000000,16.5219345093
12737870000000,16.7565193176
12738470000000,17.0531730652
12739090000000,17.3406772614
12739720000000,17.6285305023
12740330000000,17.9068412781
12740940000000,18.0427265167
12741540000000,18.0311336517
12742140000000,18.1475486755
12742770000000,18.0600719452
12743390000000,17.7471027374
12744020000000,17.46941185
12744680000000,17.1428813934
12745280000000,16.8167858124
12745910000000,16.4892845154
12746550000000,16.1874847412
12747150000000,15.8681564331
12747770000000,15.5607700348
12748390000000,15.2343206406
12749020000000,14.906876564
12749630000000,14.6035280228
12750290000000,14.2982778549
12750880000000,14.0504045486
12751490000000,13.7606287003
12752090000000,13.4907197952
12752710000000,13.2330274582
12753330000000,12.913974762
12753930000000,12.6373815536
12754540000000,12.3464584351
12755180000000,12.0729112625
12755770000000,11.8124446869
12756340000000,11.5110082626
12756930000000,11.2541007996
12757570000000,10.9181776047
12758170000000,10.6062641144
12758780000000,10.3078203201
12759380000000,10.0148601532
12760000000000,9.68570041656
12760610000000,9.38552856445
12761190000000,9.09268665314
12761800000000,8.80464076996
12762420000000,8.457654953
12763010000000,8.18084526062
12763610000000,7.86371183395
12764240000000,7.58818531036
12764830000000,7.27910232544
12765440000000,6.95852661133
12766080000000,6.61421203613
12766680000000,6.2579665184
12767290000000,5.92646598816
12767930000000,5.60592889786
12768500000000,5.27910137177
12769120000000,4.96326589584
12769740000000,4.65748357773
12770350000000,4.34285736084
12770940000000,4.05382680893
12771530000000,3.77375340462
12772150000000,3.53283214569
12772780000000,3.23337745667
12773410000000,2.95679235458
12773970000000,2.63524341583
12774580000000,2.38104844093
12775230000000,2.13281345367
12775820000000,1.81052911282
12776430000000,1.54951584339
12777010000000,1.2620203495
12777600000000,1.02507293224
12778220000000,0.871610462666
12778840000000,0.87193530798
12779450000000,0.871925413609
