
12519970000000,19.4053611755
12520720000000,19.4035739899
12521490000000,19.3701267242
12522230000000,19.1056423187
12522940000000,18.7345294952
12523670000000,18.4391956329
12524420000000,18.1279258728
12525140000000,17.8303928375
12525850000000,17.5799198151
12526520000000,17.3477706909
12527210000000,17.1242408752
12527870000000,16.9356899261
12528570000000,16.825843811
12529240000000,16.711763382
12529890000000,16.8470497131
12530590000000,16.9782066345
12531250000000,17.2929000854
12531880000000,17.6166496277
12532510000000,17.9667549133
12533190000000,18.2542552948
12533820000000,18.5292396545
12534470000000,18.8590641022
12535080000000,19.1427383423
12535750000000,19.4617042542
12536360000000,19.8265838623
12537010000000,20.0803699493
12537670000000,20.1286830902
12538290000000,20.1092071533
12538950000000,20.2166233063
12539620000000,20.1550121307
12540260000000,20.0829429626
12540900000000,19.7788467407
12541560000000,19.4913711548
12542220000000,19.1773986816
12542820000000,18.8658657074
12543410000000,18.5500774384
12544070000000,18.2970275879
12544710000000,17.9434661865
12545410000000,17.516254425
12546060000000,17.0773487091
12546770000000,16.7461242676
12547410000000,16.4335098267
12548060000000,16.2150421143
12548680000000,16.0316829681
12549340000000,15.8324127197
12549960000000,15.6267738342
12550600000000,15.4598522186
12551200000000,15.3039712906
12551860000000,15.3451662064
12552490000000,15.443066597
12553120000000,15.6258134842
12553760000000,15.8847084045
12554360000000,16.1494541168
12554980000000,16.4485282898
12555580000000,16.7403144836
12556240000000,17.0269241333
12556870000000,17.3543872833
12557520000000,17.6781787872
12558120000000,17.8690109253
12558750000000,17.8443756104
12559370000000,17.9525527954
12559950000000,17.9279384613
12560550000000,17.648973465
12561180000000,17.3288326263
12561780000000,17.0430164337
12562390000000,16.7461109161
12563020000000,16.4565563202
12563620000000,16.1348228455
12564220000000,15.8475370407
12564820000000,15.5502252579
12565450000000,15.2671308517
12566050000000,14.9685850143
12566710000000,14.7592010498
12567310000000,14.4289045334
12567920000000,14.1250505447
12568530000000,13.8281393051
12569150000000,13.5279331207
12569770000000,13.2379980087
12570350000000,12.8970727921
12570960000000,12.6091384888
12571560000000,12.3105449677
12572150000000,12.0120582581
12572750000000,11.7176437378
12573350000000,11.417842865
12573920000000,11.118221283
12574530000000,10.8362941742
12575120000000,10.5234909058
12575770000000,10.2402172089
12576360000000,9.9173412323
12576940000000,9.61710548401
12577570000000,9.31691074371
12578190000000,9.01275634766
12578780000000,8.69757556915
12579370000000,8.41528987885
12579950000000,8.10805797577
12580540000000,7.81980371475
12581160000000,7.53381299973
12581810000000,7.21757745743
12582400000000,6.89383029938
12583010000000,6.59120941162
12583610000000,6.30768537521
12584260000000,6.06649684906
12584870000000,5.81706094742
12585460000000,5.56122493744
12586100000000,5.3140296936
12586690000000,5.00400304794
12587300000000,4.71760654449
12587940000000,4.42462491989
12588550000000,4.12289524078
12589190000000,3.80874752998
12589820000000,3.49572038651
12590410000000,3.20974135399
12591030000000,2.92447018623
12591670000000,2.63626289368
12592280000000,2.32755851746
12592890000000,2.03388857841
12593500000000,1.74497532845
12594090000000,1.45686244965
12594720000000,1.19188451767
12595340000000,1.07275831699
12595940000000,1.08211302757
