
12702010000000,9.73522472382
12702790000000,9.73518371582
12703550000000,9.73515319824
12704320000000,9.55595493317
12705060000000,9.20231056213
12705800000000,8.86576366425
12706510000000,8.51098537445
12707210000000,8.13266086578
12707920000000,7.81307649612
12708600000000,7.47885227203
12709270000000,7.17268466949
12709920000000,6.91762018204
12710580000000,6.69146203995
12711240000000,6.4670124054
12711840000000,6.34751939774
12712490000000,6.31385993958
12713140000000,6.48422336578
12713790000000,6.80874061584
12714410000000,7.00788784027
12715090000000,7.34876394272
12715720000000,7.74669313431
12716330000000,8.06945610046
12716980000000,8.39189529419
12717630000000,8.68396186829
12718290000000,8.94812297821
12718930000000,9.29730415344
12719570000000,9.49578094482
12720250000000,9.56798267365
12720880000000,9.61576938629
12721530000000,9.68855190277
12722220000000,9.49917316437
12722860000000,9.173579216
12723470000000,8.8549041748
12724140000000,8.56845569611
12724760000000,8.24215984344
12725380000000,8.01974201202
12726040000000,7.79732227325
12726700000000,7.48885345459
12727340000000,7.07525777817
12727990000000,6.76634597778
12728640000000,6.55023384094
12729270000000,6.23086929321
12729900000000,5.96785354614
12730510000000,5.67379140854
12731190000000,5.36678600311
12731820000000,4.86175251007
12732440000000,4.47737169266
12733060000000,4.05196619034
12733690000000,3.68802809715
12734280000000,3.42463684082
12734890000000,3.02445840836
12735480000000,2.70174193382
12736090000000,2.44409489632
12736670000000,2.1495244503
12737240000000,1.85744404793
12737870000000,1.60274899006
12738470000000,1.30816555023
12739090000000,1.00160801411
12739720000000,0.716693520546
12740330000000,0.467843323946
12740940000000,0.323658227921
12741540000000,0.396908640862
12742140000000,0.434645473957
12742770000000,0.468073993921
12743390000000,0.712465167046
12744020000000,0.952294051647
12744680000000,1.24366164207
12745280000000,1.55715107918
12745910000000,1.86172640324
12746550000000,2.15826821327
12747150000000,2.45866632462
12747770000000,2.77898168564
12748390000000,3.1012597084
12749020000000,3.42158007622
12749630000000,3.73217391968
12750290000000,4.02816104889
12750880000000,4.27384805679
12751490000000,4.5698595047
12752090000000,4.85984754562
12752710000000,5.13466358185
12753330000000,5.42729187012
12753930000000,5.70287466049
12754540000000,5.99876213074
12755180000000,6.29681539536
12755770000000,6.59569787979
12756340000000,6.88375997543
12756930000000,7.16538524628
12757570000000,7.46176099777
12758170000000,7.77769327164
12758780000000,8.07242965698
12759380000000,8.37529182434
12760000000000,8.70179080963
12760610000000,8.98950099945
12761190000000,9.28513240814
12761800000000,9.58906269073
12762420000000,9.89574718475
12763010000000,10.2395935059
12763610000000,10.4979696274
12764230000000,10.797785759
12764830000000,11.1204805374
12765440000000,11.3905477524
12766080000000,11.7125720978
12766680000000,12.0337953568
12767290000000,12.4023141861
12767930000000,12.7528533936
12768500000000,13.074467659
12769120000000,13.3991031647
12769740000000,13.6699409485
12770350000000,13.9965267181
12770940000000,14.2732639313
12771530000000,14.561668396
12772150000000,14.8120727539
12772780000000,15.1133642197
12773410000000,15.4010334015
12773970000000,15.7211227417
12774580000000,16.0078239441
12775230000000,16.220533371
12775820000000,16.5256290436
12776430000000,16.8268680573
12777010000000,17.0933742523
12777600000000,17.3684158325
12778220000000,17.5949287415
12778840000000,17.5949192047
12779450000000,17.5949306488
