11261340000000,7.82806301117
11262080000000,7.45075035095
11262780000000,7.0904545784
11263490000000,6.76677560806
11264160000000,6.51707029343
11264830000000,6.1150393486
11265530000000,5.91101312637
11266180000000,5.70220899582
11266840000000,5.35225534439
11267510000000,5.10634946823
11268160000000,4.6923365593
11268810000000,4.49982643127
11269450000000,4.25266075134
11270120000000,3.91153240204
11270740000000,3.67256784439
11271370000000,3.40759444237
11272000000000,3.13808822632
11272630000000,2.74484610558
11273260000000,2.37485313416
11273880000000,2.05100488663
11274530000000,1.71354210377
11275190000000,1.39132499695
11275830000000,1.07601308823
11276500000000,0.741769194603
11277120000000,0.41952931881
11277810000000,0.410492479801
11278430000000,0.463910222054
11279080000000,0.557810723782
11279730000000,0.738289892673
11280360000000,0.986860334873
11281010000000,1.2188847065
11281650000000,1.50363445282
11282260000000,1.76454615593
11282890000000,2.03302335739
11283510000000,2.34908604622
11284120000000,2.6796579361
11284770000000,3.01582407951
11285370000000,3.38636732101
11286020000000,3.70808792114
11286650000000,4.02282857895
11287290000000,4.30244016647
11287920000000,4.55620288849
11288570000000,4.86952877045
11289230000000,5.1828455925
11289830000000,5.47033548355
11290450000000,5.82698440552
11291090000000,6.30713605881
11291710000000,6.68299913406
11292340000000,7.15444803238
11292940000000,7.49187898636
11293590000000,7.75347566605
11294200000000,8.07420444489
11294830000000,8.39190387726
11295720000000,8.67493915558
11296060000000,8.93968963623
11296660000000,9.11464691162
11297290000000,9.26226711273
11297910000000,9.24583339691
11298580000000,9.21669769287
11299200000000,8.91606140137
11299800000000,8.5886631012
11300430000000,8.31744766235
11301070000000,8.04863929749
11301690000000,7.78144359589
11302280000000,7.54369020462
11302850000000,7.3803768158
11303480000000,7.27993774414
11304090000000,7.21070575714
11304710000000,7.1795167923
11305320000000,7.242603302
11305930000000,7.30754756927
11306530000000,7.40737104416
11307110000000,7.54925251007
11307710000000,7.72367525101
11308300000000,7.91041278839
11308880000000,8.10954189301
11309470000000,8.30591201782
11310100000000,8.5399055481
11310690000000,8.82945251465
11311290000000,9.06748962402
11311870000000,9.35396385193
11312460000000,9.63118171692
11313110000000,9.94293022156
11313730000000,10.2595243454
11314320000000,10.571764946
11314910000000,10.8278112411
11315490000000,11.1660938263
11316060000000,11.455737114
11316670000000,11.7341136932
11317260000000,12.0106468201
11317850000000,12.3262434006
11318460000000,12.6357622147
11319090000000,12.929236412
11319700000000,13.2391710281
11320310000000,13.5481204987
11320980000000,13.8509473801
11321560000000,14.1675863266
11322140000000,14.4778308868
11322740000000,14.7667474747
11323370000000,15.0387983322
11323980000000,15.4022932053
11324610000000,15.7169008255
11325190000000,15.9996156693
11325780000000,16.2957439423
11326370000000,16.5453224182
11326990000000,16.8641033173
11327610000000,17.1704387665
11328230000000,17.4571685791
11328830000000,17.7510585785
11329480000000,17.9870014191
11330080000000,18.2726230621
11330680000000,18.5334320068
11331280000000,18.8185005188
11331880000000,19.1030788422
11332470000000,19.4019756317
