
12702010000000,8.1823797226
12702790000000,8.1823387146
12703550000000,8.18230819702
12704320000000,8.00945949554
12705060000000,7.66426420212
12705800000000,7.30955886841
12706510000000,6.99401044846
12707210000000,6.64514303207
12707920000000,6.3402299881
12708600000000,6.0671620369
12709270000000,5.64176607132
12709920000000,5.35351371765
12710580000000,5.06159210205
12711240000000,4.71148633957
12711840000000,4.4536190033
12712490000000,4.10523843765
12713140000000,3.70691299438
12713790000000,3.45609664917
12714410000000,3.2107861042
12715090000000,2.65783452988
12715720000000,2.23132514954
12716330000000,1.88130295277
12716980000000,1.57525575161
12717630000000,1.25438022614
12718290000000,0.927682876587
12718730000000,0.580985188484
12719570000000,0.382255524397
12720250000000,0.387183129787
12720880000000,0.404072672129
12721530000000,0.361250966787
12722220000000,0.467312723398
12722860000000,0.7347484231
12723470000000,1.10556030273
12724140000000,1.30356919765
12724760000000,1.63855159283
12725380000000,1.8297059536
12726040000000,2.07322525978
12726700000000,2.44647312164
12727340000000,2.9680480957
12727990000000,3.25344443321
12728640000000,3.46766996384
12729270000000,3.6839761734
12729900000000,3.91114211082
12730510000000,4.18220472336
12731190000000,4.52297496796
12731820000000,5.01366758347
12732440000000,5.49629640579
12733060000000,5.79048061371
12733690000000,6.15719938278
12734280000000,6.51971673965
12734890000000,6.86778831482
12735480000000,7.15252304077
12736090000000,7.4273815155
12736670000000,7.7230963707
12737240000000,8.00909805298
12737870000000,8.26350402832
12738470000000,8.55806922913
12738930000000,8.86700057983
12739720000000,9.18392944336
12740330000000,9.45290851593
12740940000000,9.58225727081
12741540000000,9.61148357391
12742140000000,9.70565414429
12742770000000,9.63775730133
12743390000000,9.3559217453
12744020000000,9.1070728302
12744680000000,8.79068374634
12745280000000,8.4867067337
12745910000000,8.18770980835
12746550000000,7.94522428513
12747150000000,7.66485643387
12747770000000,7.44840669632
12748390000000,7.29220914841
12749020000000,7.12387561798
12749630000000,7.0446972847
12750290000000,7.03358268738
12750880000000,7.12087392807
12751490000000,7.22226905823
12752090000000,7.35377025604
12752710000000,7.48179149628
12753330000000,7.74913692474
12753930000000,8.02450942993
12754540000000,8.3163690567
12755180000000,8.62062454224
12755770000000,8.89462089539
12756340000000,9.13696289062
12756930000000,9.39446735382
12757570000000,9.67060375214
12758170000000,9.98052978516
12758780000000,10.2838659286
12759380000000,10.5774707794
12760000000000,10.9011697769
12760610000000,11.1924037933
12761190000000,11.4964399338
12761800000000,11.7639713287
12762420000000,12.085682869
12763010000000,12.3930568695
12763610000000,12.6558036804
12764230000000,12.9540815353
12764830000000,13.3035316467
12765440000000,13.5825920105
12766080000000,13.8700046539
12766680000000,14.2284650803
12767290000000,14.6118144989
12767930000000,14.9520187378
12768500000000,15.2383117676
12769120000000,15.5708360672
12769740000000,15.8412866592
12770350000000,16.1682739258
12770940000000,16.452047348
12771530000000,16.7317371368
12772150000000,17.0013084412
12772780000000,17.3071022034
12773410000000,17.5528068542
12773970000000,17.8769798279
12774580000000,18.1446361542
12775230000000,18.3952159882
12775820000000,18.6862068176
12776430000000,18.9761104584
12777010000000,19.2938671112
12777600000000,19.5067443848
12778220000000,19.7703342438
12778840000000,19.7703266144
12779450000000,19.7703380585
