11931370000000,10.1192426682
11932130000000,9.84328842163
11932870000000,9.5003452301
11933600000000,9.11906909943
11934310000000,8.81231212616
11935080000000,8.43870258331
11935780000000,8.03669834137
11936430000000,7.71868085861
11937120000000,7.39675951004
11937780000000,7.04673290253
11938440000000,6.71965885162
11939080000000,6.38661766052
11939800000000,6.10162782669
11940450000000,5.85164356232
11941070000000,5.73301744461
11941700000000,5.55527877808
11942380000000,5.68403911591
11943010000000,5.80144882202
11943650000000,6.11390399933
11944270000000,6.43318748474
11944990000000,6.7305431366
11945670000000,7.12121009827
11946340000000,7.32072210312
11946960000000,7.76167392731
11947610000000,8.12937355042
11948240000000,8.45934295654
11948830000000,8.75889015198
11949510000000,9.03990459442
11950160000000,9.34425258636
11950770000000,9.65072441101
11951450000000,9.83738708496
11952080000000,9.9426612854
11952740000000,9.94737052917
11953400000000,9.79741764069
11954040000000,9.5812330246
11954720000000,9.37901687622
11955340000000,9.02307224274
11956020000000,8.72372913361
11956670000000,8.40339946747
11957290000000,8.13992500305
11957900000000,7.83863973618
11958560000000,7.53283929825
11959210000000,7.19605779648
11959860000000,6.87494373322
11960530000000,6.53748893738
11961170000000,6.20063924789
11961780000000,5.97229957581
11962420000000,5.70491790771
11963050000000,5.37255382538
11963660000000,4.93716144562
11964320000000,4.53449821472
11964930000000,4.18850803375
11965540000000,4.2785615921
11966200000000,4.10736656189
11966810000000,3.8135175705
11967400000000,3.48134040833
11968020000000,3.09844231606
11968680000000,2.68172121048
11969300000000,2.33542561531
11969900000000,2.01921772957
11970520000000,1.72510826588
11971100000000,1.4183318615
11971730000000,1.13061594963
11972360000000,0.814136564732
11972960000000,0.593823671341
11973550000000,0.39557236433
11974170000000,0.305535525084
11974780000000,0.257118463516
11975440000000,0.489573061466
11976060000000,0.729081511497
11976640000000,0.974351465702
11977280000000,1.26819181442
11977890000000,1.52893638611
11978530000000,1.8013304472
11979130000000,2.12438416481
11979770000000,2.40345191956
11980370000000,2.72280740738
11980970000000,3.00053548813
11981560000000,3.29306483269
11982180000000,3.56515026093
11982770000000,3.88353919983
11983370000000,4.17448616028
11984000000000,4.49207210541
11984630000000,4.80851125717
11985230000000,5.1280837059
11985820000000,5.42430353165
11986450000000,5.73418521881
11987040000000,6.05315828323
11987670000000,6.38083314896
11988260000000,6.70247411728
11988860000000,6.99651813507
11989470000000,7.2895617485
11990040000000,7.59790754318
11990630000000,7.8811750412
11991240000000,8.17234706879
11991850000000,8.47082996368
11992460000000,8.76955127716
11993080000000,9.09952735901
11993690000000,9.38926696777
11994310000000,9.68783092499
11994880000000,10.0054445267
11995510000000,10.2884054184
11996090000000,10.5977144241
11996680000000,10.8794126511
11997290000000,11.1745986938
11997910000000,11.5060930252
11998520000000,11.8058853149
11999160000000,12.0983352661
11999810000000,12.4332637787
12000380000000,12.7485027313
12001000000000,13.0236148834
12001610000000,13.3375015259
12002210000000,13.6441650391
12002840000000,13.932595253
12003450000000,14.1816902161
12004040000000,14.4441261292
12004670000000,14.73944664
12005280000000,15.0146102905
12005890000000,15.2977895737
12006540000000,15.5465364456
12007130000000,15.7781209946
12007730000000,16.0310935974
12008370000000,16.3133220673
12008970000000,16.6136646271
12009560000000,16.8956031799
12010150000000,17.1833209991
12010760000000,17.456401825
