
20018450000000,20.6766223907
20019010000000,20.448841095
20019550000000,20.1764030457
20020080000000,19.9422206879
20020590000000,19.6640586853
20021120000000,19.4551467896
20021600000000,19.2112598419
20022140000000,18.9541378021
20022680000000,18.7498130798
20023180000000,18.5287857056
20023680000000,18.2938365936
20024170000000,18.0736923218
20024650000000,17.8314590454
20025100000000,17.6202697754
20025600000000,17.399230957
20026090000000,17.1674423218
20026550000000,17.0198917389
20026990000000,16.846364975
20027430000000,16.7288398743
20027870000000,16.588476181
20028300000000,16.4725227356
20028750000000,16.4097709656
20029210000000,16.435749054
20029630000000,16.4824142456
20030080000000,16.5208415985
20030550000000,16.5694046021
20031010000000,16.6339740753
20031430000000,16.6804103851
20031900000000,16.7972164154
20032360000000,16.9835834503
20032810000000,17.2515258789
20033230000000,17.4187526703
20033670000000,17.574432373
20034140000000,17.742893219
20034590000000,18.0823993683
20035030000000,18.334487915
20035450000000,18.5765323639
20035880000000,18.7376728058
20036290000000,18.8656997681
20036730000000,19.0613079071
20037180000000,19.2809123993
20037610000000,19.4811592102
20038050000000,19.677400589
20038480000000,19.8614444733
20038930000000,19.9240875244
20039360000000,19.8733463287
20039790000000,19.8623542786
20040250000000,19.8578491211
20040690000000,19.7786960602
20041110000000,19.7781009674
20041570000000,19.7923145294
20042000000000,19.7578048706
20042430000000,19.7391147614
20042880000000,19.7014217377
20043320000000,19.7403736115
20043750000000,19.5479660034
20044180000000,19.3384590149
20044630000000,19.1367263794
20045070000000,18.9268665314
20045520000000,18.7838020325
20045970000000,18.6447868347
20046410000000,18.4479618073
20046820000000,18.3207149506
20047250000000,18.1478977203
20047700000000,17.9954280853
20048140000000,17.7709560394
20048560000000,17.5069046021
20049020000000,17.2605285645
20049440000000,17.0238838196
20049890000000,16.8160438538
20050310000000,16.6602783203
20050740000000,16.5103797913
20051150000000,16.3586826324
20051590000000,16.2303791046
20052020000000,16.081451416
20052450000000,15.958530426
20052870000000,15.8384151459
20053310000000,15.7359418869
20053740000000,15.5932273865
20054150000000,15.5133237839
20054560000000,15.4224872589
20055000000000,15.3527526855
20055420000000,15.3522939682
20055880000000,15.4646949768
20056280000000,15.6223840714
20056700000000,15.8281183243
20057110000000,15.9764051437
20057540000000,16.1229991913
20057990000000,16.3047943115
20058420000000,16.4545135498
20058880000000,16.607831955
20059300000000,16.8041172028
20059720000000,16.9849910736
20060150000000,17.1624412537
20060560000000,17.3620281219
20060970000000,17.4494190216
20061390000000,17.4887065887
20061830000000,17.4907093048
20062250000000,17.4956874847
20062660000000,17.4929161072
20063090000000,17.4862213135
20063490000000,17.4466209412
20063900000000,17.4311103821
20064340000000,17.4150409698
20064770000000,17.2110157013
20065190000000,17.0059394836
20065600000000,16.9097938538
20066030000000,16.747543335
20066490000000,16.5651168823
20066910000000,16.3636722565
20067320000000,16.1254959106
20067730000000,15.9545841217
20068130000000,15.7614326477
20068550000000,15.602399826
20068960000000,15.423327446
20069380000000,15.2392435074
20069830000000,15.0983161926
20070240000000,14.8900499344
20070660000000,14.686249733
20071070000000,14.5188646317
20071490000000,14.334810257
20071960000000,14.1518249512
20072380000000,13.966840744
20072800000000,13.7588129044
20073210000000,13.5935430527
20073630000000,13.3944101334
20074050000000,13.1951351166
20074480000000,13.0080308914
20074890000000,12.8056592941
20075320000000,12.6146249771
20075710000000,12.4000549316
20076120000000,12.226556778
20076530000000,12.0378255844
20076940000000,11.8700418472
20077370000000,11.6602401733
20077760000000,11.4849147797
20078170000000,11.3207330704
20078590000000,11.1237726212
20078990000000,10.9346466064
20079400000000,10.7662677765
20079810000000,10.5782728195
20080210000000,10.402973175
20080640000000,10.2286081314
20081050000000,10.0224714279
20081450000000,9.85749721527
20081840000000,9.6903181076
20082240000000,9.48662662506
20082680000000,9.31547832489
20083070000000,9.11273670197
20083470000000,8.94966602325
20083860000000,8.78224086761
20084270000000,8.56964969635
20084670000000,8.38822364807
20085080000000,8.19990634918
20085520000000,8.02310752869
20085910000000,7.80720043182
20086340000000,7.63582801819
20086760000000,7.44897842407
20087180000000,7.26046609879
20087600000000,7.06076860428
20088020000000,6.88460969925
20088450000000,6.75830173492
20088870000000,6.59258127213
20089270000000,6.40064811707
20089690000000,6.24191427231
20090100000000,6.10959434509
20090520000000,5.9495267868
20090940000000,5.82225990295
20091340000000,5.71108531952
20091740000000,5.53174352646
20092150000000,5.33516597748
20092550000000,5.14764451981
20092960000000,4.97048091888
20093420000000,4.7724480629
20093840000000,4.53842687607
20094240000000,4.35148715973
20094660000000,4.1755194664
20095060000000,3.97037672997
20095490000000,3.78871512413
20095880000000,3.58797264099
20096300000000,3.38920211792
20096710000000,3.2238574028
20097130000000,3.04354095459
20097530000000,2.84514379501
20097930000000,2.67125105858
20098350000000,2.47297930717
20098730000000,2.28889513016
20099150000000,2.11694979668
20099570000000,1.91477477551
20099990000000,1.72441971302
20100430000000,1.54487347603
20100850000000,1.32668149471
20101280000000,1.23950028419
20101710000000,1.23955059052
