13813060000000,8.5320854187
13813810000000,8.11712169647
13814550000000,7.76087427139
13815310000000,7.4333562851
13816020000000,7.11558771133
13816760000000,6.68562507629
13817460000000,6.29893445969
13818130000000,5.95932531357
13818820000000,5.60992288589
13819510000000,5.27735185623
13820150000000,5.02290201187
13820800000000,4.60933637619
13821480000000,4.22643995285
13822120000000,3.88352251053
13822770000000,3.60661196709
13823460000000,3.23976135254
13824080000000,3.04102826118
13824730000000,2.80888032913
13825360000000,2.45546412468
13825990000000,2.12837219238
13826660000000,1.79756617546
13827280000000,1.45729029179
13827920000000,1.15672433376
13828570000000,0.836841702461
13829120000000,0.517287552357
13829850000000,0.195541664958
13830500000000,0.171189516783
13831150000000,0.235225990415
13831800000000,0.235492914915
13832440000000,0.31218200922
13833080000000,0.228990361094
13833700000000,0.415980398655
13834340000000,0.743688642979
13834980000000,1.04193758965
13835650000000,1.37101471424
13836250000000,1.71786165237
13836860000000,2.01071929932
13837510000000,2.33595442772
13838130000000,2.73720669746
13838760000000,3.14682388306
13839390000000,3.47000837326
13840040000000,3.75640916824
13840670000000,4.04533290863
13841310000000,4.27071428299
13841920000000,4.55380630493
13842560000000,4.89161872864
13843220000000,5.37468099594
13843840000000,5.87767362595
13844490000000,6.37874603271
13845090000000,6.80444383621
13845720000000,7.1637506485
13846330000000,7.49452733994
13846940000000,7.83148527145
13847560000000,8.12648200989
13848160000000,8.37001419067
13848750000000,8.70006084442
13849320000000,8.98764419556
13850000000000,9.1906785965
13850610000000,9.1753692627
13851240000000,9.1934967041
13851870000000,9.09529781342
13852480000000,8.9600315094
13853080000000,8.76711368561
13853660000000,8.53222370148
13854280000000,8.26452064514
13854880000000,8.00680065155
13855460000000,7.77160835266
13856050000000,7.52086114883
13856700000000,7.36064052582
13857310000000,7.28534412384
13857900000000,7.22008514404
13858520000000,7.20029211044
13859140000000,7.23770809174
13859750000000,7.33371305466
13860370000000,7.47464942932
13860950000000,7.65415239334
13861540000000,7.83215904236
13862140000000,8.04227161407
13862710000000,8.24925804138
13863320000000,8.455534935
13863950000000,8.72435283661
13864560000000,9.01313114166
13865160000000,9.29582214355
13865780000000,9.57124233246
13866410000000,9.89152336121
13866980000000,10.2129325867
13867560000000,10.4793186188
13868180000000,10.7558364868
13868760000000,11.0770082474
13869350000000,11.3557977676
13869970000000,11.64731884
13870560000000,11.9498910904
13871170000000,12.2748756409
13871830000000,12.5439863205
13872410000000,12.8925018311
13873020000000,13.1954641342
13873610000000,13.4735488892
13874200000000,13.7827262878
13874800000000,14.0433969498
13875400000000,14.3799629211
13875980000000,14.7169361115
13876610000000,15.0083742142
13877190000000,15.329741478
13877820000000,15.5572843552
13878420000000,15.8744106293
13878990000000,16.141166687
13879590000000,16.4137554169
13880200000000,16.732711792
13880790000000,17.019361496
13881410000000,17.3103427887
13881970000000,17.6928653717
13882550000000,17.9320735931
13883180000000,18.2290897369
13883800000000,18.5544185638
13884380000000,18.8640537262
13885000000000,19.1631584167
13885600000000,19.5141525269
13886190000000,19.8273582458
