14247690000000,8.52164363861
14248410000000,8.11869621277
14249180000000,7.79816675186
14249940000000,7.42376375198
14250620000000,7.04502677917
14251360000000,6.71961927414
14252030000000,6.32951927185
14252690000000,6.0212020874
14253360000000,5.70684146881
14254060000000,5.39477443695
14254700000000,5.03986549377
14255350000000,4.80596590042
14256060000000,4.34223413467
14256710000000,4.14732074738
14257350000000,4.21994447708
14257960000000,3.96165680885
14258610000000,3.83047127724
14259280000000,3.47765851021
14259900000000,3.08804368973
14260500000000,2.83085656166
14261170000000,2.49720597267
14261800000000,2.13907623291
14262420000000,1.81042766571
14263060000000,1.5324357748
14263720000000,1.20649278164
14264720000000,0.866613328457
14264950000000,0.566672801971
14265620000000,0.26249307394
14266270000000,0.346547573805
14266870000000,0.397863328457
14267510000000,0.506626009941
14268130000000,0.663560688496
14268800000000,0.793063700199
14269450000000,1.05532765388
14270110000000,1.39664065838
14270730000000,1.71809220314
14271360000000,2.03284025192
14272020000000,2.36763143539
14272630000000,2.75505256653
14273290000000,3.10187101364
14273900000000,3.46736931801
14274530000000,3.76516699791
14275170000000,4.06380844116
14275810000000,4.35353755951
14276450000000,4.7170290947
14277110000000,4.94562387466
14277760000000,5.31379318237
14278380000000,5.66335344315
14278980000000,5.8946428299
14279580000000,6.21236085892
14280180000000,6.49299955368
14280770000000,6.75790071487
14281370000000,6.93943786621
14281970000000,7.19902896881
14282590000000,7.46401691437
14283270000000,7.75173568726
14283880000000,8.10737323761
14284550000000,8.39188194275
14285130000000,8.72436237335
14285720000000,9.0045042038
14286370000000,9.30304431915
14287000000000,9.40697669983
14287650000000,9.23895835876
14288240000000,9.16542053223
14288850000000,9.0485830307
14289450000000,8.80611801147
14290070000000,8.54286956787
14290680000000,8.28797531128
14291260000000,7.94859266281
14291910000000,7.72018527985
14292520000000,7.48109865189
14293140000000,7.24461889267
14293780000000,7.15371417999
14294400000000,7.11652374268
14294990000000,7.08525896072
14295610000000,7.14230966568
14296190000000,7.22298240662
14296830000000,7.3525686264
14297400000000,7.51358032227
14298010000000,7.73139238358
14298600000000,7.94908571243
14299200000000,8.17799472809
14299910000000,8.40580272675
14300470000000,8.71365070343
14301070000000,8.98065280914
14301650000000,9.28364372253
14302250000000,9.57010650635
14302820000000,9.85363674164
14303390000000,10.1585683823
14303980000000,10.4570808411
14304610000000,10.7286872864
14305190000000,11.040394783
14305770000000,11.3366212845
14306500000000,11.6360368729
14307120000000,11.9827241898
14307680000000,12.3222455978
14308270000000,12.5698804855
14308880000000,12.8881845474
14309470000000,13.1933574677
14310060000000,13.5097427368
14310680000000,13.7439002991
14311270000000,14.1009559631
14311860000000,14.4127588272
14312470000000,14.7775220871
14313100000000,15.1047906876
14313720000000,15.393945694
14314370000000,15.7191677094
14314990000000,16.0376472473
14315650000000,16.3151473999
14316250000000,16.6217060089
14316880000000,16.9266357422
14317450000000,17.2684288025
14318020000000,17.5399990082
14318640000000,17.8246612549
14319230000000,18.0963001251
14319820000000,18.4101047516
14320460000000,18.7118663788
14321030000000,19.0723972321
14321630000000,19.3224468231
