13959960000000,8.50898742676
13960690000000,8.01058769226
13961410000000,7.68545246124
13962150000000,7.3441028595
13962850000000,6.97172641754
13963530000000,6.62555360794
13964240000000,6.29218912125
13964910000000,5.93016290665
13965600000000,5.57070684433
13966260000000,5.24642181396
13966930000000,5.04080629349
13967580000000,4.61842298508
13968230000000,4.20387792587
13968850000000,3.96510958672
13969480000000,3.44150066376
13970140000000,3.04678440094
13970800000000,2.68684911728
13971480000000,2.39428043365
13972100000000,2.23232507706
13972700000000,1.92739474773
13973360000000,1.59393966198
13974000000000,1.27926456928
13974660000000,0.959141612053
13975310000000,0.639727890491
13975820000000,0.300784111023
13976550000000,0.107222281396
13977170000000,0.188468068838
13977820000000,0.181639701128
13978430000000,0.243890821934
13979060000000,0.318288385868
13979700000000,0.553147256374
13980370000000,0.853083431721
13980980000000,1.15509212017
13981630000000,1.463788867
13982260000000,1.75093495846
13982900000000,2.05477643013
13983530000000,2.35032916069
13984170000000,2.68246436119
13984800000000,3.03697776794
13985390000000,3.38313007355
13986040000000,3.69800376892
13986700000000,4.02745294571
13987320000000,4.31487131119
13987950000000,4.63643836975
13988580000000,5.00049543381
13989200000000,5.3099322319
13989810000000,5.58720397949
13990450000000,5.90708112717
13991050000000,6.12532281876
13991700000000,6.33521747589
13992320000000,6.61096143723
13992970000000,6.85517883301
13993590000000,7.10533237457
13994230000000,7.40620613098
13994850000000,7.69761037827
13995460000000,8.01850605011
13996060000000,8.30511379242
13996680000000,8.57714080811
13997320000000,8.90077877045
13997910000000,9.19902420044
13998540000000,9.34146976471
13999130000000,9.32600784302
13999770000000,9.29021453857
14000390000000,9.17447280884
14001000000000,8.91139507294
14001610000000,8.67828083038
14002230000000,8.47159385681
14002830000000,8.19128608704
14003460000000,7.92086362839
14004050000000,7.69902324677
14004690000000,7.49204587936
14005300000000,7.35420846939
14005910000000,7.26261472702
14006520000000,7.25952196121
14007160000000,7.26385641098
14007750000000,7.34038877487
14008360000000,7.44521808624
14008960000000,7.58562803268
14009560000000,7.78984880447
14010140000000,7.99356842041
14010780000000,8.19972038269
14011450000000,8.43424892426
14012030000000,8.75362873077
14012620000000,8.99500751495
14013210000000,9.27652549744
14013790000000,9.53973197937
14014410000000,9.85647678375
14014980000000,10.1220960617
14015620000000,10.4111557007
14016190000000,10.7233123779
14016820000000,10.9957695007
14017460000000,11.3488540649
14018050000000,11.6992835999
14018640000000,11.9629478455
14019300000000,12.2697257996
14019900000000,12.5909233093
14020510000000,12.8704128265
14021120000000,13.180981636
14021730000000,13.5168781281
14022310000000,13.7795848846
14022930000000,14.0812282562
14023640000000,14.3712406158
14024240000000,14.7868156433
14024830000000,15.0846967697
14025460000000,15.3437080383
14026060000000,15.6475858688
14026660000000,15.90650177
14027240000000,16.2073860168
14027890000000,16.469039917
14028490000000,16.7923221588
14029110000000,17.086555481
14029710000000,17.4179382324
14030350000000,17.6962928772
14030930000000,18.0126247406
14031490000000,18.292924881
14032080000000,18.4904060364
14032680000000,18.8243980408
14033310000000,19.1497879028
14033940000000,19.4621486664
