11406630000000,19.6911430359
11407390000000,19.4096450806
11408130000000,19.0791778564
11408860000000,18.74259758
11409570000000,18.4114952087
11410300000000,18.0563201904
11410970000000,17.7133426666
11411650000000,17.3981399536
11412300000000,17.0928249359
11412990000000,16.8358631134
11413640000000,16.6404304504
11414270000000,16.5233249664
11414910000000,16.4533729553
11415550000000,16.5592060089
11416210000000,16.6464099884
11416800000000,16.9127120972
11417460000000,17.2031917572
11418150000000,17.4994487762
11418760000000,17.91065979
11419370000000,18.2508296967
11420040000000,18.588300705
11420670000000,18.8861904144
11421290000000,19.212310791
11421970000000,19.5202255249
11422590000000,19.8442459106
11423230000000,20.1472434998
11423890000000,20.1892299652
11424550000000,20.1177368164
11425180000000,20.0855751038
11425790000000,20.0231876373
11426440000000,20.0466804504
11427070000000,19.7585773468
11427740000000,19.4417648315
11428410000000,18.9659633636
11429040000000,18.6036186218
11429680000000,18.3168144226
11430310000000,17.9705219269
11430950000000,17.7043781281
11431620000000,17.3473262787
11432270000000,17.0295314789
11432910000000,16.7056865692
11433550000000,16.4351520538
11434160000000,16.1110115051
11434790000000,15.7744369507
11435400000000,15.5522279739
11436010000000,15.3874845505
11436620000000,15.2246255875
11437240000000,15.1320371628
11437840000000,15.1873760223
11438550000000,15.3500509262
11439150000000,15.4776325226
11439740000000,15.5742053986
11440350000000,15.8438911438
11441000000000,16.1178855896
11441610000000,16.3591747284
11442200000000,16.6638450623
11442810000000,16.9726257324
11443510000000,17.215959549
11444120000000,17.4908981323
11444750000000,17.6691856384
11445410000000,17.709482193
11446040000000,17.5774745941
11446670000000,17.3097457886
11447280000000,17.0139331818
11447890000000,16.7096633911
11448550000000,16.3987731934
11449160000000,16.0786380768
11449780000000,15.7819070816
11450370000000,15.4949741364
11451020000000,15.1910877228
11451690000000,14.8610010147
11452300000000,14.5401353836
11452900000000,14.2348051071
11453500000000,13.9308614731
11454080000000,13.6458930969
11454690000000,13.3369235992
11455300000000,13.0407123566
11455880000000,12.7013721466
11456440000000,12.428393364
11457120000000,12.1552000046
11457730000000,11.8015756607
11458300000000,11.5050315857
11458910000000,11.2155075073
11459510000000,10.9047708511
11460170000000,10.6662635803
11460790000000,10.2896356583
11461370000000,9.97161197662
11461940000000,9.71388626099
11462550000000,9.40819835663
11463220000000,9.10393714905
11463810000000,8.75381088257
11464440000000,8.48626899719
11465020000000,8.15393447876
11465610000000,7.85323953629
11466170000000,7.56943511963
11466800000000,7.28652858734
11467400000000,7.01519489288
11468010000000,6.72426700592
11468650000000,6.4969124794
11469270000000,6.24391889572
11469940000000,5.95405101776
11470560000000,5.61680030823
11471150000000,5.30963420868
11471760000000,5.01250457764
11472420000000,4.69262695312
11472990000000,4.37813472748
11473620000000,4.09252548218
11474210000000,3.7924990654
11474810000000,3.50859808922
11475370000000,3.22058582306
11475990000000,3.01159405708
11476590000000,2.72808361053
11477230000000,2.44476461411
11477820000000,2.19300937653
11478420000000,1.86526679993
11479000000000,1.56364417076
11479590000000,1.2710185051
11480190000000,1.00202286243
