14107740000000,8.51712703705
14108450000000,8.10653305054
14109270000000,7.82144117355
14109990000000,7.41643190384
14110720000000,7.07230710983
14111430000000,6.6942858696
14112130000000,6.32871627808
14112800000000,5.99524688721
14113470000000,5.66983127594
14114140000000,5.35252761841
14114760000000,5.01499223709
14115420000000,4.70319890976
14116130000000,4.53835010529
14116780000000,4.26484107971
14117390000000,3.94237542152
14118000000000,3.75387811661
14118660000000,3.63855576515
14119300000000,3.38179278374
14119920000000,3.06087946892
14120550000000,2.7502553463
14121190000000,2.37140893936
14121830000000,1.99660003185
14122470000000,1.6753667593
14123120000000,1.37525868416
14123730000000,1.05534803867
14124360000000,0.745656788349
14124920000000,0.444888502359
14125670000000,0.155372008681
14126270000000,0.133714824915
14126920000000,0.246354997158
14127570000000,0.182586446404
14128250000000,0.210220515728
14128870000000,0.364977449179
14129560000000,0.581649720669
14130210000000,0.880279898643
14130840000000,1.18155407906
14131500000000,1.47623479366
14132130000000,1.81976938248
14132730000000,2.15483212471
14133390000000,2.53954124451
14134020000000,2.84642338753
14134690000000,3.18211984634
14135330000000,3.54095458984
14135990000000,3.87515711784
14136640000000,4.19283151627
14137270000000,4.51694250107
14137870000000,4.89765691757
14138500000000,5.25700712204
14139150000000,5.55675315857
14139770000000,5.99414968491
14140400000000,6.3703751564
14141010000000,6.74630403519
14141590000000,7.04528188705
14142180000000,7.29945659637
14142780000000,7.58911132812
14143370000000,7.88450622559
14144040000000,8.16854000092
14144660000000,8.50348091125
14145270000000,8.82208824158
14145620000000,9.10778331757
14146530000000,9.36085891724
14147160000000,9.21732521057
14147750000000,9.09942150116
14148370000000,9.00779247284
14148990000000,8.75303459167
14149600000000,8.49806308746
14150190000000,8.21304988861
14150790000000,7.93890476227
14151440000000,7.67649936676
14152080000000,7.45289468765
14152740000000,7.28190898895
14153350000000,7.20595169067
14153990000000,7.12375116348
14154580000000,7.15020370483
14155170000000,7.22714805603
14155810000000,7.35884523392
14156400000000,7.50006914139
14156960000000,7.68740797043
14157550000000,7.87399959564
14158150000000,8.084192276
14158760000000,8.30320072174
14159430000000,8.54226016998
14160000000000,8.83187103271
14160560000000,9.08361053467
14161150000000,9.36044025421
14161740000000,9.64058685303
14162340000000,9.91467094421
14162940000000,10.2311592102
14163540000000,10.5029878616
14164130000000,10.7950401306
14164740000000,11.0883140564
14165320000000,11.3949251175
14165950000000,11.6925725937
14166550000000,12.0084972382
14167160000000,12.2950954437
14167750000000,12.6184082031
14168350000000,12.9046821594
14168970000000,13.1522550583
14169560000000,13.4741439819
14170170000000,13.7788333893
14170800000000,14.0786390305
14171420000000,14.4174432755
14172050000000,14.7636613846
14172640000000,15.0641288757
14173230000000,15.3260698318
14173790000000,15.6328849792
14174370000000,15.8898677826
14174960000000,16.1547985077
14175550000000,16.4350166321
14176150000000,16.739522934
14176740000000,17.0211410522
14177350000000,17.3529758453
14178010000000,17.6660995483
14178630000000,17.9186763763
14179220000000,18.2760562897
14179830000000,18.5816612244
14180440000000,18.8757705688
14181030000000,19.229139328
14181630000000,19.5496711731
