11931370000000,19.8149776459
11932130000000,19.5431957245
11932870000000,19.2108402252
11933600000000,18.8748035431
11934310000000,18.5904331207
11935080000000,18.2093963623
11935780000000,17.8706665039
11936430000000,17.5475597382
11937120000000,17.2587203979
11937780000000,16.9545917511
11938440000000,16.6768188477
11939080000000,16.4123783112
11939800000000,16.2878856659
11940450000000,16.2552871704
11941070000000,16.2724246979
11941700000000,16.0744819641
11942380000000,16.2586193085
11943010000000,16.3938465118
11943650000000,16.6975975037
11944270000000,17.0026912689
11944990000000,17.2875270844
11945670000000,17.6893882751
11946340000000,17.8919410706
11946960000000,18.3399429321
11947610000000,18.7161960602
11948240000000,19.0306892395
11948830000000,19.3430423737
11949510000000,19.6245117188
11950160000000,19.9156227112
11950770000000,20.2265663147
11951450000000,20.4028549194
11952080000000,20.512670517
11952740000000,20.5276679993
11953400000000,20.3753814697
11954040000000,20.1646709442
11954720000000,19.9464302063
11955340000000,19.6087360382
11956020000000,19.2988777161
11956670000000,18.9837646484
11957290000000,18.7169208527
11957900000000,18.4196529388
11958560000000,18.1090507507
11959210000000,17.7735328674
11959860000000,17.4433231354
11960530000000,17.1246757507
11961170000000,16.7669181824
11961780000000,16.5152835846
11962420000000,16.2655525208
11963050000000,15.9559936523
11963660000000,15.6182031631
11964320000000,15.3437242508
11964940000000,15.1291437149
11965540000000,14.9844732285
11966200000000,15.0478649139
11966810000000,15.267457962
11967400000000,15.4782552719
11968020000000,15.7341766357
11968680000000,16.0481929779
11969300000000,16.2775306702
11969900000000,16.5411205292
11970520000000,16.8173503876
11971100000000,17.1265888214
11971730000000,17.3995761871
11972360000000,17.6926116943
11972960000000,17.8324432373
11973550000000,18.0041122437
11974170000000,18.1618785858
11974780000000,18.121761322
11975440000000,17.8853168488
11976060000000,17.7082519531
11976640000000,17.5148696899
11977280000000,17.2090396881
11977890000000,16.9124736786
11978530000000,16.6283569336
11979130000000,16.2803783417
11979770000000,15.9957962036
11980370000000,15.6653156281
11980970000000,15.3788146973
11981560000000,15.0628318787
11982180000000,14.7640771866
11982770000000,14.430606842
11983370000000,14.1357784271
11984000000000,13.8350906372
11984630000000,13.5188798904
11985230000000,13.2004394531
11985820000000,12.9165773392
11986450000000,12.6138744354
11987040000000,12.3219251633
11987670000000,11.9593038559
11988260000000,11.6465444565
11988860000000,11.3482494354
11989470000000,11.0609331131
11990040000000,10.7540836334
11990630000000,10.4725294113
11991240000000,10.178689003
11991850000000,9.87516593933
11992460000000,9.57409858704
11993080000000,9.25566482544
11993690000000,8.96101856232
11994310000000,8.6601600647
11994880000000,8.33981513977
11995510000000,8.06901168823
11996090000000,7.74251747131
11996680000000,7.46822834015
11997290000000,7.15793228149
11997910000000,6.84915161133
11998520000000,6.54345178604
11999160000000,6.26607370377
11999810000000,5.94898605347
12000380000000,5.67163467407
12001000000000,5.43165206909
12001610000000,5.1770734787
12002210000000,4.91555690765
12002840000000,4.68027925491
12003450000000,4.39174556732
12004040000000,4.09286689758
12004670000000,3.79410910606
12005280000000,3.46363043785
12005890000000,3.1455476284
12006540000000,2.88765740395
12007130000000,2.62857627869
12007730000000,2.33290600777
12008370000000,2.03608179092
12008970000000,1.72113871574
12009560000000,1.45289599895
12010150000000,1.15761804581
12010760000000,0.916160821915
