
20199370000000,8.66208457947
20199910000000,8.38803195953
20200450000000,8.13372802734
20200970000000,7.91966152191
20201480000000,7.65660810471
20202040000000,7.44834375381
20202540000000,7.29538726807
20203030000000,6.95293903351
20203560000000,6.83724880219
20204070000000,6.52005529404
20204550000000,6.31455612183
20205010000000,6.09834814072
20205490000000,5.92985105515
20205960000000,5.75724077225
20206420000000,5.73521995544
20206910000000,5.55752038956
20207380000000,5.26895236969
20207830000000,5.158847332
20208280000000,5.09837770462
20208720000000,4.99213457108
20209170000000,4.86162614822
20209590000000,4.65660476685
20210030000000,4.46140193939
20210490000000,4.18556404114
20210940000000,3.99170517921
20211350000000,3.72399520874
20211820000000,3.5659506321
20212270000000,3.31727910042
20212690000000,3.08828854561
20213150000000,2.8783929348
20213600000000,2.72852659225
20214060000000,2.44436788559
20214510000000,2.20388627052
20214990000000,1.98917996883
20215430000000,1.76268315315
20215890000000,1.58438742161
20216350000000,1.39256715775
20216800000000,1.1895185709
20217240000000,0.979778766632
20217670000000,0.808909952641
20218020000000,0.644109845161
20218590000000,0.60463821888
20219020000000,0.667103350163
20219460000000,0.644441366196
20219880000000,0.618266880512
20220320000000,0.646115779877
20220750000000,0.66359359026
20221200000000,0.597856640816
20221650000000,0.713135302067
20222100000000,0.772035300732
20222580000000,1.0021007061
20223000000000,1.19733476639
20223430000000,1.37040686607
20223870000000,1.54279446602
20224290000000,1.71137857437
20224760000000,1.86435055733
20225230000000,2.08721923828
20225690000000,2.20194482803
20226160000000,2.29722929001
20226620000000,2.36579060555
20227040000000,2.54395723343
20227490000000,2.7358186245
20227940000000,3.03596234322
20228370000000,3.27480626106
20228800000000,3.57119846344
20229250000000,3.76808476448
20229720000000,3.96856307983
20230160000000,4.23461914062
20230590000000,4.39616918564
20231030000000,4.5116648674
20231490000000,4.64739370346
20231920000000,4.76470184326
20232350000000,4.89005804062
20232810000000,5.01254034042
20233250000000,5.1970872879
20233700000000,5.39712667465
20234110000000,5.56325244904
20234540000000,5.69160461426
20234950000000,5.80130577087
20235390000000,5.92358446121
20235800000000,6.08099460602
20236220000000,6.21264982224
20236650000000,6.35002183914
20237080000000,6.43842983246
20237540000000,6.60415172577
20237960000000,6.79427099228
20238370000000,7.00161266327
20238780000000,7.19574785233
20239180000000,7.4146361351
20239580000000,7.60565567017
20240010000000,7.7707734108
20240460000000,7.97612285614
20240870000000,8.21590709686
20241370000000,8.39950084686
20241800000000,8.62518692017
20242240000000,8.84083175659
20242650000000,8.99719810486
20243120000000,9.00586509705
20243530000000,8.99875545502
20243990000000,9.01583003998
20244410000000,9.03481960297
20244830000000,9.03478145599
20245240000000,8.96975040436
20245670000000,9.05969429016
20246090000000,8.95492744446
20246480000000,8.76781082153
20246930000000,8.6003704071
20247360000000,8.40044879913
20247790000000,8.19156646729
20248250000000,8.03696250916
20248670000000,7.81708621979
20249090000000,7.66543006897
20249500000000,7.55143213272
20249910000000,7.42719936371
20250360000000,7.28539943695
20250810000000,7.2302775383
20251220000000,7.0917596817
20251620000000,7.03932905197
20252050000000,7.00564622879
20252470000000,7.04913711548
20252880000000,7.07857179642
20253300000000,7.14127731323
20253740000000,7.23687601089
20254160000000,7.3280711174
20254570000000,7.45206594467
20254980000000,7.55703926086
20255410000000,7.66809225082
20255840000000,7.80076599121
20256240000000,7.90382814407
20256650000000,8.08295249939
20257080000000,8.22177886963
20257520000000,8.42861938477
20257970000000,8.62234020233
20258370000000,8.84607315063
20258780000000,9.04841518402
20259180000000,9.2494096756
20259620000000,9.43527030945
20260050000000,9.67768383026
20260490000000,9.88531589508
20260880000000,10.0830030441
20261280000000,10.266002655
20261710000000,10.4699077606
20262110000000,10.6989459991
20262540000000,10.8974933624
20262940000000,11.0998830795
20263360000000,11.2718038559
20263840000000,11.5239725113
20264260000000,11.746805191
20264690000000,11.9541015625
20265110000000,12.1675491333
20265500000000,12.4072980881
20265900000000,12.5703363419
20266350000000,12.7848110199
20266750000000,13.0040397644
20267180000000,13.1535053253
20267570000000,13.4475164413
20267970000000,13.5889959335
20268370000000,13.8249645233
20268810000000,14.025636673
20269200000000,14.2221546173
20269630000000,14.4155263901
20270130000000,14.6593456268
20270580000000,14.8516511917
20270990000000,15.0597906113
20271420000000,15.1693286896
20271830000000,15.3404273987
20272250000000,15.5365667343
20272680000000,15.6841897964
20273070000000,15.8855905533
20273440000000,16.0781593323
20273850000000,16.2379398346
20274270000000,16.4213638306
20274660000000,16.608757019
20275090000000,16.8271026611
20275500000000,16.99958992
20275910000000,17.1687374115
20276360000000,17.3662643433
20276770000000,17.5642814636
20277240000000,17.7286834717
20277660000000,17.9057254791
20278080000000,18.0443077087
20278510000000,18.1889400482
20278920000000,18.332075119
20279350000000,18.5241146088
20279800000000,18.6824302673
20280220000000,18.8498344421
20280640000000,19.0281887054
20281080000000,19.220954895
20281510000000,19.4094657898
20281910000000,19.569776535
20282350000000,19.7396316528
