11789370000000,9.75928211212
11790110000000,9.36684513092
11790860000000,8.99767875671
11791560000000,8.62471866608
11792280000000,8.280585289
11792950000000,7.93143987656
11793620000000,7.6050286293
11794300000000,7.24750471115
11794960000000,6.93320417404
11795630000000,6.66326713562
11796280000000,6.36975049973
11796930000000,6.09517192841
11797570000000,6.04255723953
11798260000000,6.07406806946
11798900000000,5.99216032028
11799540000000,6.06447076797
11800210000000,6.27376079559
11800860000000,6.5006275177
11801470000000,6.75497245789
11802120000000,6.96317243576
11802780000000,7.36376714706
11803420000000,7.72819185257
11804070000000,8.13648605347
11804710000000,8.44101428986
11805330000000,8.8088388443
11805960000000,9.06060123444
11806590000000,9.35628604889
11807270000000,9.6057434082
11807940000000,9.80725765228
11808550000000,9.83867073059
11809200000000,9.90596961975
11809850000000,9.60864257812
11810510000000,9.35789394379
11811160000000,9.02685165405
11811880000000,8.7593755722
11812510000000,8.39362621307
11813150000000,8.07263851166
11813780000000,7.77261734009
11814430000000,7.44969892502
11815070000000,7.06370592117
11815710000000,6.71415233612
11816370000000,6.38136959076
11817030000000,6.1252617836
11817670000000,5.84810686111
11818290000000,5.55975151062
11818930000000,5.27008152008
11819530000000,4.84911489487
11820170000000,4.48544406891
11820770000000,4.38006639481
11821430000000,4.17660474777
11822070000000,3.74452877045
11822680000000,3.47134876251
11823280000000,3.20811367035
11823910000000,2.95192027092
11824510000000,2.64626312256
11825120000000,2.38281273842
11825730000000,2.06468844414
11826400000000,1.78211832047
11826990000000,1.45645916462
11827600000000,1.16339421272
11828210000000,0.941154539585
11828850000000,0.873613834381
11829470000000,0.842589437962
11830080000000,0.833780944347
11830710000000,0.902253746986
11831330000000,1.19451189041
11831930000000,1.46363997459
11832550000000,1.6921697855
11833140000000,1.93844377995
11833750000000,2.21217799187
11834390000000,2.51895284653
11834990000000,2.8437204361
11835600000000,3.13205099106
11836220000000,3.46942472458
11836850000000,3.70289587975
11837480000000,4.01806545258
11838100000000,4.34397649765
11838720000000,4.66542196274
11839330000000,4.95867729187
11839950000000,5.27268791199
11840530000000,5.57371711731
11841150000000,5.87046051025
11841720000000,6.17789316177
11842320000000,6.46977758408
11842940000000,6.77621507645
11843540000000,7.09814929962
11844130000000,7.38378572464
11844740000000,7.66390323639
11845350000000,7.97994470596
11845930000000,8.2902545929
11846510000000,8.58504009247
11847110000000,8.87792396545
11847710000000,9.16545581818
11848330000000,9.47012901306
11848920000000,9.77073955536
11849530000000,10.0684690475
11850120000000,10.3651103973
11850730000000,10.6541776657
11851370000000,10.9715042114
11851940000000,11.2777385712
11852530000000,11.5716152191
11853130000000,11.8790206909
11853740000000,12.1418466568
11854330000000,12.4274406433
11854970000000,12.7219781876
11855580000000,13.0448207855
11856180000000,13.3094062805
11856800000000,13.5891714096
11857440000000,13.8889198303
11858060000000,14.2072639465
11858650000000,14.5270824432
11859260000000,14.8229722977
11859860000000,15.1149549484
11860510000000,15.4032888412
11861130000000,15.6951675415
11861730000000,16.0351638794
11862360000000,16.230632782
11862940000000,16.4936981201
11863540000000,16.7837867737
11864150000000,17.0879402161
11864750000000,17.3839321136
