11931370000000,8.53318023682
11932130000000,8.28116416931
11932870000000,7.93157529831
11933600000000,7.55840730667
11934310000000,7.22749328613
11935080000000,6.91598701477
11935780000000,6.51013851166
11936430000000,6.19276714325
11937120000000,6.00186014175
11937780000000,5.69211435318
11938440000000,5.31973791122
11939080000000,5.12226200104
11939800000000,4.81290912628
11940450000000,4.38057136536
11941070000000,4.21537208557
11941700000000,4.39916086197
11942380000000,4.19309139252
11943010000000,4.04825639725
11943650000000,3.75616049767
11944270000000,3.41550683975
11944990000000,3.11523103714
11945670000000,2.71313166618
11946340000000,2.52946162224
11946960000000,2.22256946564
11947610000000,1.86609125137
11948240000000,1.5640745163
11948830000000,1.26846206188
11949510000000,1.02042245865
11950160000000,0.720275223255
11950920000000,0.438180506229
11951450000000,0.429377824068
11952080000000,0.429304510355
11952740000000,0.284263134003
11953400000000,0.0703885629773
11954040000000,0.413675904274
11954720000000,0.688133358955
11955340000000,1.0480171442
11956020000000,1.29899990559
11956670000000,1.56886970997
11957290000000,1.82068181038
11957900000000,2.05752253532
11958560000000,2.32948374748
11959210000000,2.61725568771
11959860000000,2.95634078979
11960530000000,3.30648183823
11961170000000,3.68197655678
11961780000000,3.95215988159
11962420000000,4.18641805649
11963050000000,4.4938120842
11963660000000,4.87944698334
11964320000000,5.28761959076
11964930000000,5.6581454277
11965540000000,5.73012113571
11966200000000,5.79020357132
11966810000000,5.98425483704
11967400000000,6.42345523834
11968020000000,6.89724731445
11968680000000,7.33729219437
11969300000000,7.62756824493
11969900000000,7.97006368637
11970520000000,8.25494384766
11971100000000,8.57975006104
11971730000000,8.85793495178
11972320000000,9.16878509521
11972960000000,9.32194423676
11973550000000,9.51618003845
11974170000000,9.62930393219
11974780000000,9.63188934326
11975440000000,9.46290493011
11976060000000,9.31715297699
11976640000000,9.20264816284
11977280000000,8.92931938171
11977890000000,8.65291118622
11978530000000,8.39727115631
11979130000000,8.08723258972
11979770000000,7.82646083832
11980370000000,7.59299087524
11980970000000,7.42371368408
11981560000000,7.23124742508
11982180000000,7.10967540741
11982770000000,7.12243700027
11983370000000,7.20302152634
11984000000000,7.29630231857
11984630000000,7.4260931015
11985230000000,7.59155082703
11985820000000,7.79524326324
11986450000000,7.99975538254
11987040000000,8.23032093048
11987670000000,8.55960273743
11988260000000,8.83630084991
11988860000000,9.14880943298
11989470000000,9.43362998962
11990040000000,9.72094154358
11990630000000,9.99509620667
11991240000000,10.3060646057
11991850000000,10.5996246338
11992460000000,10.9028177261
11993080000000,11.2152404785
11993690000000,11.5336170197
11994310000000,11.8002214432
11994880000000,12.1152410507
11995510000000,12.3978538513
11996090000000,12.7202606201
11996680000000,12.9960603714
11997290000000,13.3088922501
11997910000000,13.6255722046
11998520000000,13.922961235
11999160000000,14.2270889282
11999810000000,14.6006612778
12000380000000,14.9077367783
12001000000000,15.1842784882
12001610000000,15.5179176331
12002210000000,15.8036203384
12002840000000,16.1001052856
12003450000000,16.3246746063
12004040000000,16.5877132416
12004670000000,16.8569030762
12005280000000,17.1567611694
12005890000000,17.4478874207
12006540000000,17.6930675507
12007130000000,17.9335651398
12007730000000,18.1614723206
12008370000000,18.4617824554
12008970000000,18.7680702209
12009560000000,19.0188007355
12010150000000,19.3277511597
12010760000000,19.6128921509
