
20199370000000,10.2016010284
20199910000000,10.0346803665
20200450000000,9.77219295502
20200970000000,9.53815841675
20201480000000,9.30482387543
20202040000000,9.06907081604
20202540000000,8.80074882507
20203030000000,8.55381393433
20203560000000,8.33695030212
20204070000000,8.10634994507
20204550000000,7.86025047302
20205010000000,7.64470767975
20205490000000,7.4291844368
20205960000000,7.24674940109
20206420000000,7.08312320709
20206910000000,6.87536716461
20207380000000,6.62214899063
20207830000000,6.44686412811
20208280000000,6.27373361588
20208720000000,6.12929868698
20209170000000,6.01153564453
20209590000000,5.99947690964
20210030000000,6.04345750809
20210490000000,6.07446670532
20210940000000,6.17525482178
20211350000000,6.30746459961
20211820000000,6.41405773163
20212270000000,6.61603212357
20212690000000,6.78086805344
20213150000000,6.96590662003
20213600000000,7.18019008636
20214070000000,7.42274951935
20214510000000,7.63778305054
20214990000000,7.8912191391
20215430000000,8.10769844055
20215890000000,8.30358409882
20216350000000,8.49407482147
20216800000000,8.70582103729
20217240000000,8.90528869629
20217670000000,9.1040725708
20218110000000,9.29604434967
20218590000000,9.37026023865
20219020000000,9.35569953918
20219460000000,9.29303359985
20219880000000,9.39791584015
20220320000000,9.31596279144
20220750000000,9.29696178436
20221200000000,9.36281108856
20221650000000,9.28659343719
20222100000000,9.21650409698
20222580000000,9.06739807129
20223000000000,8.79836750031
20223430000000,8.64710235596
20223870000000,8.47881317139
20224290000000,8.26075077057
20224760000000,8.05882358551
20225230000000,7.80424499512
20225690000000,7.6660823822
20226160000000,7.56224918365
20226620000000,7.47910928726
20227040000000,7.3151102066
20227490000000,7.1566195488
20227940000000,6.90965938568
20228370000000,6.70798778534
20228800000000,6.49732494354
20229250000000,6.30742502213
20229720000000,6.15147972107
20230160000000,6.01078939438
20230600000000,5.91295194626
20231030000000,5.75570058823
20231490000000,5.54518032074
20231920000000,5.38529777527
20232350000000,5.27619743347
20232810000000,5.08142328262
20233250000000,4.86983108521
20233700000000,4.68088006973
20234110000000,4.56613922119
20234540000000,4.45352268219
20234950000000,4.28088760376
20235390000000,4.11666584015
20235800000000,3.95457935333
20236220000000,3.83344221115
20236650000000,3.69988894463
20237080000000,3.50295138359
20237540000000,3.28813767433
20237960000000,3.0764234066
20238370000000,2.87661767006
20238780000000,2.67813301086
20239180000000,2.47049856186
20239580000000,2.27834057808
20240010000000,2.09914255142
20240460000000,1.89696669579
20240870000000,1.65758478642
20241370000000,1.46799373627
20241800000000,1.23961305618
20242240000000,1.0375058651
20242650000000,0.879700779915
20243070000000,0.874520838261
20243530000000,0.902705132961
20243990000000,0.856265306473
20244410000000,0.82800501585
20244830000000,0.835512816906
20245240000000,0.911981701851
20245670000000,0.827516138554
20246090000000,0.926319539547
20246480000000,1.09596502781
20246930000000,1.27228367329
20247360000000,1.48879468441
20247790000000,1.72146189213
20248250000000,1.91152381897
20248670000000,2.14039254189
20249090000000,2.34464764595
20249500000000,2.51777625084
20249910000000,2.69787049294
20250360000000,2.89124202728
20250810000000,3.08595871925
20251220000000,3.28961730003
20251620000000,3.4589304924
20252050000000,3.66830253601
20252470000000,3.85792803764
20252880000000,4.06309270859
20253300000000,4.2643661499
20253740000000,4.48284673691
20254160000000,4.69196081161
20254570000000,4.91212797165
20254980000000,5.11069774628
20255410000000,5.27484750748
20255840000000,5.47014427185
20256240000000,5.63208580017
20256650000000,5.85919189453
20257080000000,6.03469944
20257520000000,6.25135707855
20257970000000,6.46872615814
20258370000000,6.69651126862
20258780000000,6.89727163315
20259180000000,7.09066915512
20259620000000,7.29045009613
20260050000000,7.51041269302
20260490000000,7.73302698135
20260880000000,7.93598365784
20261280000000,8.13296318054
20261710000000,8.33427715302
20262110000000,8.55168628693
20262540000000,8.75199699402
20262940000000,8.96155643463
20263360000000,9.1366853714
20263840000000,9.35631084442
20264260000000,9.59755706787
20264690000000,9.79980278015
20265110000000,10.0137901306
20265500000000,10.236582756
20265900000000,10.4100522995
20266350000000,10.6315565109
20266750000000,10.8376960754
20267180000000,11.0245676041
20267570000000,11.2662792206
20267970000000,11.4346065521
20268370000000,11.6637125015
20268810000000,11.8444538116
20269200000000,12.0586442947
20269630000000,12.2527799606
20270130000000,12.4582099915
20270580000000,12.6722545624
20270990000000,12.8930826187
20271420000000,13.0020475388
20271830000000,13.1766738892
20272250000000,13.353187561
20272680000000,13.543346405
20273070000000,13.7208089828
20273440000000,13.9015464783
20273850000000,14.0662059784
20274270000000,14.2801704407
20274660000000,14.4505853653
20275090000000,14.6336898804
20275500000000,14.8368587494
20275910000000,15.0229539871
20276360000000,15.1998376846
20276770000000,15.3767938614
20277240000000,15.567905426
20277660000000,15.7251081467
20278080000000,15.8930101395
20278510000000,16.0172176361
20278920000000,16.1881256104
20279350000000,16.3300247192
20279800000000,16.5285816193
20280220000000,16.6903476715
20280640000000,16.8873119354
20281080000000,17.0550403595
20281510000000,17.2719650269
20281910000000,17.4153652191
20282350000000,17.5817584991
