
20672890000000,8.15461444855
20673430000000,7.91874599457
20673940000000,7.66043567657
20674440000000,7.44150066376
20674940000000,7.19071483612
20675450000000,6.94646835327
20675950000000,6.74346971512
20676450000000,6.46687746048
20676930000000,6.21522712708
20677410000000,5.98293066025
20677870000000,5.74719190598
20678340000000,5.52343082428
20678790000000,5.31578445435
20679270000000,5.16084623337
20679710000000,4.87909317017
20680170000000,4.67731046677
20680660000000,4.47013282776
20681100000000,4.33527421951
20681570000000,4.28397941589
20682010000000,4.35052204132
20682440000000,4.16151618958
20682900000000,4.00767421722
20683340000000,3.81223869324
20683800000000,3.60786247253
20684240000000,3.42640471458
20684680000000,3.24099850655
20685100000000,3.07675480843
20685540000000,2.8778655529
20686070000000,2.66198468208
20686490000000,2.42692542076
20686950000000,2.30572080612
20687400000000,2.11796045303
20687870000000,1.9675757885
20688300000000,1.7238048315
20688750000000,1.5775282383
20689190000000,1.44454574585
20689610000000,1.23619508743
20690030000000,1.03229928017
20690480000000,0.829408109188
20690920000000,0.588524520397
20691370000000,0.384709954262
20691720000000,0.233054131269
20692260000000,0.303244799376
20692690000000,0.320813238621
20693120000000,0.320372402668
20693560000000,0.310913562775
20694000000000,0.29463532567
20694440000000,0.234121352434
20694890000000,0.221881583333
20695320000000,0.265071600676
20695760000000,0.40750721097
20696190000000,0.572103559971
20696620000000,0.791460096836
20697080000000,0.981913268566
20697530000000,1.22074389458
20698000000000,1.3920943737
20698430000000,1.61438596249
20698880000000,1.74219429493
20699300000000,1.89438152313
20699750000000,2.02097225189
20700220000000,2.20626211166
20700650000000,2.39318871498
20701100000000,2.60485172272
20701550000000,2.82248687744
20702000000000,3.19109153748
20702440000000,3.4220969677
20702860000000,3.57987117767
20703310000000,3.75272607803
20703730000000,3.94509911537
20704150000000,4.09280824661
20704580000000,4.25565338135
20705030000000,4.43405485153
20705480000000,4.65229892731
20705930000000,4.84628629684
20706360000000,5.06220245361
20706800000000,5.22661209106
20707230000000,5.43012666702
20707660000000,5.64404964447
20708080000000,5.86866569519
20708520000000,6.07764101028
20708960000000,6.24940061569
20709370000000,6.3553814888
20709830000000,6.5304441452
20710300000000,6.72355318069
20710750000000,6.85729217529
20711150000000,7.04456186295
20711590000000,7.20915460587
20712010000000,7.42771720886
20712420000000,7.57957172394
20712840000000,7.77137517929
20713260000000,7.98420333862
20713690000000,8.21079158783
20714150000000,8.40252494812
20714560000000,8.62152004242
20714960000000,8.79497814178
20715400000000,8.88294887543
20715720000000,8.87976455688
20716290000000,9.02562618256
20716690000000,9.15110111237
20717150000000,9.19149208069
20717560000000,9.23162746429
20717980000000,9.21413707733
20718420000000,9.2834072113
20718850000000,9.2526845932
20719260000000,9.23478794098
20719670000000,9.30409622192
20720110000000,9.26034736633
20720540000000,9.06175327301
20720950000000,8.8881816864
20721370000000,8.72698020935
20721780000000,8.54415798187
20722190000000,8.36586666107
20722610000000,8.18236351013
20723030000000,8.03168487549
20723440000000,7.86058998108
20723840000000,7.68944978714
20724270000000,7.56177759171
20724690000000,7.39403963089
20725120000000,7.25982618332
20725560000000,7.19824361801
20725980000000,7.07265138626
20726400000000,7.03202104568
20726840000000,6.99666881561
20727260000000,7.05628204346
20727660000000,7.07365608215
20728070000000,7.11567926407
20728510000000,7.2016210556
20728920000000,7.26892900467
20729340000000,7.38451576233
20729790000000,7.51648139954
20730210000000,7.66741800308
20730620000000,7.81028652191
20731020000000,7.98870420456
20731410000000,8.12397766113
20731830000000,8.26492404938
20732220000000,8.45530986786
20732650000000,8.62971401215
20733060000000,8.83389377594
20733480000000,9.02412509918
20733880000000,9.20590877533
20734280000000,9.40842533112
20734700000000,9.59344100952
20735130000000,9.7982301712
20735510000000,9.99961090088
20735940000000,10.1877202988
20736370000000,10.3787498474
20736780000000,10.5878715515
20737180000000,10.8109769821
20737590000000,11.0006742477
20738020000000,11.1875352859
20738500000000,11.3892269135
20738910000000,11.6230297089
20739300000000,11.8170804977
20739730000000,12.0109558105
20740140000000,12.2078485489
20740560000000,12.4112892151
20741000000000,12.6638040543
20741390000000,12.8425588608
20741790000000,12.9914951324
20742190000000,13.2057294846
20742590000000,13.4171648026
20742990000000,13.6098337173
20743430000000,13.786608696
20743850000000,14.01770401
20744260000000,14.2228565216
20744700000000,14.359462738
20745190000000,14.5218496323
20745610000000,14.6983194351
20746030000000,14.9272966385
20746440000000,15.1131649017
20746840000000,15.3080883026
20747280000000,15.4949331284
20747730000000,15.6967315674
20748150000000,15.9013385773
20748570000000,16.0887718201
20748980000000,16.2802448273
20749390000000,16.4631195068
20749850000000,16.6080436707
20750280000000,16.8228988647
20750690000000,16.9765281677
20751100000000,17.1720924377
20751500000000,17.2975234985
20752030000000,17.4882850647
20752440000000,17.686498642
20752860000000,17.8433895111
20753250000000,18.0535736084
20753690000000,18.2013130188
20754140000000,18.3051185608
20754570000000,18.4689064026
20754980000000,18.6435966492
20755410000000,18.8118286133
20755870000000,18.949514389
20756300000000,19.1909713745
20756710000000,19.3203372955
20757160000000,19.4594726562
