11789370000000,8.17296028137
11790110000000,7.86512184143
11790860000000,7.4708366394
11791560000000,7.10231113434
11792280000000,6.75898122787
11792950000000,6.42721652985
11793620000000,6.12422466278
11794300000000,5.81366634369
11794960000000,5.53604364395
11795630000000,5.2989897728
11796280000000,5.0894536972
11796930000000,4.84301805496
11797570000000,4.70371627808
11798260000000,4.50747251511
11798900000000,4.25516605377
11799540000000,3.90935921669
11800210000000,3.64696025848
11800860000000,3.38082456589
11801470000000,3.09709978104
11802120000000,2.85608315468
11802780000000,2.53576660156
11803420000000,2.20729088783
11804070000000,1.82525634766
11804710000000,1.50958383083
11805330000000,1.20713102818
11805960000000,0.975283145905
11806590000000,0.815814137459
11807120000000,0.48992356658
11807940000000,0.397175729275
11808550000000,0.370653182268
11809200000000,0.380244791508
11809850000000,0.320818305016
11810510000000,0.517214596272
11811160000000,0.854547977448
11811880000000,1.17295384407
11812510000000,1.50031030178
11813150000000,1.80725491047
11813780000000,2.08691811562
11814430000000,2.40647983551
11815070000000,2.756909132
11815710000000,3.13951539993
11816370000000,3.50841546059
11817030000000,3.75160646439
11817670000000,4.01489210129
11818290000000,4.28374481201
11818930000000,4.61825561523
11819530000000,4.99262475967
11820170000000,5.38039588928
11820770000000,5.54733753204
11821430000000,5.72785329819
11822060000000,6.19948768616
11822680000000,6.46594238281
11823280000000,6.76291275024
11823910000000,7.03412723541
11824510000000,7.30396509171
11825120000000,7.58753824234
11825730000000,7.94996976852
11826400000000,8.19654846191
11826990000000,8.51140403748
11827600000000,8.7918510437
11828020000000,9.07423973083
11828850000000,9.19149494171
11829470000000,9.11144256592
11830080000000,9.06493663788
11830710000000,8.97070121765
11831330000000,8.71332645416
11831930000000,8.50646591187
11832550000000,8.29419612885
11833140000000,8.02995109558
11833750000000,7.79377746582
11834390000000,7.529296875
11834990000000,7.3020529747
11835600000000,7.18110275269
11836220000000,7.11588287354
11836850000000,7.03979539871
11837480000000,7.13079547882
11838100000000,7.23560619354
11838720000000,7.35706090927
11839330000000,7.53126382828
11839950000000,7.7185459137
11840530000000,7.91919946671
11841150000000,8.13164329529
11841720000000,8.39722824097
11842320000000,8.64243507385
11842940000000,8.92130374908
11843540000000,9.21093273163
11844130000000,9.49901294708
11844740000000,9.79072284698
11845350000000,10.111741066
11845930000000,10.3940944672
11846510000000,10.6852865219
11847110000000,10.987118721
11847710000000,11.307015419
11848330000000,11.5945463181
11848920000000,11.8955621719
11849530000000,12.189953804
11850120000000,12.4870853424
11850730000000,12.7856798172
11851370000000,13.1069259644
11851940000000,13.4172563553
11852530000000,13.7194957733
11853130000000,14.0334529877
11853740000000,14.2989625931
11854330000000,14.5867118835
11854970000000,14.8766098022
11855580000000,15.2037782669
11856180000000,15.4768695831
11856800000000,15.7575941086
11857440000000,16.0757541656
11858060000000,16.3825378418
11858650000000,16.6840515137
11859260000000,16.9786911011
11859860000000,17.3332195282
11860510000000,17.5652961731
11861130000000,17.8641967773
11861730000000,18.1399230957
11862360000000,18.3787593842
11862940000000,18.6574897766
11863540000000,18.9454936981
11864150000000,19.2358779907
11864750000000,19.5423698425
