
20672890000000,9.78405570984
20673430000000,9.53945541382
20673940000000,9.28916549683
20674440000000,9.06146621704
20674940000000,8.83263206482
20675450000000,8.56206989288
20675950000000,8.36009025574
20676450000000,8.10680389404
20676930000000,7.85196208954
20677410000000,7.61874389648
20677870000000,7.40594339371
20678340000000,7.16994142532
20678790000000,6.95830631256
20679270000000,6.78750753403
20679710000000,6.60559797287
20680170000000,6.45634937286
20680660000000,6.26921415329
20681100000000,6.2027630806
20681570000000,6.20408344269
20682010000000,6.1274895668
20682440000000,6.14351177216
20682900000000,6.12941789627
20683340000000,6.23665857315
20683800000000,6.33885526657
20684240000000,6.4609336853
20684680000000,6.61590957642
20685100000000,6.7567486763
20685540000000,6.94241094589
20686070000000,7.15831136703
20686490000000,7.41697072983
20686950000000,7.55198335648
20687400000000,7.7502412796
20687870000000,7.9515004158
20688300000000,8.16936779022
20688750000000,8.3127117157
20689190000000,8.42752933502
20689610000000,8.64454746246
20690030000000,8.82195472717
20690480000000,9.04365062714
20690920000000,9.28864955902
20691370000000,9.48514461517
20691810000000,9.63138198853
20692260000000,9.62949085236
20692690000000,9.67948150635
20693120000000,9.68072319031
20693560000000,9.68091678619
20694000000000,9.68074226379
20694440000000,9.75107192993
20694890000000,9.82745552063
20695320000000,9.67027282715
20695760000000,9.49964904785
20696190000000,9.31565952301
20696620000000,9.08992385864
20697080000000,8.88561248779
20697530000000,8.64158153534
20698000000000,8.48908615112
20698430000000,8.25231647491
20698880000000,8.14418411255
20699300000000,7.98745536804
20699750000000,7.84385728836
20700220000000,7.63358449936
20700650000000,7.44065189362
20701100000000,7.22204828262
20701550000000,7.0254240036
20702000000000,6.78835487366
20702440000000,6.5762925148
20702860000000,6.38182973862
20703310000000,6.20081663132
20703730000000,5.98978090286
20704150000000,5.80893850327
20704580000000,5.6106338501
20705030000000,5.41764211655
20705480000000,5.19678497314
20705930000000,4.99967575073
20706360000000,4.75788116455
20706800000000,4.58227872849
20707230000000,4.39546298981
20707660000000,4.16020965576
20708080000000,3.93330931664
20708520000000,3.74835085869
20708960000000,3.61723804474
20709370000000,3.57096219063
20709830000000,3.42095971107
20710300000000,3.2371301651
20710750000000,3.04231619835
20711150000000,2.85622882843
20711590000000,2.67656564713
20712010000000,2.48496675491
20712420000000,2.28295707703
20712840000000,2.08670163155
20713260000000,1.88586127758
20713690000000,1.66991841793
20714150000000,1.48011600971
20714560000000,1.25848078728
20714960000000,1.07912647724
20715400000000,1.00868844986
20715860000000,1.00877201557
20716290000000,0.887678921223
20716690000000,0.741552531719
20717150000000,0.707435190678
20717560000000,0.745343923569
20717980000000,0.697274565697
20718420000000,0.665637671947
20718850000000,0.65942132473
20719260000000,0.682368934155
20719670000000,0.598326385021
20720110000000,0.656442165375
20720540000000,0.818624138832
20720950000000,0.990010619164
20721370000000,1.16497766972
20721780000000,1.35858392715
20722190000000,1.54299902916
20722610000000,1.73206496239
20723030000000,1.92017793655
20723440000000,2.12235569954
20723840000000,2.33231163025
20724270000000,2.50090646744
20724690000000,2.69934511185
20725120000000,2.90685844421
20725560000000,3.12499976158
20725980000000,3.31535196304
20726400000000,3.51491189003
20726840000000,3.69803643227
20727260000000,3.91526627541
20727660000000,4.11872386932
20728070000000,4.30937147141
20728510000000,4.51544380188
20728920000000,4.7244591713
20729340000000,4.90766334534
20729790000000,5.0964512825
20730210000000,5.31714677811
20730620000000,5.511739254
20731020000000,5.72854471207
20731410000000,5.91772127151
20731830000000,6.09848833084
20732220000000,6.3041844368
20732650000000,6.48771476746
20733060000000,6.70831823349
20733480000000,6.90643787384
20733880000000,7.11914777756
20734280000000,7.30381584167
20734700000000,7.50122976303
20735130000000,7.70250654221
20735510000000,7.91437721252
20735940000000,8.09669780731
20736370000000,8.30355262756
20736780000000,8.51580429077
20737180000000,8.72237014771
20737590000000,8.91028594971
20738020000000,9.10795783997
20738500000000,9.30025959015
20738910000000,9.54135417938
20739300000000,9.74206733704
20739730000000,9.92561244965
20740140000000,10.1379671097
20740560000000,10.3443918228
20741000000000,10.5753068924
20741390000000,10.7696943283
20741790000000,10.9435138702
20742190000000,11.1327590942
20742590000000,11.363494873
20742990000000,11.5390291214
20743430000000,11.7287168503
20743850000000,11.9768304825
20744260000000,12.1585826874
20744700000000,12.298201561
20745190000000,12.4688463211
20745610000000,12.6143274307
20746030000000,12.8003826141
20746450000000,12.9565382004
20746840000000,13.1550397873
20747280000000,13.3223457336
20747730000000,13.5240077972
20748150000000,13.7161521912
20748570000000,13.917224884
20748980000000,14.1083145142
20749400000000,14.282910347
20749850000000,14.4374055862
20750280000000,14.6489648819
20750690000000,14.7996807098
20751100000000,15.0055265427
20751500000000,15.1300106049
20752030000000,15.3000230789
20752440000000,15.5187826157
20752860000000,15.6970376968
20753250000000,15.8864107132
20753690000000,16.0261306763
20754140000000,16.1347560883
20754570000000,16.3088417053
20754980000000,16.4804801941
20755410000000,16.633310318
20755870000000,16.8246631622
20756300000000,17.0142860413
20756710000000,17.1876087189
20757160000000,17.3246383667
