
12519970000000,9.7523317337
12520720000000,9.7545337677
12521490000000,9.74838542938
12522230000000,9.45367240906
12522940000000,9.08297157288
12523670000000,8.77619361877
12524420000000,8.46063613892
12525140000000,8.08995342255
12525850000000,7.75677680969
12526520000000,7.41866636276
12527210000000,7.12286615372
12527870000000,6.83945941925
12528570000000,6.61382579803
12529240000000,6.39374923706
12529890000000,6.37857913971
12530590000000,6.46635866165
12531250000000,6.73284626007
12531880000000,7.04578828812
12532510000000,7.37892150879
12533190000000,7.67381954193
12533820000000,7.96023082733
12534470000000,8.30624294281
12535080000000,8.57289123535
12535750000000,8.88687324524
12536360000000,9.26333236694
12537010000000,9.50010967255
12537670000000,9.55125617981
12538290000000,9.53367900848
12538950000000,9.64336872101
12539620000000,9.58347606659
12540260000000,9.50481128693
12540900000000,9.1945438385
12541560000000,8.9096660614
12542220000000,8.60251426697
12542820000000,8.28894233704
12543410000000,7.98800182343
12544070000000,7.73161172867
12544710000000,7.38968801498
12545410000000,6.9554476738
12546060000000,6.53393554688
12546770000000,6.19961929321
12547410000000,5.88766002655
12548050000000,5.64610719681
12548680000000,5.41088247299
12549340000000,5.08088302612
12549960000000,4.57973814011
12550600000000,4.20809412003
12551200000000,3.81511569023
12551860000000,3.48434448242
12552490000000,3.12043046951
12553120000000,2.86377692223
12553760000000,2.53009438515
12554360000000,2.24146580696
12554980000000,1.92164647579
12555580000000,1.61403810978
12556240000000,1.3256213665
12556870000000,0.996337175369
12557520000000,0.683878898621
12558120000000,0.503897070885
12558750000000,0.487117052078
12559370000000,0.401966303587
12559950000000,0.514955103397
12560550000000,0.736347913742
12561180000000,1.03927516937
12561780000000,1.32849597931
12562390000000,1.60344719887
12563020000000,1.88869607449
12563620000000,2.20117163658
12564220000000,2.48760938644
12564820000000,2.78480005264
12565450000000,3.08738780022
12566050000000,3.41108059883
12566710000000,3.64923548698
12567310000000,3.96934962273
12567920000000,4.25603628159
12568530000000,4.54402351379
12569150000000,4.83063220978
12569770000000,5.14734888077
12570350000000,5.45285081863
12570960000000,5.74136972427
12571560000000,6.03462171555
12572150000000,6.32683897018
12572750000000,6.62463283539
12573350000000,6.93700885773
12573920000000,7.23222208023
12574530000000,7.50789690018
12575120000000,7.8164730072
12575770000000,8.11259937286
12576360000000,8.425989151
12576940000000,8.72739028931
12577570000000,9.02031993866
12578190000000,9.32161235809
12578780000000,9.6525478363
12579370000000,9.92310619354
12579950000000,10.234875679
12580540000000,10.5261869431
12581160000000,10.8159170151
12581810000000,11.1194705963
12582400000000,11.4567785263
12583010000000,11.7649755478
12583610000000,12.0669593811
12584260000000,12.3332090378
12584870000000,12.6385726929
12585460000000,12.8994197845
12586100000000,13.1565093994
12586690000000,13.4613666534
12587300000000,13.727481842
12587940000000,14.0353031158
12588550000000,14.3406429291
12589190000000,14.623339653
12589820000000,14.9370145798
12590410000000,15.1922397614
12591030000000,15.4660511017
12591670000000,15.7272977829
12592280000000,16.0096378326
12592890000000,16.2946720123
12593500000000,16.5775642395
12594090000000,16.9137058258
12594720000000,17.214673996
12595340000000,17.3155250549
12595940000000,17.3087081909
