11406630000000,8.38306236267
11407390000000,8.16352748871
11408130000000,7.71809577942
11408860000000,7.43601560593
11409570000000,7.14668083191
11410290000000,6.66546630859
11410970000000,6.32301807404
11411650000000,5.99608516693
11412300000000,5.78201627731
11412990000000,5.44728660583
11413640000000,5.23573350906
11414270000000,4.83956241608
11414910000000,4.564889431
11415550000000,4.18254852295
11416210000000,3.86709094048
11416800000000,3.53439640999
11417460000000,3.2158908844
11418150000000,2.91047883034
11418760000000,2.50976371765
11419370000000,2.18228602409
11420040000000,1.8761869669
11420670000000,1.54499912262
11421290000000,1.23049986362
11421970000000,0.922199368477
11422920000000,0.602468252182
11423230000000,0.300650328398
11423890000000,0.303786844015
11424550000000,0.308821350336
11425180000000,0.343240886927
11425790000000,0.431414097548
11426440000000,0.407685637474
11427070000000,0.697344958782
11427740000000,1.0331133604
11428410000000,1.48981797695
11429040000000,1.86285674572
11429680000000,2.13028454781
11430310000000,2.42842435837
11430950000000,2.73478770256
11431620000000,3.07127380371
11432270000000,3.41695737839
11432910000000,3.74162364006
11433550000000,4.0178527832
11434160000000,4.3302526474
11434790000000,4.69460344315
11435400000000,4.93138027191
11436010000000,5.16508150101
11436620000000,5.50563049316
11437240000000,5.80780172348
11437840000000,6.17745399475
11438550000000,6.54678535461
11439150000000,6.82159757614
11439740000000,6.93780136108
11440350000000,7.23706531525
11441000000000,7.49302721024
11441610000000,7.77689647675
11442200000000,8.08996391296
11442810000000,8.44326400757
11443720000000,8.6515455246
11444120000000,8.93540668488
11444750000000,9.13561344147
11445410000000,9.14902687073
11446040000000,9.04642105103
11446670000000,8.81811237335
11447280000000,8.57095909119
11447890000000,8.30871486664
11448550000000,8.00748443604
11449160000000,7.72039175034
11449780000000,7.44869375229
11450370000000,7.21844148636
11451020000000,7.11592102051
11451690000000,7.01918363571
11452300000000,7.03434991837
11452900000000,7.15572214127
11453500000000,7.25145864487
11454080000000,7.40693569183
11454690000000,7.62107992172
11455300000000,7.84880065918
11455880000000,8.04991054535
11456440000000,8.27824878693
11457120000000,8.50045967102
11457730000000,8.79298782349
11458300000000,9.02705955505
11458910000000,9.30048179626
11459510000000,9.62192440033
11460170000000,9.89724063873
11460790000000,10.2003898621
11461370000000,10.5157365799
11461940000000,10.8014640808
11462550000000,11.0862445831
11463220000000,11.3678531647
11463810000000,11.7350702286
11464440000000,11.9906167984
11465020000000,12.3387594223
11465610000000,12.6105985641
11466170000000,12.9149484634
11466800000000,13.1874732971
11467400000000,13.4522123337
11468010000000,13.7572746277
11468650000000,13.9591197968
11469270000000,14.2436876297
11469940000000,14.4916763306
11470560000000,14.8528242111
11471150000000,15.2143297195
11471760000000,15.4770240784
11472420000000,15.7806549072
11472990000000,16.1464805603
11473620000000,16.3808040619
11474210000000,16.7027301788
11474810000000,16.9981021881
11475370000000,17.3005752563
11475990000000,17.5145797729
11476590000000,17.7962112427
11477230000000,18.0347557068
11477820000000,18.3013877869
11478420000000,18.6430797577
11479000000000,18.9907417297
11479590000000,19.2549800873
11480190000000,19.520280838
