13813060000000,19.9517440796
13813810000000,19.5835323334
13814550000000,19.274433136
13815310000000,18.9363269806
13816020000000,18.5801849365
13816760000000,18.2329406738
13817460000000,17.9128913879
13818130000000,17.6309661865
13818820000000,17.3204784393
13819510000000,17.0519828796
13820150000000,16.8057079315
13820800000000,16.6267948151
13821480000000,16.583574295
13822120000000,16.684720993
13822770000000,16.9137554169
13823460000000,17.1805076599
13824080000000,17.3842487335
13824730000000,17.6223087311
13825360000000,17.9456539154
13825990000000,18.2759876251
13826660000000,18.6445503235
13827280000000,18.9829406738
13827920000000,19.2903594971
13828570000000,19.6009368896
13829210000000,19.9264469147
13829850000000,20.2225666046
13830500000000,20.2840366364
13831150000000,20.2978668213
13831800000000,20.2303352356
13832440000000,20.1266059875
13833080000000,20.2534122467
13833700000000,20.0441074371
13834340000000,19.7026348114
13834980000000,19.3861103058
13835650000000,19.0614147186
13836250000000,18.7151031494
13836860000000,18.4208030701
13837510000000,18.1238498688
13838130000000,17.7255706787
13838760000000,17.3549404144
13839390000000,16.9988975525
13840040000000,16.7037029266
13840670000000,16.4095897675
13841310000000,16.1676273346
13841920000000,15.9196748734
13842560000000,15.708480835
13843220000000,15.5836334229
13843840000000,15.5723953247
13844490000000,15.6071538925
13845090000000,15.7271175385
13845720000000,15.9210758209
13846330000000,16.1654891968
13846940000000,16.4058876038
13847560000000,16.6798248291
13848160000000,16.9538402557
13848750000000,17.2456417084
13849350000000,17.5344848633
13850000000000,17.710559845
13850610000000,17.7227878571
13851240000000,17.7420597076
13851870000000,17.5892333984
13852480000000,17.4499855042
13853080000000,17.2294139862
13853660000000,16.9696083069
13854280000000,16.6340637207
13854880000000,16.3426055908
13855460000000,16.0385894775
13856050000000,15.7403240204
13856700000000,15.4513645172
13857310000000,15.1442689896
13857900000000,14.8132581711
13858520000000,14.4971561432
13859140000000,14.188202858
13859750000000,13.8663415909
13860370000000,13.563416481
13860950000000,13.225435257
13861540000000,12.9608926773
13862140000000,12.6801338196
13862710000000,12.3899936676
13863320000000,12.1172447205
13863950000000,11.7933473587
13864560000000,11.4982252121
13865160000000,11.1872739792
13865780000000,10.898935318
13866410000000,10.5824975967
13866980000000,10.2715940475
13867560000000,10.004070282
13868180000000,9.71359539032
13868760000000,9.39631843567
13869350000000,9.11249065399
13869970000000,8.81499099731
13870560000000,8.50255966187
13871170000000,8.19414424896
13871830000000,7.92039299011
13872410000000,7.59607648849
13873020000000,7.29798460007
13873610000000,6.99971961975
13874200000000,6.678399086
13874800000000,6.3953909874
13875400000000,6.09683036804
13875980000000,5.78135585785
13876610000000,5.49418210983
13877190000000,5.19389533997
13877820000000,4.93806505203
13878420000000,4.63767814636
13878990000000,4.33870220184
13879590000000,4.06275415421
13880200000000,3.76439237595
13880790000000,3.44193959236
13881410000000,3.15590953827
13881970000000,2.84217357635
13882550000000,2.58699846268
13883180000000,2.30858850479
13883800000000,1.99433016777
13884380000000,1.69275403023
13885000000000,1.43173718452
13885600000000,1.14783430099
13886190000000,0.913340508938
