13959950000000,19.8770885468
13960690000000,19.4892024994
13961410000000,19.1758537292
13962150000000,18.8594722748
13962850000000,18.5131225586
13963530000000,18.1997108459
13964240000000,17.9058742523
13964910000000,17.5994758606
13965600000000,17.3136711121
13966260000000,17.0446681976
13966930000000,16.9189929962
13967580000000,16.7567214966
13968230000000,16.752281189
13968850000000,16.9209136963
13969480000000,17.1022644043
13970140000000,17.35496521
13970800000000,17.7047405243
13971480000000,18.0090065002
13972100000000,18.2045173645
13972700000000,18.5343666077
13973360000000,18.8327789307
13974000000000,19.1582622528
13974660000000,19.4713840485
13975310000000,19.8017597198
13975930000000,20.1408538818
13976550000000,20.3423194885
13977170000000,20.3467922211
13977820000000,20.3251361847
13978430000000,20.3207931519
13979060000000,20.1637382507
13979700000000,19.8998622894
13980370000000,19.5903911591
13980980000000,19.3192462921
13981630000000,19.0043296814
13982260000000,18.706193924
13982900000000,18.3657836914
13983530000000,18.0783081055
13984170000000,17.7067756653
13984800000000,17.3490314484
13985390000000,17.0344200134
13986040000000,16.7402153015
13986700000000,16.4118118286
13987320000000,16.128616333
13987950000000,15.8341531754
13988580000000,15.5678396225
13989200000000,15.329211235
13989810000000,15.0941820145
13990450000000,14.9566459656
13991050000000,14.953338623
13991700000000,15.0155687332
13992320000000,15.0898275375
13992970000000,15.2977046967
13993590000000,15.5087308884
13994230000000,15.8436613083
13994850000000,8.91319656372
13995460000000,16.4609966278
13996060000000,16.7697143555
13996680000000,17.0728645325
13997290000000,17.3926715851
13997910000000,17.7022132874
13998540000000,17.8324680328
13999130000000,17.8304576874
13999770000000,17.8140716553
14000390000000,17.6799964905
14001000000000,17.4209823608
14001610000000,17.1504192352
14002230000000,16.8996009827
14002830000000,16.5574264526
14003460000000,16.2328739166
14004050000000,15.9190597534
14004690000000,15.6327095032
14005300000000,15.3168535233
14005910000000,15.0196657181
14006520000000,14.6955785751
14007160000000,14.3515520096
14007750000000,14.0315599442
14008360000000,13.7155151367
14008960000000,13.4170007706
14009560000000,13.129234314
14010140000000,12.8171701431
14010780000000,12.5520305634
14011450000000,12.1978244781
14012030000000,11.8807897568
14012620000000,11.6033601761
14013210000000,11.3075532913
14013790000000,11.006362915
14014410000000,10.719994545
14014980000000,10.4168224335
14015620000000,10.1342144012
14016190000000,9.80143451691
14016820000000,9.52674388885
14017460000000,9.20210456848
14018050000000,8.89194583893
14018640000000,8.56414318085
14019300000000,8.26374435425
14019900000000,7.96358823776
14020510000000,7.6606836319
14021120000000,7.35668802261
14021730000000,7.02254867554
14022310000000,6.7311630249
14022930000000,6.42910909653
14023640000000,6.09200716019
14024240000000,5.71909999847
14024830000000,5.42191505432
14025460000000,5.15930843353
14026060000000,4.85887336731
14026660000000,4.59241294861
14027240000000,4.29715681076
14027890000000,4.01298999786
14028490000000,3.70037770271
14029110000000,3.40912675858
14029710000000,3.07968139648
14030350000000,2.79509758949
14030930000000,2.49322748184
14031490000000,2.20453119278
14032080000000,1.98496937752
14032680000000,1.69230830669
14033310000000,1.40607774258
14033940000000,1.13015985489
