14247690000000,19.909444809
14248410000000,19.5355243683
14249180000000,19.226650238
14249940000000,18.8987255096
14250620000000,18.5480136871
14251360000000,18.2634677887
14252030000000,17.8745326996
14252690000000,17.6385116577
14253360000000,17.3462028503
14254060000000,17.1027565002
14254700000000,16.8602733612
14255350000000,16.7202186584
14256060000000,16.536441803
14256710000000,16.4031791687
14257350000000,16.3173046112
14257960000000,16.5200996399
14258610000000,16.6352138519
14259280000000,6.12966632843
14259900000000,17.3103199005
14260500000000,17.554151535
14261170000000,17.9166889191
14261800000000,18.2798671722
14262420000000,18.6071338654
14263060000000,18.9348659515
14263720000000,19.2127685547
14264310000000,19.5766372681
14264950000000,19.8718738556
14265620000000,20.1855163574
14266270000000,20.1073322296
14266870000000,20.0522079468
14267510000000,19.9366264343
14268130000000,19.7708892822
14268800000000,19.6485881805
14269450000000,19.3561515808
14270110000000,19.0405273438
14270730000000,18.7365970612
14271360000000,18.4119796753
14272020000000,18.0735397339
14272630000000,17.7065601349
14273290000000,17.3381347656
14273900000000,16.9744606018
14274530000000,16.6841049194
14275170000000,16.3838233948
14275810000000,16.0770606995
14276450000000,15.7682590485
14277110000000,15.6077899933
14277760000000,15.4269971848
14278380000000,15.272567749
14278980000000,15.2196426392
14279580000000,15.1557817459
14280180000000,15.1297712326
14280770000000,15.2567472458
14281370000000,15.4058218002
14281970000000,15.6011514664
14282590000000,15.9008560181
14283270000000,16.1846790314
14283880000000,16.5455989838
14284550000000,16.8436088562
14285130000000,17.1820926666
14285740000000,17.4406108856
14286370000000,17.7600307465
14287000000000,17.8516216278
14287650000000,17.7463531494
14288240000000,17.66771698
14288850000000,17.5720100403
14289450000000,17.2844982147
14290070000000,17.0011825562
14290680000000,16.6912631989
14291260000000,16.3454360962
14291910000000,16.0560894012
14292520000000,15.7289104462
14293140000000,15.4146795273
14293780000000,15.1197118759
14294400000000,14.8179731369
14294990000000,14.4608516693
14295610000000,14.1699342728
14296190000000,13.8878488541
14296830000000,13.6013612747
14297400000000,13.2997331619
14298010000000,13.0285758972
14298600000000,12.719370842
14299200000000,12.4303541183
14299910000000,12.1370639801
14300470000000,11.7816162109
14301070000000,11.5149793625
14301660000000,11.2044715881
14302250000000,10.9090719223
14302820000000,10.6212053299
14303390000000,10.3163442612
14303980000000,10.0330848694
14304610000000,9.73196601868
14305190000000,9.4318561554
14305770000000,9.13040733337
14306500000000,8.86552715302
14307120000000,8.48486709595
14307680000000,8.14908027649
14308270000000,7.87537193298
14308880000000,7.59664106369
14309470000000,7.30025243759
14310060000000,6.97589206696
14310680000000,6.70784139633
14311270000000,6.38406038284
14311860000000,6.0770945549
14312470000000,5.73096942902
14313100000000,5.43201351166
14313720000000,5.12885093689
14314370000000,4.81732940674
14314990000000,4.46166038513
14315650000000,4.17486619949
14316250000000,3.8676803112
14316880000000,3.55464720726
14317450000000,3.23516154289
14318020000000,2.94735217094
14318640000000,2.67147397995
14319230000000,2.38515973091
14319820000000,2.1018242836
14320460000000,1.83400833607
14321030000000,1.54262685776
14321630000000,1.24744999409
