
12983490000000,19.4564819336
12984260000000,19.4564552307
12985030000000,19.4564285278
12985750000000,19.3927879333
12986520000000,19.1083164215
12987300000000,18.7474441528
12987970000000,18.4113044739
12988660000000,18.0520458221
12989340000000,17.7916221619
12990010000000,17.5543346405
12990670000000,17.342206955
12991300000000,17.1801986694
12991980000000,17.0183467865
12992640000000,16.8625392914
12993280000000,16.7457523346
12993970000000,16.7182579041
12994610000000,16.95561409
12995270000000,17.2309188843
12995900000000,17.54114151
12996550000000,17.8754367828
12997190000000,18.1781253815
12997820000000,18.4844532013
12998460000000,18.7923030853
12999100000000,19.0976905823
12999710000000,19.3926010132
13000350000000,19.67278862
13001030000000,19.9826869965
13001670000000,20.3333873749
13002290000000,20.3892822266
13002930000000,20.3884563446
13003590000000,20.3839416504
13004260000000,20.1686477661
13004870000000,19.8404006958
13005490000000,19.580324173
13006110000000,19.3086452484
13006770000000,19.018157959
13007440000000,18.7506599426
13008080000000,18.4182453156
13008730000000,18.154214859
13009340000000,17.8016815186
13010010000000,17.4057273865
13010620000000,17.045293808
13011270000000,16.7475948334
13011910000000,16.4369029999
13012570000000,16.1279830933
13013210000000,15.8596277237
13013850000000,15.555683136
13014460000000,15.3042144775
13015110000000,15.0972805023
13015750000000,14.9224567413
13016380000000,14.925743103
13017000000000,14.9776163101
13017650000000,15.0404453278
13018240000000,15.1944103241
13018850000000,15.4187068939
13019450000000,15.7264308929
13020080000000,16.0331954956
13020710000000,16.340007782
13021290000000,16.6791362762
13021930000000,16.979757309
13022550000000,17.2975521088
13023190000000,17.6072940826
13023800000000,17.7275314331
13024430000000,17.8345680237
13025080000000,17.818353653
13025690000000,17.7531375885
13026280000000,17.5813331604
13026920000000,17.4603652954
13027550000000,17.2997550964
13028200000000,17.0327358246
13028800000000,16.7933082581
13029430000000,16.5525779724
13030050000000,16.2957611084
13030680000000,15.9778108597
13031310000000,15.6724720001
13031930000000,15.3533029556
13032540000000,15.057762146
13033160000000,14.7577791214
13033750000000,14.4680843353
13034390000000,14.1842546463
13035000000000,13.8782873154
13035570000000,13.5979385376
13036180000000,13.3206968307
13036800000000,13.0245523453
13037410000000,12.7407045364
13038020000000,12.4286241531
13038610000000,12.1358957291
13039220000000,11.8485879898
13039830000000,11.5467615128
13040430000000,11.2412796021
13041030000000,10.9287977219
13041650000000,10.6340389252
13042250000000,10.3207778931
13042840000000,10.0164384842
13043430000000,9.74313259125
13044060000000,9.43224334717
13044640000000,9.10618495941
13045260000000,8.83471679688
13045910000000,8.5095539093
13046500000000,8.17252826691
13047110000000,7.88955497742
13047740000000,7.5868897438
13048320000000,7.26357030869
13048940000000,6.9813542366
13049540000000,6.66213130951
13050160000000,6.34873056412
13050750000000,6.03214073181
13051350000000,5.72822380066
13051940000000,5.4399523735
13052560000000,5.19920444489
13053150000000,4.90759420395
13053770000000,4.61155557632
13054340000000,4.30000734329
13054930000000,4.00364589691
13055550000000,3.72140693665
13056160000000,3.39707016945
13056780000000,3.09246873856
13057370000000,2.81143546104
13057960000000,2.51117897034
13058550000000,2.23021912575
13059120000000,1.95391047001
13059700000000,1.6728477478
13060340000000,1.39671218395
13060940000000,1.10079288483
13061550000000,0.89711856842
13062200000000,0.894451439381
13062820000000,0.894498586655
