
12364620000000,9.81118869781
12365380000000,9.81118106842
12366190000000,9.81117534637
12366910000000,9.65380096436
12367670000000,9.32912254333
12368430000000,9.00163078308
12369140000000,8.6456823349
12369850000000,8.32120418549
12370570000000,7.9832406044
12371250000000,7.60956478119
12371930000000,7.26935195923
12372620000000,6.94148302078
12373260000000,6.74035072327
12373900000000,6.51465988159
12374570000000,6.44829893112
12375270000000,6.39167547226
12375960000000,6.55113554001
12376580000000,6.869389534
12377240000000,7.25781202316
12377900000000,7.61082553864
12378540000000,7.9834022522
12379230000000,8.33039188385
12379890000000,8.65479373932
12380540000000,8.97926616669
12381180000000,9.26882648468
12381820000000,9.58284759521
12382490000000,9.85865116119
12383100000000,9.91886043549
12383730000000,9.94263648987
12384400000000,9.88274002075
12385020000000,9.80212116241
12385680000000,9.56344223022
12386310000000,9.18964385986
12386970000000,8.93411159515
12387590000000,8.60389328003
12388270000000,8.30761623383
12388940000000,7.93113994598
12389560000000,7.57041215897
12390190000000,7.21157693863
12390840000000,6.83299350739
12391490000000,6.46550416946
12392120000000,6.14362287521
12392770000000,5.85620117188
12393370000000,5.51433897018
12394050000000,5.22426509857
12394730000000,4.87401199341
12395340000000,4.5585103035
12396000000000,4.3567109108
12396660000000,4.09755802155
12397280000000,3.82943463326
12397910000000,3.55805945396
12398510000000,3.27650594711
12399160000000,3.02773404121
12399760000000,2.70576572418
12400360000000,2.46719026566
12400950000000,2.1823694706
12401660000000,1.89568388462
12402280000000,1.55447435379
12402900000000,1.27026331425
12403510000000,1.00068068504
12404120000000,0.927628040314
12404720000000,0.846442401409
12405340000000,0.916714727879
12405970000000,0.799286723137
12406610000000,0.93160533905
12407240000000,1.22964787483
12407850000000,1.51840269566
12408470000000,1.79922962189
12409060000000,2.0832798481
12409670000000,2.35785984993
12410300000000,2.64914941788
12410910000000,2.96456742287
12411500000000,3.26512622833
12412120000000,3.55359554291
12412750000000,3.85629343987
12413370000000,4.17342472076
12414020000000,4.47745990753
12414630000000,4.81624794006
12415220000000,5.10954427719
12415820000000,5.35947418213
12416470000000,5.60850858688
12417070000000,5.93052721024
12417660000000,6.22666168213
12418300000000,6.50292778015
12418890000000,6.7547211647
12419510000000,7.03083324432
12420100000000,7.31960296631
12420780000000,7.61522579193
12421360000000,7.93332099915
12421940000000,8.18789291382
12422530000000,8.4797000885
12423140000000,8.74750328064
12423730000000,9.06177043915
12424330000000,9.33846759796
12424950000000,9.62836647034
12425530000000,9.93675804138
12426120000000,10.2119894028
12426740000000,10.4977521896
12427340000000,10.8191337585
12427910000000,11.1089229584
12428530000000,11.3844070435
12429120000000,11.6902494431
12429750000000,11.9839992523
12430350000000,12.3138790131
12430950000000,12.5997533798
12431570000000,12.8812055588
12432190000000,13.1835222244
12432780000000,13.5008773804
12433410000000,13.7946443558
12434020000000,14.1371135712
12434670000000,14.3895149231
12435280000000,14.7517166138
12435880000000,14.9938087463
12436490000000,15.2558603287
12437080000000,15.5021448135
12437660000000,15.748878479
12438280000000,16.01354599
12438900000000,16.2958755493
12439540000000,16.5872840881
12440180000000,16.8805942535
12440780000000,17.1892032623
12441440000000,17.482963562
12442050000000,17.6164073944
12442680000000,17.6164340973
