11261340000000,19.2160453796
11262080000000,18.8342323303
11262780000000,18.4685878754
11263490000000,18.1322193146
11264160000000,17.8331718445
11264830000000,17.5188884735
11265530000000,17.1951141357
11266180000000,16.9134540558
11266840000000,16.7200145721
11267510000000,16.5705108643
11268160000000,16.4438610077
11268810000000,16.3716983795
11269450000000,16.4012470245
11270120000000,16.5840625763
11270740000000,16.8073215485
11271370000000,17.0047454834
11272000000000,17.2764606476
11272630000000,17.6774711609
11273260000000,18.0641460419
11273880000000,18.3948059082
11274530000000,18.7365188599
11275190000000,19.0623970032
11275830000000,19.3698863983
11276500000000,19.7156047821
11277180000000,20.0441741943
11277810000000,20.1675071716
11278430000000,20.0674991608
11279080000000,19.9946193695
11279730000000,19.9019832611
11280360000000,19.5783519745
11281010000000,19.3089160919
11281650000000,18.9598331451
11282260000000,18.6809463501
11282890000000,18.4070262909
11283510000000,18.0763988495
11284120000000,17.7482395172
11284770000000,17.3938007355
11285370000000,17.041185379
11286020000000,16.7439517975
11286650000000,16.4414043427
11287290000000,16.1407585144
11287920000000,15.8921861649
11288570000000,15.6204690933
11289230000000,15.4340620041
11289830000000,15.2776184082
11290450000000,15.3185100555
11291090000000,15.4637002945
11291710000000,15.6278944016
11292340000000,15.9164123535
11292940000000,16.1338939667
11293590000000,16.3603115082
11294200000000,16.6359195709
11294830000000,16.9301128387
11295420000000,17.2200832367
11296060000000,17.482088089
11296660000000,17.6343765259
11297290000000,17.7993278503
11297910000000,17.7872695923
11298580000000,17.7711868286
11299200000000,17.4603118896
11299800000000,17.1309089661
11300430000000,16.8414878845
11301070000000,16.5324115753
11301690000000,16.2044296265
11302280000000,15.905166626
11302850000000,15.6120767593
11303480000000,15.3414726257
11304090000000,15.0519514084
11304710000000,14.7187461853
11305320000000,14.3945198059
11305930000000,14.0886735916
11306530000000,13.7810955048
11307110000000,13.4771928787
11307710000000,13.1618156433
11308300000000,12.857550621
11308880000000,12.5695772171
11309470000000,12.298997879
11310100000000,12.0006990433
11310690000000,11.691655159
11311290000000,11.4063329697
11311870000000,11.1122894287
11312460000000,10.8187017441
11313110000000,10.5294504166
11313730000000,10.2252521515
11314320000000,9.90728664398
11314910000000,9.63077831268
11315490000000,9.32485485077
11316060000000,9.02801418304
11316670000000,8.74528694153
11317260000000,8.441365242
11317850000000,8.14778804779
11318460000000,7.84577608109
11319090000000,7.54248952866
11319700000000,7.23742341995
11320310000000,6.92412281036
11320980000000,6.63209295273
11321560000000,6.3104557991
11322140000000,6.00729036331
11322740000000,5.74712085724
11323370000000,5.45532417297
11323980000000,5.1409072876
11324610000000,4.84028673172
11325190000000,4.54214954376
11325780000000,4.27625131607
11326370000000,3.98875451088
11326990000000,3.7233133316
11327610000000,3.42010617256
11328230000000,3.14380002022
11328830000000,2.84236645699
11329480000000,2.5567214489
11330080000000,2.25090885162
11330680000000,1.9625749588
11331280000000,1.67398035526
11331880000000,1.3810993433
11332470000000,1.11428081989
