
10332480000000,8.46273040771
10333280000000,8.46278572083
10334060000000,8.39960861206
10334820000000,8.11683750153
10335540000000,7.7992401123
10336320000000,7.36397027969
10337050000000,7.00318145752
10337720000000,6.63497161865
10338430000000,6.40823554993
10339120000000,5.96147966385
10339780000000,5.67623615265
10340450000000,5.43280410767
10341130000000,5.16411590576
10341770000000,4.75699853897
10342400000000,4.41153287888
10343070000000,4.11822986603
10343710000000,3.74530649185
10344320000000,3.25370907784
10344940000000,3.08590221405
10345600000000,2.89424920082
10346220000000,2.53471684456
10346850000000,2.23797082901
10347500000000,1.8866840601
10348140000000,1.57318842411
10348740000000,1.27310550213
10349390000000,1.04372155666
10350010000000,0.821173608303
10350730000000,0.535068869591
10351300000000,0.322584867477
10351960000000,0.303492426872
10352590000000,0.257053464651
10353230000000,0.256660163403
10353840000000,0.265170156956
10354500000000,0.432096451521
10355140000000,0.744977593422
10355750000000,1.03921103477
10356410000000,1.34484314919
10357060000000,1.67016041279
10357690000000,2.00042676926
10358310000000,2.34406900406
10358960000000,2.69739961624
10359570000000,3.05116271973
10360190000000,3.35770750046
10360810000000,3.7112402916
10361440000000,3.98566150665
10362090000000,4.24667930603
10362700000000,4.57988834381
10363310000000,4.89590120316
10363960000000,5.21518707275
10364650000000,5.55561113358
10365270000000,5.91390562057
10365890000000,6.21287584305
10366530000000,6.50326251984
10367150000000,6.8271446228
10367740000000,7.07067108154
10368360000000,7.35387229919
10368990000000,7.63891935349
10369590000000,7.96291446686
10370220000000,8.26781272888
10370830000000,8.59097671509
10371230000000,8.87930679321
10372040000000,9.17276191711
10372670000000,9.33098888397
10373250000000,9.39214420319
10373840000000,9.43878269196
10374480000000,9.27673244476
10375070000000,9.0025100708
10375710000000,8.80492019653
10376300000000,8.51834392548
10376910000000,8.2138633728
10377520000000,7.92935085297
10378140000000,7.68251132965
10378760000000,7.42884349823
10379350000000,7.26128339767
10379930000000,7.05783319473
10380560000000,7.03952503204
10381190000000,7.09470653534
10381790000000,7.22505807877
10382410000000,7.36051177979
10383050000000,7.5297498703
10383620000000,7.73091411591
10384240000000,7.92963314056
10384890000000,8.23309898376
10385540000000,8.40728187561
10386150000000,8.68216896057
10386730000000,8.92945575714
10387340000000,9.19971084595
10387960000000,9.47953414917
10388560000000,9.72420978546
10389150000000,9.98396873474
10389750000000,10.2765378952
10390370000000,10.5721349716
10390970000000,10.8638801575
10391590000000,11.1641187668
10392230000000,11.4614877701
10392860000000,11.7983369827
10393460000000,12.1150903702
10394090000000,12.4235534668
10394670000000,12.7429132462
10395300000000,13.004237175
10395910000000,13.3360919952
10396530000000,13.6507320404
10397110000000,13.9859876633
10397700000000,14.2582502365
10398330000000,14.5670690536
10398920000000,14.9121484756
10399510000000,15.1999673843
10400140000000,15.5157651901
10400760000000,15.7917957306
10401340000000,16.1105213165
10401960000000,16.4151325226
10402550000000,16.7212753296
10403160000000,16.991361618
10403800000000,17.2470798492
10404440000000,17.5680847168
10405050000000,17.7739276886
10405710000000,18.0026683807
10406340000000,18.2955379486
10406980000000,18.6020393372
10407590000000,18.8690853119
10408180000000,19.2283401489
10408760000000,19.4791240692
10409350000000,19.6585044861
10409950000000,19.6832199097
10410570000000,19.6832714081
10411180000000,19.6833000183
10411810000000,19.6833209991
10412410000000,19.6833362579
