
10946270000000,25.0381069183
10947090000000,33.6567840576
10947870000000,37.6917266846
10948580000000,38.9764175415
10949330000000,40.277130127
10950030000000,50.7521591187
10950730000000,52.7508010864
10951420000000,54.4714889526
10952090000000,56.1420173645
10952740000000,57.8684539795
10953420000000,59.5841636658
10954100000000,61.5474205017
10954740000000,63.6161842346
10955420000000,65.5300598145
10956080000000,67.7500762939
10956680000000,69.7753753662
10957320000000,71.7084197998
10957960000000,73.9344787598
10958620000000,70.5225067139
10959230000000,73.0886688232
10959910000000,75.2381896973
10960540000000,77.801651001
10961210000000,80.132019043
10961810000000,82.5449371338
10962430000000,85.0041427612
10963090000000,87.3216781616
10963730000000,92.3811264038
10964370000000,95.7175750732
10965030000000,99.8869934082
10965680000000,107.946029663
10966290000000,114.827888489
10966950000000,116.815940857
