
12052400000000,21.125295639
12053190000000,21.1322975159
12053990000000,21.1306686401
12054760000000,22.9667720795
12055520000000,24.5642280579
12056310000000,25.4501171112
12057090000000,38.197883606
12057820000000,49.5403594971
12058570000000,51.1194190979
12059250000000,52.8748130798
12059930000000,54.5979537964
12060660000000,56.2033615112
12061350000000,58.1520500183
12062000000000,59.7677268982
12062690000000,60.4138298035
12063400000000,60.6658439636
12064050000000,62.757232666
12064710000000,64.1386947632
12065350000000,64.2827835083
12066000000000,66.2677154541
12066650000000,68.456199646
12067280000000,70.6025543213
12067980000000,72.7911148071
12068590000000,75.1154403687
12069210000000,77.0985412598
12069830000000,79.2840957642
12070480000000,81.3496170044
12071100000000,83.8214035034
12071750000000,86.4283294678
12072420000000,91.6548309326
12073050000000,106.859535217
12073710000000,118.802772522
12074380000000,110.366416931
12074990000000,108.994255066
12075620000000,111.188148499
12076280000000,113.352401733
12076910000000,122.551170349
12077540000000,123.185287476
