
13580900000000,5.74800682068
13581690000000,6.87156581879
13582470000000,6.42739295959
13583230000000,7.06214523315
13583980000000,7.4294128418
13584730000000,13.8079633713
13585450000000,17.3759021759
13586130000000,25.6669464111
13586860000000,30.3358402252
13587550000000,32.243309021
13588190000000,34.1761474609
13588860000000,36.1930198669
13589540000000,38.5727005005
13590160000000,41.1428222656
13590830000000,43.8267936707
13591480000000,47.0889816284
13592120000000,50.6387214661
13592750000000,54.4673919678
13593390000000,58.5555992126
13594080000000,61.2568283081
13594720000000,65.683631897
13595320000000,69.3465805054
13595990000000,72.2469863892
13596610000000,76.9440765381
13597240000000,80.1688461304
13597870000000,86.6331481934
13598500000000,93.1319732666
13599160000000,100.705726624
13599800000000,107.694885254
13600450000000,119.20388031
13601120000000,125.519798279
13601750000000,137.416900635
13602400000000,140.876342773
13603050000000,144.540618896
13603690000000,147.078872681
