
19642170000000,24.1500835419
19642710000000,20.7012634277
19643270000000,19.9233093262
19643800000000,20.3632125854
19644320000000,20.8303527832
19644870000000,21.2917232513
19645390000000,21.7964344025
19645880000000,22.2867889404
19646390000000,22.8008270264
19646890000000,23.3158798218
19647430000000,23.8775100708
19647920000000,24.4746303558
19648410000000,25.1059532166
19648890000000,25.7234477997
19649340000000,26.3643131256
19649800000000,27.015329361
19650260000000,27.5920372009
19650720000000,28.096124649
19651200000000,25.5001964569
19651650000000,25.5855884552
19652100000000,23.3256149292
19652550000000,9.31543159485
19653020000000,30.7637481689
19653450000000,37.473651886
19653890000000,38.3887176514
19654320000000,39.4040908813
19654760000000,40.4455795288
19655210000000,39.8764381409
19655680000000,37.7293319702
19656120000000,32.1601982117
19656590000000,29.6910266876
19657040000000,27.8582515717
19657480000000,18.0759658813
19657930000000,9.95632266998
19658360000000,10.0861501694
19658810000000,10.198928833
19659250000000,9.80101013184
19659710000000,10.3826961517
19660130000000,8.14568901062
19660570000000,2.38965463638
19661000000000,22.9745731354
19661480000000,27.0683078766
19661920000000,27.0717926025
19662390000000,28.4070281982
19662830000000,29.7852134705
19663260000000,31.2232894897
19663690000000,32.7881202698
19664110000000,34.4250946045
19664570000000,34.7711219788
19665020000000,33.0866317749
19665470000000,23.3633918762
19665920000000,10.9288253784
19666360000000,8.39680957794
19666800000000,9.19490337372
19667280000000,9.96533203125
19667700000000,10.9135131836
19668120000000,11.9250087738
19668560000000,12.6210012436
19669020000000,12.1638469696
19669460000000,9.33403873444
19669880000000,9.18479633331
19670320000000,10.7559576035
19670730000000,13.0956916809
19671170000000,16.3431358337
