
13701360000000,19.6336994171
13702130000000,16.9601631165
13702940000000,22.9536476135
13703660000000,23.7218456268
13704380000000,25.5334072113
13705140000000,33.7404632568
13705840000000,59.7192878723
13706530000000,50.3269996643
13707270000000,51.9018936157
13708020000000,53.6312408447
13708700000000,55.5936431885
13709380000000,57.3176841736
13710050000000,59.178314209
13710720000000,61.015171051
13711370000000,63.0148239136
13712050000000,66.1832504272
13712690000000,68.5148925781
13713340000000,73.0088348389
13713970000000,75.0308761597
13714610000000,77.1821136475
13715230000000,78.7737731934
13715870000000,75.3684158325
13716550000000,75.2070541382
13717180000000,77.632774353
13717830000000,78.2549285889
13718460000000,81.5759963989
13719110000000,82.8306884766
13719740000000,85.5521850586
13720400000000,88.0046920776
13721050000000,90.536491394
13721680000000,94.07081604
13722290000000,102.274734497
13722930000000,110.766990662
13723560000000,116.06137085
13724190000000,124.016525269
