
11151960000000,0.788331389427
11152740000000,0.852221310139
11153540000000,2.72536230087
11154300000000,21.6879138947
11155050000000,22.6118965149
11155770000000,23.7318649292
11156460000000,24.9145469666
11157180000000,26.1793231964
11157860000000,27.5577964783
11158560000000,29.0400905609
11159270000000,30.7553730011
11159970000000,32.6411247253
11160620000000,34.7287330627
11161290000000,36.9276123047
11161940000000,39.3790016174
11162610000000,42.0187034607
11163240000000,45.1556510925
11163890000000,48.4660224915
11164540000000,52.0057106018
11165170000000,56.2320594788
11165820000000,60.7429275513
11166470000000,65.8354034424
11167170000000,70.6490478516
11167830000000,71.4621963501
11168460000000,77.5709381104
11169110000000,83.8660125732
11169730000000,90.2816162109
11170340000000,96.4759750366
11170970000000,102.57661438
11171640000000,108.800621033
11172270000000,121.965705872
11172900000000,129.74949646
11173560000000,135.13053894
11174180000000,151.368728638
