
19799380000000,7.43807554245
19799970000000,6.97733592987
19800570000000,7.49905443192
19801100000000,14.8288660049
19801640000000,23.5675811768
19802170000000,23.7841930389
19802710000000,24.5150814056
19803220000000,25.5336227417
19803730000000,26.384601593
19804250000000,27.1556987762
19804760000000,28.2239151001
19805270000000,29.062330246
19805770000000,30.1172332764
19806230000000,31.1492576599
19806720000000,32.2628135681
19807180000000,33.439037323
19807640000000,34.6464385986
19808110000000,35.9885139465
19808640000000,37.3503494263
19809110000000,39.0150146484
19809590000000,40.6480255127
19810080000000,42.3440475464
19810540000000,44.3151321411
19810990000000,46.2649383545
19811430000000,48.3558387756
19811900000000,50.4773254395
19812360000000,52.8441886902
19812820000000,55.3548049927
19813260000000,58.1909980774
19813710000000,59.9005775452
19814150000000,51.0839691162
19814600000000,51.6600799561
19815050000000,54.245513916
19815470000000,56.8292922974
19815910000000,59.6209182739
19816340000000,62.4912872314
19816820000000,65.4025115967
19817250000000,69.7238464355
19817700000000,73.2614746094
19818140000000,77.7893371582
19818580000000,81.497718811
19819050000000,86.3184890747
19819500000000,91.2178192139
19819970000000,97.5174179077
19820420000000,105.648139954
19820870000000,110.76448822
19821330000000,118.794700623
19821750000000,129.485305786
19822170000000,137.12828064
19822600000000,148.31741333
19823040000000,157.520797729
19823470000000,164.127120972
19823970000000,165.062927246
19824430000000,164.9972229
19824870000000,159.148345947
19825360000000,156.104980469
