
11684650000000,2.09597826004
11685410000000,2.0959789753
11686220000000,2.09598040581
11686990000000,1.64785504341
11687750000000,3.31404685974
11688560000000,8.89608478546
11689300000000,20.711025238
11690030000000,31.4301967621
11690750000000,33.0072631836
11691450000000,34.8842926025
11692140000000,36.8092308044
11692890000000,38.9085273743
11693560000000,41.3282203674
11694220000000,43.8775062561
11694900000000,43.5701332092
11695590000000,35.5292663574
11696280000000,37.5016059875
11696950000000,40.4154663086
11697640000000,43.5865859985
11698260000000,47.3229255676
11698910000000,51.1642303467
11699540000000,56.2108917236
11700190000000,63.4771003723
11700810000000,69.0025787354
11701460000000,74.7411346436
11702110000000,81.3438186646
11702750000000,87.7810058594
11703380000000,94.5266036987
11704000000000,102.876281738
11704650000000,116.000862122
11705270000000,127.688957214
11705930000000,137.32333374
11706590000000,140.741668701
11707250000000,139.212005615
11707850000000,139.784713745
11708500000000,141.401809692
11709160000000,142.842590332
11709800000000,142.845062256
11710500000000,142.848266602
