
19642170000000,17.3309421539
19642710000000,20.9957904816
19643270000000,22.6013793945
19643800000000,23.1482753754
19644320000000,23.6770000458
19644870000000,24.2159614563
19645390000000,24.796043396
19645880000000,25.3959388733
19646390000000,25.9778213501
19646890000000,26.6064243317
19647430000000,27.2399845123
19647920000000,27.9930286407
19648410000000,28.6738643646
19648890000000,29.3749408722
19649340000000,30.1133842468
19649800000000,30.8412971497
19650260000000,31.6941318512
19650720000000,32.6631126404
19651200000000,36.7912521362
19651650000000,38.7200698853
19652100000000,42.5416946411
19652550000000,75.6559829712
19653020000000,97.0671310425
19653450000000,103.98789978
19653890000000,105.438476562
19654320000000,106.952453613
19654760000000,108.424575806
19655210000000,108.236412048
19655680000000,106.475631714
19656120000000,101.128311157
19656590000000,99.3127059937
19657040000000,97.9987106323
19657480000000,89.1549453735
19657930000000,81.4919128418
19658360000000,82.6305007935
19658810000000,83.7818145752
19659250000000,84.5073242188
19659710000000,86.1282043457
19660130000000,85.0196151733
19660570000000,75.6217346191
19661000000000,55.4226531982
19661480000000,53.2992591858
19661920000000,55.4199142456
19662390000000,56.5368843079
19662830000000,57.8953933716
19663260000000,59.2343788147
19663690000000,60.6162338257
19664110000000,61.9626541138
19664570000000,64.7612686157
19665020000000,70.044631958
19665470000000,82.2760848999
19665920000000,97.9150695801
19666360000000,102.727592468
19666800000000,104.202682495
19667280000000,105.779426575
19667700000000,107.529174805
19668120000000,109.018493652
19668560000000,110.889694214
19669020000000,114.613189697
19669460000000,119.320541382
19669880000000,122.213386536
19670320000000,123.450149536
19670730000000,124.71434021
19671170000000,125.839004517
