
11090980000000,23.9773674011
11091750000000,28.1048965454
11092530000000,59.0854911804
11093270000000,61.1416702271
11094010000000,47.0866127014
11094780000000,48.6721382141
11095510000000,50.3474121094
11096210000000,51.9434738159
11096890000000,53.6151008606
11097560000000,55.2394065857
11098230000000,56.97838974
11098910000000,58.8189849854
11099600000000,60.6934318542
11100240000000,62.6700820923
11100890000000,64.6439056396
11101550000000,66.5689697266
11102220000000,68.6084823608
11102840000000,70.9282455444
11103480000000,72.974647522
11104150000000,73.5984115601
11104780000000,72.219543457
11105420000000,68.9936676025
11106070000000,68.7185058594
11106710000000,70.8488693237
11107350000000,73.2331924438
11107990000000,75.5211715698
11108680000000,78.1077880859
11109320000000,90.2363891602
11109960000000,107.961433411
11110630000000,111.461746216
11111250000000,114.042121887
11111890000000,122.887748718
11112560000000,129.710708618
