
13518830000000,24.1413974762
13519620000000,21.9242973328
13520410000000,22.6907672882
13521160000000,23.4815483093
13521900000000,23.2008628845
13522630000000,7.45723581314
13523360000000,0.492646038532
13524080000000,0.504516243935
13524830000000,0.527764618397
13525500000000,0.552513122559
13526180000000,0.539080560207
13526840000000,0.554218649864
13527530000000,0.577965378761
13528210000000,0.597345173359
13528880000000,0.632308065891
13529560000000,0.664951682091
13530240000000,0.700571060181
13530900000000,0.741427659988
13531530000000,0.78907752037
13532180000000,1.54790353775
13532830000000,6.68791437149
13533460000000,13.2276468277
13534130000000,16.3497886658
13534770000000,17.081325531
13535390000000,18.6202983856
13536010000000,20.1979465485
13536680000000,21.1413383484
13537320000000,17.7845535278
13537930000000,11.2406435013
13538600000000,7.01902627945
13539260000000,5.92340993881
13539920000000,5.19276189804
13540600000000,5.58828401566
13541240000000,7.56013774872
