
11684650000000,23.1388835907
11685410000000,23.1389160156
11686220000000,23.1389484406
11686990000000,19.6080150604
11687750000000,25.303062439
11688560000000,31.5862350464
11689300000000,43.7861251831
11690030000000,54.8592224121
11690750000000,56.4802398682
11691450000000,58.3169784546
11692140000000,60.0971450806
11692890000000,61.9283866882
11693560000000,63.9198989868
11694220000000,65.8766098022
11694900000000,64.9115219116
11695590000000,56.0370407104
11696280000000,57.2880439758
11696950000000,59.2499427795
11697640000000,61.2351989746
11698260000000,63.3744049072
11698910000000,65.3881225586
11699540000000,68.1681594849
11700190000000,72.8095397949
11700810000000,75.1012268066
11701460000000,77.3762969971
11702110000000,79.8556442261
11702750000000,82.2342071533
11703380000000,84.7425842285
11704000000000,89.1674041748
11704650000000,98.3143386841
11705270000000,107.361930847
11705930000000,114.988182068
11706590000000,117.000076294
11707250000000,114.635299683
11707850000000,113.861297607
11708500000000,114.783569336
11709160000000,116.08493042
11709800000000,116.087905884
11710500000000,116.090751648
