
19799380000000,13.303404808
19799970000000,13.9508943558
19800570000000,13.9996805191
19801100000000,7.14412021637
19801640000000,1.01960599422
19802170000000,0.556087732315
19802710000000,0.551118612289
19803220000000,0.784980535507
19803730000000,0.878619670868
19804250000000,0.800518453121
19804760000000,0.979420721531
19805270000000,0.899783849716
19805770000000,0.928622364998
19806230000000,0.910888850689
19806720000000,0.997067809105
19807180000000,1.01631915569
19807650000000,1.04197061062
19808110000000,1.06808340549
19808640000000,1.08552825451
19809110000000,1.12030112743
19809580000000,1.13440907001
19810080000000,1.17332780361
19810540000000,1.21083796024
19810990000000,1.25272619724
19811430000000,1.30345022678
19811900000000,1.34035670757
19812360000000,1.39109385014
19812820000000,1.39864575863
19813260000000,1.52947485447
19813710000000,0.552221357822
19814150000000,10.9134283066
19814600000000,13.281167984
19815050000000,14.159734726
19815470000000,15.3998527527
19815910000000,16.5149765015
19816340000000,17.7849063873
19816820000000,19.2160625458
19817250000000,20.1124820709
19817700000000,21.7736549377
19818140000000,22.9432220459
19818580000000,24.9867801666
19819050000000,26.4272193909
19819500000000,28.5462818146
19819970000000,28.8003444672
19820420000000,28.107465744
19820870000000,29.2541847229
19821330000000,27.243391037
19821750000000,22.6528377533
19822170000000,19.512512207
19822600000000,13.2439041138
19823040000000,5.33872842789
19823470000000,1.29887866974
19823970000000,1.45567369461
19824430000000,2.84084177017
19824870000000,8.95789241791
19825360000000,14.1877126694
