
11803570000000,1.48118829727
11804350000000,1.50381076336
11805110000000,1.48571527004
11805880000000,1.49104475975
11806670000000,13.1163825989
11807450000000,12.2269334793
11808210000000,17.7168903351
11808920000000,24.8550319672
11809620000000,30.2117004395
11810340000000,34.2783546448
11811030000000,36.313331604
11811760000000,35.7049179077
11812450000000,37.2824020386
11813110000000,39.5446777344
11813790000000,40.620891571
11814470000000,41.3514289856
11815140000000,44.2981147766
11815800000000,47.5038490295
11816440000000,50.9378395081
11817080000000,54.6409988403
11817730000000,57.0208473206
11818360000000,59.2912254333
11819030000000,55.3699569702
11819670000000,56.6714324951
11820310000000,61.8507118225
11820960000000,67.4720611572
11821660000000,73.6861419678
11822300000000,81.133682251
11822940000000,95.4933013916
11823590000000,114.127861023
11824220000000,123.743217468
11824900000000,137.353912354
11825570000000,141.052978516
11826210000000,144.5052948
11826850000000,147.038421631
11827510000000,147.487075806
11828130000000,137.298095703
11828780000000,139.493377686
11829440000000,140.092208862
