
11803570000000,20.6056480408
11804350000000,20.5865383148
11805110000000,20.6062450409
11805880000000,20.6021595001
11806670000000,9.59490776062
11807450000000,11.5085315704
11808210000000,6.98047018051
11808920000000,1.34120678902
11809620000000,2.65625309944
11810340000000,5.14334487915
11811030000000,5.483253479
11811760000000,3.20401263237
11812450000000,2.69495153427
11813110000000,2.8638753891
11813790000000,1.6899920702
11814470000000,0.156608209014
11815140000000,0.0711072608829
11815800000000,0.0641775280237
11816440000000,0.0825366228819
11817080000000,0.0758515670896
11817730000000,1.64842796326
11818360000000,3.60396409035
11819030000000,12.6990156174
11819670000000,17.0523166656
11820310000000,18.2570590973
11820960000000,19.7388019562
11821660000000,21.3304405212
11822300000000,23.5057258606
11822940000000,18.5457077026
11823590000000,8.88532066345
11824220000000,4.94089841843
11824900000000,2.84981918335
11825570000000,2.86493659019
11826210000000,3.54022812843
11826850000000,4.15508842468
11827510000000,3.34448862076
11828130000000,5.43563508987
11828780000000,7.92056179047
11829440000000,9.148686409
