
12052400000000,0.444463223219
12053190000000,0.452629208565
12053990000000,0.451034903526
12054760000000,2.13247990608
12055520000000,3.10830116272
12056310000000,3.31681466103
12057090000000,15.3315763474
12057820000000,26.1579303741
12058570000000,27.5426445007
12059250000000,29.1747837067
12059930000000,30.86784935
12060660000000,32.5385742188
12061350000000,34.6949615479
12062000000000,36.6471328735
12062690000000,37.7408485413
12063400000000,38.6420173645
12064050000000,41.6111755371
12064710000000,44.0498580933
12065350000000,45.3787956238
12066000000000,48.9097137451
12066650000000,53.0998344421
12067280000000,57.6083946228
12067980000000,62.6002578735
12068590000000,68.477645874
12069210000000,73.773475647
12069830000000,79.9650802612
12070480000000,85.9183807373
12071100000000,92.9431533813
12071750000000,99.4510269165
12072420000000,108.744491577
12073050000000,127.48740387
12073710000000,141.365570068
12074380000000,134.020736694
12074990000000,134.028961182
12075620000000,137.306243896
12076280000000,140.308517456
12076910000000,150.064376831
12077540000000,150.787155151
