
11021470000000,20.6345062256
11022260000000,20.5608901978
11023010000000,1.10752761364
11023770000000,8.03852653503
11024500000000,6.28139972687
11025250000000,3.71885991096
11025950000000,3.98715892516e-05
11026640000000,0.100972726941
11027350000000,0.0128321424127
11028010000000,0.0514420382679
11028690000000,0.0620524585247
11029330000000,0.00500146206468
11029980000000,0.00190685281996
11030650000000,0.0310484282672
11031300000000,0.0439808480442
11031980000000,0.0296945534647
11032630000000,0.148969724774
11033240000000,0.0277184639126
11033860000000,0.0635220557451
11034530000000,0.110217541456
11035180000000,8.14605903625
11035820000000,11.9535131454
11036470000000,12.775056839
11037110000000,13.7008752823
11037750000000,14.8505649567
11038380000000,7.23491382599
11039020000000,3.87019538879
11039680000000,15.6456365585
11040320000000,21.5484790802
11040990000000,3.87062239647
11041630000000,3.88622879982
11042260000000,4.55525398254
11042890000000,5.30827903748
11043500000000,2.56726455688
