
19730700000000,0.957661509514
19731250000000,8.15707588196
19731780000000,12.4764223099
19732310000000,12.8759746552
19732840000000,13.2801990509
19733380000000,23.36195755
19733900000000,28.2816772461
19734410000000,29.0842571259
19734920000000,30.0069007874
19735440000000,31.0161304474
19735940000000,32.1216850281
19736440000000,33.2097473145
19736920000000,34.4269523621
19737420000000,35.6413230896
19737890000000,36.9704246521
19738350000000,38.2948646545
19738840000000,40.1841125488
19739310000000,42.8051071167
19739810000000,44.9981002808
19740280000000,47.2942962646
19740750000000,49.8158416748
19741200000000,52.2527198792
19741660000000,55.1996879578
19742170000000,57.06483078
19742620000000,57.8795623779
19743090000000,59.2671852112
19743530000000,57.3785095215
19743960000000,52.8337669373
19744410000000,41.5405502319
19744860000000,38.3063621521
19745300000000,40.0447235107
19745730000000,42.2641601562
19746170000000,44.5506706238
19746580000000,47.3587608337
19747010000000,48.4626655579
19747430000000,51.9521560669
19747870000000,59.66664505
19748320000000,62.7058868408
19748750000000,70.5981292725
19749220000000,76.2280426025
19749650000000,85.6227416992
19750080000000,91.4021377563
19750510000000,105.766792297
19750970000000,117.36328125
19751400000000,122.634025574
19751870000000,126.450889587
19752320000000,130.033233643
19752770000000,133.244186401
19753200000000,139.419281006
19753660000000,147.17124939
19754120000000,149.427810669
19754550000000,151.227523804
19754990000000,152.861434937
19755410000000,154.491714478
19755820000000,155.755081177
