
13580900000000,15.6396751404
13581690000000,15.3746299744
13582470000000,16.7019348145
13583230000000,16.9937381744
13583980000000,17.6070404053
13584730000000,12.3545722961
13585450000000,10.0279836655
13586130000000,3.05230212212
13586860000000,0.12800860405
13587550000000,0.149137437344
13588190000000,0.152546599507
13588860000000,0.159339100122
13589540000000,0.167875081301
13590160000000,0.17380015552
13590830000000,0.182137131691
13591480000000,0.187850818038
13592120000000,0.19999088347
13592750000000,0.212579503655
13593390000000,0.220680609345
13594080000000,1.73400640488
13594720000000,2.92809510231
13595320000000,5.00506210327
13595990000000,7.37087059021
13596610000000,9.48353672028
13597240000000,12.9893350601
13597870000000,13.7794151306
13598500000000,15.1737413406
13599160000000,15.6736240387
13599800000000,16.7352657318
13600450000000,12.4148416519
13601120000000,13.1994848251
13601750000000,8.80210590363
13602400000000,10.5365991592
13603050000000,13.2369480133
13603690000000,19.4677677155
