
11090980000000,3.06011152267
11091750000000,6.4674448967
11092530000000,36.7779960632
11093270000000,38.733631134
11094010000000,24.2982158661
11094780000000,25.6296615601
11095510000000,27.097820282
11096210000000,28.5719432831
11096890000000,30.2065048218
11097560000000,31.8858089447
11098230000000,33.7947006226
11098910000000,35.9462394714
11099600000000,38.3016471863
11100240000000,40.9641151428
11100890000000,43.835521698
11101550000000,46.8819007874
11102220000000,50.3316841125
11102840000000,54.5644760132
11103480000000,58.6580810547
11104150000000,61.6458396912
11104780000000,63.0579338074
11105420000000,62.6276512146
11106070000000,65.7038421631
11106710000000,71.4101486206
11107350000000,77.9432373047
11107990000000,84.5139083862
11108680000000,91.5313110352
11109320000000,108.227920532
11109960000000,129.887573242
11110630000000,135.837097168
11111250000000,140.100250244
11111890000000,150.085891724
11112560000000,157.441223145
