
11803570000000,23.3844203949
11804350000000,23.4103145599
11805110000000,23.3935756683
11805880000000,23.4000511169
11806670000000,35.2878036499
11807450000000,34.9130821228
11808210000000,40.8865356445
11808920000000,48.1813545227
11809620000000,53.6696014404
11810340000000,57.8060264587
11811030000000,59.7176856995
11811760000000,58.8918190002
11812450000000,60.18800354
11813110000000,62.0624237061
11813790000000,62.6068649292
11814470000000,62.7285804749
11815140000000,64.8052978516
11815800000000,66.878692627
11816440000000,68.9288711548
11817080000000,70.9944534302
11817730000000,71.4946517944
11818360000000,71.7253646851
11819030000000,65.3093566895
11819670000000,64.004234314
11820310000000,66.1882476807
11820960000000,68.3463439941
11821660000000,70.6801223755
11822300000000,73.347618103
11822940000000,83.1906661987
11823590000000,97.5826873779
11824220000000,104.33454895
11824900000000,115.267242432
11825570000000,117.207611084
11826210000000,119.456359863
11826850000000,121.21005249
11827510000000,121.122154236
11828130000000,110.745544434
11828780000000,112.44947052
11829440000000,112.933921814
