
13455970000000,20.4116954803
13456730000000,21.293838501
13457530000000,21.6460571289
13458290000000,18.2107200623
13458990000000,1.21310353279
13459750000000,3.74642634392
13460450000000,1.79953873158
13461130000000,1.30606126785
13461880000000,0.547277331352
13462580000000,0.636887967587
13463260000000,0.611191928387
13463930000000,0.605217278004
13464620000000,0.64866232872
13465300000000,0.712047278881
13465950000000,0.746008038521
13466630000000,0.76705634594
13467250000000,0.791260123253
13467900000000,0.854311943054
13468550000000,1.68536472321
13469200000000,4.26967573166
13469830000000,4.54826927185
13470430000000,6.86913490295
13471080000000,7.31988573074
13471690000000,9.22115421295
13472360000000,10.0483579636
13472990000000,11.9926433563
13473710000000,13.1926527023
13474340000000,14.931927681
13474980000000,16.9089641571
13475620000000,16.5422725677
13476270000000,13.6394233704
13476910000000,2.04610681534
13477550000000,1.55789315701
13478210000000,2.12499189377
