
12176040000000,3.6370742321
12176830000000,3.63707995415
12177610000000,3.63723134995
12178400000000,4.15284156799
12179150000000,8.27340602875
12179910000000,16.6835594177
12180640000000,27.7561187744
12181390000000,27.6581401825
12182180000000,29.5731582642
12182880000000,30.4176521301
12183580000000,30.8816986084
12184280000000,32.5699691772
12184990000000,34.6644439697
12185670000000,36.8717536926
12186350000000,39.2615776062
12187030000000,41.9829483032
12187690000000,44.9236373901
12188350000000,48.1899299622
12189050000000,51.8081665039
12189680000000,55.5069999695
12190320000000,59.4690589905
12190950000000,60.0010681152
12191590000000,61.5822906494
12192250000000,66.1977462769
12192880000000,70.7342300415
12193550000000,72.8073577881
12194200000000,78.1518554688
12194830000000,85.1862411499
12195480000000,91.565826416
12196140000000,100.782157898
12196760000000,120.105255127
12197410000000,133.768112183
12198050000000,137.660705566
12198690000000,143.939697266
12199340000000,148.759597778
12199980000000,152.631103516
12200610000000,155.721176147
12201240000000,153.397201538
