
10877280000000,19.7341270447
10878050000000,40.4848022461
10878830000000,42.8444633484
10879580000000,44.2204856873
10880310000000,45.6157073975
10881080000000,46.9617156982
10881820000000,48.6034049988
10882520000000,50.158203125
10883240000000,51.778087616
10883910000000,53.4627799988
10884600000000,55.0742797852
10885250000000,56.8184967041
10885940000000,58.5049591064
10886610000000,60.4070320129
10887250000000,62.2294464111
10887930000000,64.1872406006
10888560000000,66.254447937
10889200000000,68.2700500488
10889810000000,66.3636856079
10890460000000,66.7967071533
10891080000000,66.0881576538
10891720000000,67.2549209595
10892400000000,69.4723510742
10893010000000,71.2864227295
10893630000000,73.7366256714
10894260000000,76.0087051392
10894900000000,80.0437850952
10895540000000,83.5689849854
10896140000000,100.568626404
10896800000000,105.942779541
10897420000000,111.719047546
10898060000000,117.891860962
10898690000000,121.270828247
