
11090980000000,18.5785121918
11091750000000,16.0202331543
11092530000000,13.4812307358
11093270000000,14.4496650696
11094010000000,1.16480743885
11094780000000,1.13575589657
11095510000000,1.18569326401
11096210000000,1.26099348068
11096890000000,1.28962123394
11097560000000,1.34023606777
11098230000000,1.39920163155
11098910000000,1.43463814259
11099600000000,1.51342761517
11100240000000,1.56859779358
11100890000000,1.64204084873
11101550000000,1.77162504196
11102220000000,1.8592966795
11102840000000,1.94479584694
11103480000000,2.09315824509
11104150000000,3.7589867115
11104780000000,7.64225673676
11105420000000,13.7424564362
11106070000000,17.3183135986
11106710000000,18.7313861847
11107350000000,20.3872470856
11107990000000,22.36693573
11108680000000,24.5233249664
11109320000000,18.0498275757
11109960000000,5.73237991333
11110630000000,5.87506246567
11111250000000,6.73619031906
11111890000000,1.57224094868
11112560000000,2.27415585518
