
19571580000000,13.5667648315
19572140000000,13.8854455948
19572690000000,14.2200984955
19573220000000,14.5534248352
19573740000000,14.9067907333
19574240000000,15.2633581161
19574780000000,15.6150989532
19575280000000,16.0299396515
19575770000000,16.4296531677
19576280000000,16.8332271576
19576760000000,17.2919921875
19577260000000,16.6922359467
19577770000000,2.68602848053
19578270000000,1.33236610889
19578730000000,0.978878319263
19579180000000,1.22340190411
19579660000000,4.02969264984
19580140000000,5.79263114929
19580590000000,5.91997480392
19581060000000,6.09223127365
19581490000000,6.29308509827
19581950000000,6.51617193222
19582410000000,6.69464874268
19582850000000,6.91743373871
19583320000000,7.15043878555
19583770000000,7.42045688629
19584220000000,7.677110672
19584700000000,3.86703467369
19585140000000,6.34082841873
19585570000000,7.11557245255
19586030000000,7.94732189178
19586480000000,8.7723903656
19586910000000,13.3043336868
19587340000000,16.5124607086
19587830000000,17.3325862885
19588270000000,18.3209247589
19588700000000,19.2657432556
19589190000000,20.4409103394
19589630000000,21.8205947876
19590080000000,23.1731109619
19590520000000,24.9244289398
19591000000000,26.754234314
19591440000000,27.2478580475
19591870000000,27.0888557434
19592330000000,13.0111198425
19592790000000,13.150188446
19593240000000,12.9017772675
19593680000000,13.1993465424
19594120000000,5.87501335144
19594550000000,5.0550236702
19594990000000,5.71916246414
19595450000000,6.88491868973
19595910000000,8.72817134857
