
13518830000000,17.7570743561
13519620000000,21.1756649017
13520410000000,21.9154262543
13521160000000,22.6923809052
13521900000000,24.6026000977
13522630000000,42.0319519043
13523360000000,50.5547866821
13524080000000,52.1975402832
13524830000000,53.9577102661
13525500000000,55.7997627258
13526180000000,57.6026306152
13526840000000,59.4506111145
13527530000000,61.3080253601
13528210000000,63.2983665466
13528880000000,65.3485870361
13529560000000,67.4749679565
13530240000000,69.6686630249
13530900000000,71.8572006226
13531530000000,74.1709899902
13532180000000,75.606803894
13532830000000,72.7480316162
13533460000000,68.8240432739
13534130000000,68.7031173706
13534770000000,71.7245788574
13535390000000,73.9624023438
13536010000000,76.2069244385
13536680000000,79.9582290649
13537320000000,88.2168045044
13537930000000,98.6907043457
13538600000000,106.973960876
13539260000000,111.812492371
13539920000000,115.988182068
13540600000000,119.113616943
13541240000000,121.2813797
