
19642170000000,3.91152501106
19642710000000,0.353919476271
19643270000000,0.862182319164
19643800000000,0.908435106277
19644320000000,0.931596875191
19644870000000,0.963341712952
19645390000000,0.994017124176
19645880000000,1.04268360138
19646390000000,1.07116484642
19646890000000,1.12324941158
19647430000000,1.15539860725
19647920000000,1.23096680641
19648410000000,1.25472319126
19648890000000,1.29703140259
19649340000000,1.34787642956
19649800000000,1.38944685459
19650260000000,1.53695106506
19650720000000,1.77810502052
19651200000000,5.25465774536
19651650000000,6.30687570572
19652100000000,9.47785758972
19652550000000,41.3892936707
19653020000000,62.2128486633
19653450000000,70.4275360107
19653890000000,73.0178985596
19654320000000,75.8321990967
19654760000000,78.7111434937
19655210000000,79.9116592407
19655680000000,79.5746307373
19656120000000,75.732460022
19656590000000,75.1646728516
19657040000000,74.8913955688
19657480000000,67.197227478
19657930000000,60.7732810974
19658360000000,63.1982917786
19658810000000,65.7233047485
19659250000000,68.0190353394
19659710000000,71.2804031372
19660130000000,71.9622421265
19660570000000,64.1964492798
19661000000000,45.477180481
19661480000000,44.9097633362
19661920000000,48.4061775208
19662390000000,51.2543640137
19662830000000,54.6680755615
19663260000000,58.22813797
19663690000000,62.0898551941
19664110000000,66.042640686
19664570000000,71.7114715576
19665020000000,80.3181838989
19665470000000,94.8876800537
19665920000000,113.203819275
19666360000000,120.827331543
19666800000000,124.666984558
19667280000000,128.269393921
19667700000000,131.89352417
19668120000000,134.749313354
19668560000000,137.71585083
19669020000000,142.475769043
19669460000000,147.561981201
19669880000000,150.864013672
19670320000000,152.321578979
19670730000000,153.716323853
19671170000000,154.883514404
