
19799380000000,28.4376487732
19799970000000,28.1275348663
19800570000000,29.0873260498
19801100000000,36.7155838013
19801640000000,45.5766868591
19802170000000,46.0130348206
19802710000000,46.9435462952
19803220000000,48.147808075
19803730000000,49.1502189636
19804250000000,50.0628242493
19804760000000,51.2452888489
19805270000000,52.1673240662
19805770000000,53.2768707275
19806230000000,54.3262405396
19806720000000,55.4194488525
19807180000000,56.5324935913
19807650000000,57.6335716248
19808110000000,58.8100891113
19808640000000,59.9547920227
19809110000000,61.2959518433
19809580000000,62.5481987
19810080000000,63.7964134216
19810540000000,65.178024292
19810990000000,66.4816589355
19811430000000,67.8171615601
19811900000000,69.10521698
19812350000000,70.4803390503
19812820000000,71.8512649536
19813260000000,73.3810424805
19813710000000,73.7356491089
19814150000000,63.5029335022
19814600000000,62.6817626953
19815050000000,63.7781715393
19815470000000,64.6331100464
19815910000000,65.5905303955
19816340000000,66.4957504272
19816820000000,67.3105697632
19817250000000,69.079864502
19817700000000,70.0472335815
19818140000000,71.7532501221
19818580000000,72.6634368896
19819050000000,74.4913864136
19819500000000,76.1586303711
19819970000000,79.5747528076
19820420000000,84.5486068726
19820870000000,87.3128967285
19821330000000,93.2790222168
19821750000000,102.192375183
19822170000000,108.746635437
19822600000000,118.951141357
19823040000000,128.160049438
19823470000000,134.596359253
19823970000000,135.77494812
19824430000000,136.027328491
19824870000000,130.563339233
19825360000000,127.715316772
