
19571580000000,28.8403053284
19572140000000,29.4838886261
19572690000000,30.1533203125
19573220000000,30.838136673
19573740000000,31.5512485504
19574240000000,32.2667312622
19574780000000,32.9879875183
19575280000000,33.7844429016
19575770000000,34.5567550659
19576280000000,35.3267059326
19576760000000,36.195274353
19577260000000,38.0485725403
19577770000000,52.9701652527
19578270000000,58.0586967468
19578730000000,58.9449577332
19579180000000,60.3432540894
19579660000000,64.2459411621
19580140000000,67.231086731
19580590000000,68.5592041016
19581060000000,69.8521118164
19581490000000,71.2885360718
19581950000000,72.6011047363
19582410000000,73.9810562134
19582850000000,75.4128875732
19583320000000,76.8049545288
19583770000000,78.3393173218
19584220000000,79.7520599365
19584700000000,77.0626983643
19585140000000,67.4098052979
19585570000000,68.1307449341
19586030000000,68.8450088501
19586480000000,69.8550338745
19586910000000,67.3010635376
19587340000000,66.1926422119
19587830000000,67.6431655884
19588270000000,69.2610092163
19588700000000,70.7083740234
19589190000000,72.3101577759
19589630000000,74.0135269165
19590080000000,75.5356521606
19590520000000,77.3022460938
19591000000000,78.9464874268
19591440000000,82.4241867065
19591870000000,85.8291549683
19592330000000,103.025489807
19592790000000,106.038848877
19593240000000,108.971626282
19593680000000,111.357933044
19594120000000,121.763534546
19594550000000,125.565567017
19594990000000,126.893959045
19595450000000,128.151931763
19595910000000,129.396850586
