
13518830000000,2.56080174446
13519620000000,0.25122025609
13520410000000,0.26557546854
13521160000000,0.288373798132
13521900000000,1.4142844677
13522630000000,18.1182308197
13523360000000,26.4048709869
13524080000000,27.8562545776
13524830000000,29.4989624023
13525500000000,31.3273010254
13526180000000,33.2327308655
13526840000000,35.3185501099
13527530000000,37.5639076233
13528210000000,40.1485328674
13528880000000,43.0284957886
13529560000000,46.2648887634
13530240000000,49.8920288086
13530900000000,53.8241119385
13531530000000,58.3347854614
13532180000000,62.1270675659
13532830000000,61.9583816528
13533460000000,60.6575737
13534130000000,63.4862136841
13534770000000,70.3821182251
13535390000000,76.6930618286
13536010000000,83.0216827393
13536680000000,91.4984817505
13537320000000,104.550292969
13537930000000,118.395271301
13538600000000,129.563842773
13539260000000,136.647872925
13539920000000,142.298660278
13540600000000,146.373733521
13541240000000,149.113967896
