
19468240000000,14.2097225189
19468800000000,12.1209306717
19469430000000,12.4261207581
19470010000000,12.7250614166
19470560000000,13.0281972885
19471110000000,13.3263139725
19471650000000,13.6292352676
19472180000000,13.9713602066
19472710000000,14.2978191376
19473220000000,14.6406917572
19473710000000,15.0069265366
19474300000000,15.3532209396
19474780000000,15.8257064819
19475300000000,16.2175121307
19475820000000,16.6426887512
19476310000000,17.082988739
19476810000000,17.5296401978
19477270000000,18.0042076111
19477720000000,18.4656200409
19478200000000,1.4810500145
19478660000000,21.611700058
19479140000000,18.5945739746
19479590000000,18.9054431915
19480060000000,19.3634052277
19480510000000,19.9639492035
19480950000000,20.5574989319
19481400000000,21.1676750183
19481840000000,19.2412929535
19482300000000,8.77238559723
19482750000000,12.9872989655
19483190000000,12.2828598022
19483630000000,10.1183166504
19484090000000,3.39480090141
19484540000000,8.99332427979
19484990000000,9.17614555359
19485410000000,10.4540576935
19485880000000,15.7667341232
19486320000000,16.6121902466
19486770000000,17.3823432922
19487210000000,18.267326355
19487640000000,19.19805336
19488070000000,20.1199989319
19488510000000,21.4352092743
19488940000000,23.061706543
19489400000000,24.4904842377
19489840000000,25.3872375488
19490300000000,24.7783203125
19490720000000,22.6014194489
19491170000000,19.9223327637
19491620000000,17.9290390015
19492070000000,7.11172819138
19492490000000,0.508648693562
19492920000000,0.579085946083
19493370000000,0.600665926933
19493810000000,0.675582766533
19494250000000,0.748253583908
19494710000000,0.830629050732
19495140000000,0.966235280037
19495580000000,1.12740719318
19496060000000,1.41238343716
