
19730700000000,20.4298591614
19731250000000,29.8544940948
19731780000000,34.585559845
19732310000000,35.3403282166
19732840000000,36.0908622742
19733380000000,46.5415458679
19733900000000,51.7000389099
19734410000000,52.6190452576
19734920000000,53.6442260742
19735440000000,54.7313957214
19735940000000,55.8796615601
19736440000000,56.9718093872
19736920000000,58.1509857178
19737420000000,59.2836990356
19737890000000,60.4754981995
19738350000000,61.6203613281
19738840000000,63.2686653137
19739310000000,65.54322052
19739810000000,67.3346328735
19740280000000,69.0861434937
19740750000000,71.0064086914
19741200000000,72.7335586548
19741660000000,74.8661727905
19742170000000,75.8034744263
19742620000000,75.6999893188
19743090000000,76.0078964233
19743530000000,73.0197906494
19743960000000,67.3714370728
19744410000000,55.02368927
19744860000000,50.8209686279
19745300000000,51.6068992615
19745730000000,52.7663154602
19746170000000,53.8718452454
19746580000000,55.2825965881
19747010000000,54.8824119568
19747430000000,56.706867218
19747860000000,62.7765388489
19748320000000,63.4473495483
19748750000000,68.8398742676
19749220000000,71.8036499023
19749650000000,77.9159622192
19750080000000,80.4434280396
19750510000000,92.034866333
19750970000000,100.947212219
19751400000000,103.765853882
19751870000000,105.657531738
19752320000000,107.382354736
19752770000000,109.073936462
19753200000000,114.130973816
19753660000000,120.866470337
19754120000000,122.571731567
19754550000000,124.002067566
19754990000000,125.423194885
19755410000000,126.917900085
19755820000000,128.141082764
