
19468240000000,5.81897640228
19468800000000,8.238530159
19469430000000,8.43779087067
19470010000000,8.73182487488
19470560000000,9.01480960846
19471110000000,9.31535243988
19471650000000,9.62135601044
19472180000000,9.9345998764
19472710000000,10.2763528824
19473220000000,10.6264057159
19473710000000,10.99284935
19474300000000,11.3623151779
19474780000000,11.8449811935
19475300000000,12.2678060532
19475820000000,12.7828350067
19476310000000,13.3465309143
19476810000000,13.8510637283
19477270000000,14.5248908997
19477720000000,15.1573162079
19478200000000,32.6969108582
19478660000000,56.3762664795
19479140000000,54.8580245972
19479590000000,56.8364028931
19480060000000,58.9424858093
19480510000000,61.4263153076
19480950000000,63.8339729309
19481400000000,66.3337402344
19481840000000,66.4077835083
19482300000000,57.6284561157
19482750000000,63.9338150024
19483190000000,65.4769821167
19483630000000,65.6878585815
19484090000000,54.0380706787
19484540000000,51.0534667969
19484990000000,53.962928772
19485410000000,55.7738609314
19485880000000,53.4340934753
19486320000000,56.5703620911
19486770000000,59.7671012878
19487210000000,63.1475906372
19487640000000,66.7277679443
19488070000000,70.6475143433
19488510000000,74.2546844482
19488940000000,78.0158004761
19489400000000,82.1902008057
19489840000000,87.3252563477
19490300000000,93.4527206421
19490720000000,99.1455612183
19491170000000,103.442703247
19491620000000,107.682876587
19492070000000,117.024124146
19492490000000,125.828414917
19492920000000,128.928268433
19493370000000,131.835449219
19493810000000,134.720275879
19494250000000,137.219146729
19494710000000,139.513656616
19495140000000,141.691009521
19495580000000,143.516555786
19496060000000,145.325393677
