
12176040000000,18.8239936829
12176830000000,18.8241024017
12177610000000,18.8240566254
12178400000000,18.3904953003
12179150000000,15.0741758347
12179910000000,7.45502901077
12180640000000,2.67953276634
12181390000000,1.27986490726
12182180000000,1.78093326092
12182880000000,0.906264007092
12183580000000,0.260533154011
12184280000000,0.414733797312
12184990000000,0.324502795935
12185670000000,0.342646598816
12186350000000,0.360833197832
12187030000000,0.321683526039
12187690000000,0.36986514926
12188350000000,0.349074721336
12189050000000,0.320614725351
12189680000000,0.858639597893
12190320000000,1.15975701809
12190950000000,5.15385055542
12191590000000,8.55094337463
12192250000000,9.33672618866
12192880000000,11.4868879318
12193550000000,16.0738620758
12194200000000,18.5786933899
12194830000000,20.1282081604
12195480000000,22.1681404114
12196140000000,22.068567276
12196760000000,12.2741575241
12197420000000,5.56071901321
12198050000000,6.75342464447
12198690000000,4.35921955109
12199340000000,2.37604641914
12199980000000,1.37125885487
12200610000000,0.832147359848
12201240000000,2.16120576859
