
13640250000000,18.0463371277
13640970000000,18.9018535614
13641750000000,19.4183425903
13642500000000,20.123632431
13643220000000,20.8586044312
13643970000000,19.3581562042
13644670000000,13.6598567963
13645350000000,6.24663639069
13646040000000,2.07149791718
13646750000000,2.15740609169
13647480000000,2.26447510719
13648150000000,2.38300585747
13648800000000,2.47076654434
13649450000000,2.60474586487
13650110000000,2.75277209282
13650750000000,0.499560624361
13651400000000,1.72258388996
13652040000000,1.79463732243
13652640000000,5.42528581619
13653300000000,6.27562046051
13653910000000,7.18152141571
13654570000000,7.6239771843
13655200000000,8.57845211029
13655830000000,11.719165802
13656480000000,12.4504785538
13657110000000,13.7878093719
13657790000000,15.3346452713
13658440000000,15.1481018066
13659050000000,15.0899944305
13659700000000,10.4349603653
13660310000000,7.6168718338
13660940000000,6.09661340714
13661550000000,7.68463754654
