
13640250000000,25.1040077209
13640970000000,25.7912273407
13641750000000,26.7214317322
13642500000000,27.6829833984
13643220000000,28.6363887787
13643970000000,31.9115142822
13644670000000,39.835319519
13645350000000,49.0464172363
13646040000000,59.1230201721
13646750000000,61.0296821594
13647480000000,62.9731292725
13648150000000,65.2154922485
13648800000000,67.2022247314
13649450000000,69.2883071899
13650110000000,71.3717422485
13650750000000,71.2642440796
13651400000000,71.0713043213
13652040000000,73.2653198242
13652640000000,72.2471237183
13653300000000,73.7825317383
13653910000000,75.6015853882
13654570000000,77.9180603027
13655200000000,80.0538024902
13655830000000,80.0325164795
13656480000000,82.6514358521
13657110000000,85.1690444946
13657790000000,87.5461196899
13658440000000,92.1394348145
13659050000000,97.0177993774
13659700000000,105.637191772
13660310000000,112.934700012
13660940000000,118.21244812
13661550000000,120.824714661
