
13701360000000,21.4486427307
13702130000000,25.3681163788
13702940000000,20.6870765686
13703660000000,21.4627761841
13704380000000,21.1618347168
13705140000000,14.5671281815
13705840000000,9.96058368683
13706530000000,0.842397689819
13707270000000,0.860605716705
13708020000000,0.885536789894
13708700000000,0.917166590691
13709380000000,1.00302445889
13710050000000,1.03858661652
13710720000000,1.1107121706
13711370000000,1.16218090057
13712050000000,0.0153112187982
13712690000000,0.18397462368
13713340000000,2.64194607735
13713970000000,2.5621201992
13714610000000,2.70229482651
13715230000000,2.21613359451
13715870000000,3.44817781448
13716550000000,6.15240240097
13717180000000,6.80670595169
13717830000000,9.04762744904
13718460000000,8.75301265717
13719110000000,10.6806116104
13719740000000,11.3690471649
13720400000000,12.6194400787
13721050000000,14.2296361923
13721680000000,15.0171813965
13722290000000,11.5257453918
13722930000000,7.43759012222
13723560000000,5.59763145447
13724190000000,1.98793101311
