
19468240000000,25.1514835358
19468800000000,27.8334026337
19469430000000,28.3816299438
19470010000000,29.0751228333
19470560000000,29.7416858673
19471110000000,30.422170639
19471650000000,31.1026592255
19472180000000,31.7974052429
19472710000000,32.5292167664
19473220000000,33.2602615356
19473710000000,34.0126495361
19474300000000,34.7414398193
19474780000000,35.6786117554
19475300000000,36.465549469
19475820000000,37.3751182556
19476310000000,38.3279190063
19476810000000,39.1721534729
19477270000000,40.2161979675
19477720000000,41.165397644
19478200000000,59.1152648926
19478660000000,83.0467834473
19479140000000,80.8186721802
19479590000000,82.0490112305
19480060000000,83.367477417
19480510000000,84.885269165
19480950000000,86.2983551025
19481400000000,87.7019424438
19481840000000,86.5917282104
19482300000000,76.8650054932
19482750000000,81.8849716187
19483190000000,82.1952590942
19483630000000,81.088218689
19484090000000,68.3209838867
19484540000000,64.5396575928
19484990000000,66.1180343628
19485410000000,66.5090866089
19485880000000,62.7604866028
19486320000000,64.1095657349
19486770000000,65.4594039917
19487210000000,66.7998962402
19487640000000,68.1733169556
19488070000000,69.6924667358
19488510000000,70.8453598022
19488940000000,71.9221954346
19489400000000,73.3494949341
19489840000000,75.5920028687
19490300000000,79.1197357178
19490720000000,83.1461029053
19491170000000,86.6661529541
19491620000000,89.8300247192
19492070000000,99.6623458862
19492490000000,107.136161804
19492920000000,108.584976196
19493370000000,110.065505981
19493810000000,111.624580383
19494250000000,113.081214905
19494710000000,114.517059326
19495140000000,115.970359802
19495580000000,117.27204895
19496060000000,118.63860321
