
10946270000000,3.58340120316
10947090000000,11.5659456253
10947870000000,14.9952001572
10948580000000,15.7696666718
10949330000000,16.6065654755
10950030000000,26.8061504364
10950730000000,28.6820697784
10951420000000,30.3459892273
10952090000000,32.0627593994
10952740000000,33.9446601868
10953420000000,35.9476280212
10954100000000,38.3799171448
10954740000000,41.1154708862
10955420000000,43.8972396851
10956080000000,47.3118896484
10956680000000,50.8166389465
10957320000000,54.4116249084
10957960000000,58.7369728088
10958620000000,57.7633743286
10959230000000,63.1311721802
10959910000000,68.2348098755
10960540000000,74.6074066162
10961210000000,80.7994766235
10961810000000,87.2990722656
10962430000000,93.7594680786
10963090000000,99.9396286011
10963730000000,108.751739502
10964370000000,115.48727417
10965030000000,122.208282471
10965680000000,132.053466797
10966290000000,140.083312988
10966950000000,142.970489502
