
10946270000000,18.5565032959
10947090000000,11.4117383957
10947870000000,8.99149990082
10948580000000,9.3521566391
10949330000000,9.6656293869
10950030000000,1.02053415775
10950730000000,0.678975820541
10951420000000,0.66635119915
10952090000000,0.78765296936
10952740000000,0.802830815315
10953420000000,0.921936511993
10954100000000,0.911093831062
10954740000000,0.857748389244
10955420000000,0.936529934406
10956080000000,0.875469684601
10956680000000,1.02975451946
10957320000000,1.15689992905
10957960000000,1.15536165237
10958620000000,7.3251581192
10959230000000,7.54464626312
10959910000000,8.00622272491
10960540000000,8.56456184387
10961210000000,9.27808570862
10961810000000,10.0845727921
10962430000000,10.9218330383
10963090000000,12.0745220184
10963730000000,10.9303693771
10964370000000,11.7142372131
10965030000000,11.2917194366
10965680000000,6.39627790451
10966290000000,1.22259008884
10966950000000,1.51137447357
