
13701360000000,0.506423592567
13702130000000,3.86476945877
13702940000000,1.42997288704
13703660000000,1.45844018459
13704380000000,2.5530834198
13705140000000,10.0103673935
13705840000000,35.3174057007
13706530000000,25.6139793396
13707270000000,26.9597511292
13708020000000,28.5235004425
13708700000000,30.4120063782
13709380000000,32.1840133667
13710050000000,34.2242393494
13710720000000,36.3880767822
13711370000000,38.9188537598
13712050000000,42.8271980286
13712690000000,46.2574157715
13713340000000,52.0828437805
13713970000000,55.8910980225
13714610000000,60.0806121826
13715230000000,64.1458358765
13715870000000,63.1533126831
13716550000000,65.9589309692
13717180000000,71.9705810547
13717830000000,76.1764678955
13718460000000,83.4389877319
13719110000000,88.7601318359
13719740000000,95.5191879272
13720400000000,101.919273376
13721050000000,108.209533691
13721680000000,114.914573669
13722290000000,125.769302368
13722930000000,136.191726685
13723560000000,142.664962769
13724190000000,151.484359741
