
11021470000000,0.415114343166
11022260000000,1.22082805634
11023010000000,23.5915527344
11023770000000,31.5953407288
11024500000000,31.0863189697
11025250000000,22.1978206635
11025950000000,27.2308120728
11026640000000,28.5902290344
11027350000000,30.2876186371
11028010000000,32.0335769653
11028690000000,33.8889160156
11029330000000,36.0753288269
11029980000000,38.2931671143
11030650000000,40.8772583008
11031300000000,43.7116966248
11031980000000,46.8539505005
11032630000000,50.6174964905
11033240000000,54.1521263123
11033860000000,58.3880195618
11034530000000,62.892993927
11035180000000,59.2437705994
11035820000000,60.3034934998
11036470000000,65.6242370605
11037120000000,71.4708480835
11037750000000,77.6356430054
11038380000000,92.7302246094
11039020000000,110.347702026
11039680000000,94.6599731445
11040320000000,94.8252792358
11040990000000,121.02191925
11041630000000,127.284225464
11042260000000,131.617340088
11042890000000,135.624145508
11043500000000,141.294952393
