
12176040000000,25.0561580658
12176830000000,25.0562400818
12177610000000,25.0564632416
12178400000000,25.6377105713
12179150000000,30.3622074127
12179910000000,39.1567764282
12180640000000,50.5901641846
12181390000000,50.6754837036
12182180000000,52.7417602539
12182880000000,53.6747741699
12183580000000,54.1554756165
12184280000000,55.7609901428
12184990000000,57.6611404419
12185670000000,59.5279312134
12186350000000,61.4140129089
12187030000000,63.4291305542
12187690000000,65.4269790649
12188350000000,67.5028991699
12189050000000,69.6408004761
12189680000000,71.4248886108
12190320000000,73.2871322632
12190950000000,71.4524841309
12191590000000,70.5933761597
12192250000000,72.4320297241
12192880000000,73.5275421143
12193550000000,72.2135620117
12194200000000,73.5649185181
12194830000000,76.3011856079
12195480000000,78.6146774292
12196140000000,83.6523284912
12196760000000,99.0839538574
12197410000000,110.041244507
12198050000000,112.176322937
12198690000000,117.38243866
12199340000000,121.620330811
12199980000000,125.145423889
12200610000000,128.14074707
12201240000000,125.906097412
