
11151960000000,21.2238483429
11152740000000,21.4355373383
11153530000000,23.9622631073
11154300000000,43.5579032898
11155050000000,44.8202171326
11155770000000,46.2390174866
11156460000000,47.6766891479
11157180000000,49.1445083618
11157860000000,50.669719696
11158560000000,52.2262573242
11159270000000,53.9280929565
11159970000000,55.6883544922
11160620000000,57.5129508972
11161290000000,59.3099517822
11161940000000,61.1792793274
11162610000000,63.0500602722
11163240000000,65.10987854
11163890000000,67.1229705811
11164540000000,69.1062545776
11165170000000,71.3153686523
11165820000000,73.4896697998
11166470000000,75.7683486938
11167170000000,77.530166626
11167830000000,74.7450866699
11168460000000,77.1462936401
11169110000000,79.5422210693
11169730000000,81.9245986938
11170340000000,84.2655563354
11170970000000,86.6596374512
11171640000000,89.5012817383
11172270000000,99.5603256226
11172900000000,105.469993591
11173560000000,109.173713684
11174180000000,124.102127075
