
10877280000000,22.5536956787
10878050000000,2.51889491081
10878830000000,1.47970020771
10879580000000,1.52860414982
10880310000000,1.59330356121
10881080000000,1.65733337402
10881820000000,1.7097697258
10882520000000,1.75743281841
10883240000000,1.81585729122
10883910000000,1.89035749435
10884600000000,1.96656560898
10885250000000,2.08485150337
10885940000000,2.17909312248
10886610000000,2.30496478081
10887250000000,2.41492176056
10887930000000,2.5260117054
10888560000000,2.67417049408
10889200000000,2.8210875988
10889810000000,6.93134498596
10890460000000,8.69988536835
10891080000000,12.1598482132
10891720000000,14.0031433105
10892390000000,15.0029916763
10893010000000,16.8313179016
10893630000000,17.8741798401
10894260000000,19.4750213623
10894900000000,19.7957000732
10895540000000,21.2103672028
10896140000000,9.33404636383
10896800000000,7.66510295868
10897420000000,5.74530935287
10898060000000,3.09208893776
10898690000000,2.59348917007
