
11151960000000,20.6645126343
11152740000000,20.7615089417
11153540000000,19.5951042175
11154300000000,1.45090961456
11155050000000,1.62597441673
11155770000000,1.67762386799
11156460000000,1.74140167236
11157180000000,1.80385398865
11157860000000,1.88120532036
11158560000000,1.95473480225
11159270000000,2.05947875977
11159970000000,2.13805294037
11160620000000,2.23718905449
11161290000000,2.33245754242
11161940000000,2.43407201767
11162610000000,2.55046391487
11163240000000,2.68489909172
11163890000000,2.81427788734
11164540000000,2.9799618721
11165170000000,3.13841557503
11165820000000,3.33488893509
11166470000000,3.57949233055
11167170000000,4.30343961716
11167830000000,10.2602491379
11168460000000,10.9407958984
11169110000000,11.8431158066
11169730000000,12.9934883118
11170340000000,14.3021554947
11170970000000,15.8936061859
11171640000000,17.3920536041
11172270000000,12.1245288849
11172900000000,9.27811336517
11173560000000,9.92398834229
11174180000000,0.620363414288
