
11944220000000,0.277987927198
11945000000000,0.277985006571
11945810000000,0.277981519699
11946560000000,0.154804587364
11947320000000,4.96319770813
11948050000000,16.9597835541
11948770000000,25.7656955719
11949500000000,26.8316173553
11950210000000,27.826751709
11950900000000,29.3806209564
11951590000000,31.0883312225
11952270000000,32.7184524536
11952940000000,34.6960525513
11953590000000,36.7386512756
11954260000000,38.837184906
11954930000000,41.6267204285
11955590000000,44.4039344788
11956260000000,46.549571991
11956940000000,50.2658615112
11957580000000,54.350227356
11958230000000,58.6033935547
11958860000000,59.9086227417
11959530000000,56.2501564026
11960170000000,58.8442764282
11960800000000,64.4822006226
11961450000000,70.6261901855
11962100000000,77.1424331665
11962760000000,88.5113372803
11963390000000,100.485710144
11964060000000,116.030807495
11964700000000,120.807777405
11965350000000,127.742294312
11965990000000,132.270385742
11966670000000,137.993133545
11967270000000,152.256546021
11967950000000,155.259490967
11968550000000,155.089202881
11969210000000,160.69392395
