
19730700000000,22.0380516052
19731250000000,13.3770771027
19731780000000,9.56129837036
19732310000000,9.76982688904
19732840000000,9.98512172699
19733380000000,0.44695147872
19733900000000,3.7097427845
19734410000000,3.63464426994
19734920000000,3.70728254318
19735440000000,3.770434618
19735940000000,3.87650465965
19736440000000,3.93208050728
19736920000000,4.05742454529
19737420000000,4.15103197098
19737890000000,4.23450899124
19738350000000,4.34251260757
19738840000000,4.90474367142
19739310000000,6.07035541534
19739810000000,6.83083295822
19740280000000,7.42564296722
19740750000000,8.26407337189
19741200000000,8.91222381592
19741660000000,10.0373401642
19742170000000,9.92281723022
19742620000000,8.84146404266
19743090000000,8.09073734283
19743530000000,3.79330873489
19743960000000,3.01607561111
19744410000000,16.1051921844
19744860000000,21.6124229431
19745300000000,22.8601818085
19745730000000,23.7500801086
19746170000000,24.7260837555
19746580000000,25.5604743958
19747010000000,28.246175766
19747430000000,28.8955631256
19747870000000,25.0928287506
19748320000000,27.1153488159
19748750000000,24.447555542
19749220000000,24.1287879944
19749650000000,21.2712574005
19750080000000,21.6791858673
19750510000000,13.0610780716
19750970000000,6.89844989777
19751400000000,6.39467430115
19751870000000,6.49127244949
19752320000000,7.07675600052
19752770000000,7.71072483063
19753200000000,4.8118929863
19753660000000,0.654365479946
19754120000000,0.491519242525
19754550000000,0.525538980961
19754990000000,0.353105247021
19755410000000,0.22070749104
19755820000000,0.179130524397
