
11684650000000,20.451543808
11685410000000,20.4515800476
11686220000000,20.4516143799
11686990000000,24.3613796234
11687750000000,20.102016449
11688560000000,15.442990303
11689300000000,4.69102907181
11690030000000,4.70743513107
11690750000000,4.76223754883
11691450000000,5.03460931778
11692140000000,5.23346948624
11692890000000,5.44129562378
11693560000000,5.71125602722
11694220000000,5.94952201843
11694900000000,3.32545208931
11695590000000,7.25834751129
11696280000000,8.2166967392
11696950000000,8.69612407684
11697640000000,9.13682365417
11698260000000,9.67223453522
11698910000000,10.2334527969
11699540000000,10.2020368576
11700190000000,8.34796333313
11700810000000,8.91822910309
11701460000000,9.51043701172
11702110000000,10.3385238647
11702750000000,11.2416810989
11703380000000,12.3483018875
11704000000000,11.6433877945
11704650000000,6.57874107361
11705270000000,0.355248838663
11705930000000,5.06300926208
11706590000000,5.87758731842
11707250000000,2.11483287811
11707850000000,1.37124121189
11708500000000,3.03513669968
11709160000000,2.33444166183
11709800000000,2.33184456825
11710500000000,2.33154368401
