
11944220000000,22.525888443
11945000000000,22.5258407593
11945810000000,22.5257911682
11946560000000,22.5095691681
11947330000000,18.1851100922
11948050000000,7.0200881958
11948770000000,0.730664134026
11949500000000,0.547432720661
11950210000000,0.0957814529538
11950900000000,0.0973045378923
11951590000000,0.209247097373
11952270000000,0.050078175962
11952940000000,0.0515838079154
11953590000000,0.0622714459896
11954260000000,0.262328982353
11954930000000,0.156308531761
11955590000000,0.267616152763
11956260000000,1.41272211075
11956940000000,1.32781481743
11957580000000,1.41130709648
11958230000000,1.52631664276
11958860000000,4.70712566376
11959530000000,13.847574234
11960170000000,17.2646255493
11960800000000,18.443655014
11961450000000,19.8613510132
11962100000000,21.5859355927
11962760000000,19.2829151154
11963390000000,15.3852901459
11964060000000,7.82825994492
11964700000000,9.6572265625
11965350000000,8.65244197845
11965990000000,10.0349617004
11966670000000,10.068819046
11967270000000,2.5666577816
11967950000000,2.95137166977
11968550000000,6.14892959595
11969210000000,6.84526729584
