
12052400000000,22.1959724426
12053190000000,22.1869468689
12053990000000,22.1885051727
12054760000000,20.6914310455
12055520000000,20.5196266174
12056310000000,21.1854705811
12057090000000,10.1189088821
12057820000000,0.410480976105
12058570000000,0.457577705383
12059250000000,0.417051881552
12059930000000,0.334965884686
12060660000000,0.435986965895
12061350000000,0.438910931349
12062000000000,0.686029911041
12062690000000,1.91144251823
12063400000000,3.75570416451
12064050000000,3.94693255424
12064710000000,4.72735643387
12065350000000,6.61275434494
12066000000000,7.03870582581
12066650000000,7.45297622681
12067290000000,7.93871021271
12067980000000,8.51204776764
12068590000000,9.33202266693
12069210000000,10.0887327194
12069830000000,11.1178779602
12070480000000,12.1822347641
12071100000000,13.5703334808
12071750000000,14.5844888687
12072420000000,13.7406072617
12073050000000,2.9147734642
12073710000000,7.92907094955
12074380000000,0.919717490673
12074990000000,4.53877735138
12075620000000,5.69199562073
12076280000000,8.09113502502
12076910000000,5.46319675446
12077540000000,6.15346193314
