
19571580000000,8.5914850235
19572140000000,8.86527442932
19572690000000,9.15602970123
19573220000000,9.46471786499
19573740000000,9.79275798798
19574240000000,10.1308393478
19574780000000,10.4841661453
19575280000000,10.8776340485
19575770000000,11.2732343674
19576280000000,11.6795272827
19576760000000,12.1538677216
19577260000000,13.6543617249
19577770000000,28.2181396484
19578270000000,33.2011299133
19578730000000,34.1958847046
19579180000000,35.7350311279
19579660000000,39.8468475342
19580140000000,43.1435127258
19580590000000,44.959777832
19581060000000,46.7908744812
19581490000000,48.9230575562
19581950000000,50.9435005188
19582410000000,53.2136993408
19582850000000,55.6639633179
19583320000000,58.154876709
19583770000000,61.0316734314
19584220000000,63.8101196289
19584700000000,62.4983253479
19585140000000,54.1900749207
19585570000000,56.2315597534
19586030000000,58.3097953796
19586480000000,61.1098136902
19586910000000,60.3338546753
19587340000000,60.9422225952
19587830000000,64.5139465332
19588270000000,68.6683654785
19588700000000,72.5018615723
19589190000000,76.8896408081
19589630000000,81.6410217285
19590080000000,85.9059829712
19590520000000,90.8346710205
19591000000000,95.3439407349
19591440000000,101.752334595
19591870000000,107.329605103
19592330000000,126.145484924
19592790000000,130.939544678
19593240000000,135.166687012
19593680000000,138.557937622
19594120000000,149.828460693
19594550000000,154.206863403
19594990000000,155.670516968
19595450000000,156.976928711
19595910000000,158.181365967
