
13580900000000,26.2304897308
13581690000000,27.880897522
13582470000000,28.0534420013
13583230000000,29.328956604
13583980000000,30.3437175751
13584730000000,37.4803161621
13585450000000,41.5860404968
13586130000000,50.215549469
13586860000000,54.9113883972
13587550000000,56.7991714478
13588190000000,58.5932502747
13588860000000,60.3500709534
13589540000000,62.2872314453
13590160000000,64.2322998047
13590830000000,66.1218185425
13591480000000,68.2476348877
13592120000000,70.3829116821
13592750000000,72.5122070312
13593390000000,74.6186447144
13594080000000,74.9292678833
13594720000000,76.3853759766
13595320000000,76.9119567871
13595990000000,76.8799209595
13596610000000,77.7837524414
13597240000000,77.3730239868
13597870000000,79.9644622803
13598500000000,82.3769760132
13599160000000,85.9775695801
13599800000000,89.297958374
13600450000000,97.8255157471
13601120000000,101.598480225
13601750000000,111.362976074
13602400000000,113.707992554
13603050000000,116.558357239
13603690000000,118.605766296
