
11944220000000,21.4522476196
11945000000000,21.452205658
11945810000000,21.4521636963
11946560000000,21.6776885986
11947320000000,27.4391727448
11948050000000,40.1368980408
11948770000000,49.4034080505
11949500000000,50.6982955933
11950210000000,51.8945350647
11950900000000,53.5692367554
11951590000000,55.3130912781
11952270000000,56.8816566467
11952940000000,58.6738128662
11953590000000,60.3979568481
11954260000000,62.0325202942
11954930000000,64.1318054199
11955590000000,66.0180969238
11956260000000,66.9888534546
11956940000000,69.2253494263
11957580000000,71.4634628296
11958230000000,73.6033248901
11958860000000,72.5557861328
11959530000000,66.3626327515
11960170000000,66.0651931763
11960800000000,68.3760299683
11961450000000,70.7042617798
11962100000000,73.0064849854
11962760000000,79.6666641235
11963390000000,87.4869232178
11964060000000,99.1185455322
11964700000000,100.671264648
11965350000000,105.028884888
11965990000000,107.421211243
11966670000000,111.539726257
11967270000000,124.531242371
11967950000000,127.242134094
11968550000000,127.101478577
11969210000000,132.627182007
