
13640250000000,4.69024038315
13640970000000,4.73374986649
13641750000000,5.06790161133
13642500000000,5.35272598267
13643220000000,5.63314819336
13643970000000,8.2102804184
13644670000000,15.5052394867
13645350000000,24.1994247437
13646040000000,34.046787262
13646750000000,36.1564674377
13647480000000,38.4540252686
13648150000000,41.3133239746
13648800000000,44.060874939
13649450000000,47.1538009644
13650110000000,50.4846191406
13650750000000,51.9416503906
13651400000000,53.5169143677
13652040000000,57.7770576477
13652640000000,59.2115287781
13653300000000,63.2688064575
13653910000000,68.228515625
13654570000000,73.9236602783
13655200000000,80.030670166
13655830000000,83.9297485352
13656480000000,90.5094070435
13657110000000,97.2282409668
13657790000000,103.361595154
13658440000000,111.599212646
13659050000000,119.562774658
13659700000000,130.324203491
13660310000000,139.252319336
13660940000000,145.410888672
13661550000000,148.521514893
