
19079970000000,91.3513717651
19080380000000,91.3513641357
19080790000000,91.3513641357
19081200000000,91.3450775146
19081610000000,91.3232345581
19082010000000,91.2861862183
19082400000000,91.2462539673
19082780000000,91.2041397095
19083170000000,91.1628036499
19083570000000,91.1182479858
19083980000000,91.0684509277
19084380000000,91.0127563477
19084770000000,90.9542770386
19085150000000,90.8967971802
19085550000000,90.8352813721
19085960000000,90.765296936
19086340000000,90.6860351562
19086720000000,80.5838088989
19087120000000,38.4519271851
19087500000000,-5.54047298431
19087900000000,-12.3181600571
19088280000000,-10.6072702408
19088660000000,-8.18704509735
19089040000000,-6.65678882599
19089420000000,-10.5227642059
19089790000000,-12.4777421951
19090170000000,-14.4186983109
19090600000000,-16.7908592224
19090980000000,-19.757806778
19091340000000,-22.1725845337
19091710000000,-24.9429454803
19092080000000,-27.5621910095
19092450000000,-30.4327697754
19092820000000,-33.2327384949
19093210000000,-36.2768669128
19093580000000,-39.3064994812
19093940000000,-42.4354476929
19094340000000,-45.3947181702
19094700000000,-46.2400016785
19095060000000,-38.5244293213
19095420000000,-40.9213447571
19095780000000,-43.3897399902
19096170000000,-46.4250183105
19096540000000,-49.4772605896
19096920000000,-52.3343276978
19097280000000,-55.3663597107
19097650000000,-58.02526474
19098000000000,-52.8067817688
19098360000000,-54.6335411072
19098710000000,-57.0931549072
19099090000000,-59.3657264709
19099450000000,-61.843082428
19099820000000,-64.0043411255
19100160000000,-66.2004165649
19100530000000,-68.1214904785
