
19079970000000,62.1421012878
19080380000000,62.1421165466
19080790000000,62.1421203613
19081200000000,60.6586799622
19081610000000,60.3516197205
19082010000000,59.5936164856
19082400000000,58.8553161621
19082780000000,58.0540771484
19083170000000,57.2840957642
19083570000000,56.4901885986
19083980000000,55.6173858643
19084380000000,54.6594734192
19084770000000,53.7007713318
19085150000000,52.7476768494
19085550000000,51.7734375
19085960000000,50.7040519714
19086340000000,49.5262718201
19086730000000,34.5462913513
19087120000000,-8.44295310974
19087500000000,-53.1715354919
19087900000000,-59.9344406128
19088280000000,-57.9932899475
19088660000000,-55.2125396729
19089040000000,-53.4215126038
19089420000000,-56.8348121643
19089790000000,-58.2131919861
19090170000000,-59.4913330078
19090600000000,-61.0295753479
19090980000000,-62.8646354675
19091340000000,-64.2183685303
19091710000000,-65.7419281006
19092080000000,-67.0662231445
19092450000000,-68.4508972168
19092820000000,-69.7412719727
19093210000000,-71.1051559448
19093580000000,-72.3700180054
19093940000000,-73.6690368652
19094340000000,-74.8465270996
19094700000000,-73.6873550415
19095060000000,-64.2714385986
19095420000000,-64.9145431519
19095780000000,-65.5967407227
19096170000000,-66.8518371582
19096540000000,-68.019859314
19096920000000,-69.1129837036
19097280000000,-70.3394241333
19097650000000,-71.240447998
19098000000000,-64.5055999756
19098360000000,-64.9373931885
19098710000000,-65.933631897
19099090000000,-66.8513031006
19099450000000,-67.9025497437
19099820000000,-68.7812652588
19100160000000,-69.6799468994
19100530000000,-70.5333633423
