
10753660000000,79.6123352051
10754240000000,84.4211578369
10754840000000,92.1008377075
10755420000000,90.4586868286
10756040000000,90.3720550537
10756650000000,90.2604904175
10757210000000,90.2047958374
10757780000000,90.0364456177
10758380000000,89.9085617065
10758920000000,89.727684021
10759470000000,89.5937805176
10760020000000,89.3937759399
10760560000000,89.1646652222
10761110000000,86.877204895
10761660000000,61.4360427856
10762230000000,3.22997617722
10762780000000,-6.77879428864
10763320000000,-10.9746217728
10763860000000,-15.2682142258
10764390000000,-19.9799499512
10764940000000,-24.8828678131
10765490000000,-30.470331192
10766010000000,-36.1370353699
10766530000000,-41.7598876953
10767050000000,-47.4466705322
10767580000000,-53.0187149048
10768100000000,-58.4769020081
10768630000000,-63.8672294617
10769160000000,-68.7514190674
10769700000000,-73.2929763794
10770230000000,-77.7835388184
10770780000000,-89.8933410645
10771310000000,-101.080574036
