
10753660000000,47.3423080444
10754240000000,51.055267334
10754840000000,57.724609375
10755420000000,54.9554519653
10756040000000,53.628944397
10756650000000,52.1570549011
10757210000000,50.708896637
10757790000000,49.1707725525
10758380000000,47.543384552
10758920000000,45.726978302
10759470000000,44.0370674133
10760020000000,42.2759971619
10760560000000,40.2860412598
10761110000000,36.2201919556
10761660000000,10.1674766541
10762230000000,-49.2885017395
10762780000000,-58.279460907
10763320000000,-60.9627952576
10763860000000,-63.3793563843
10764390000000,-65.756690979
10764940000000,-67.9817733765
10765490000000,-70.2622375488
10766010000000,-72.3872070312
10766530000000,-74.3636245728
10767050000000,-76.2753219604
10767580000000,-78.0580825806
10768100000000,-79.8154754639
10768630000000,-81.5473480225
10769160000000,-83.1525878906
10769700000000,-84.6929855347
10770230000000,-86.2849197388
10770780000000,-96.2021560669
10771320000000,-105.514465332
