10948820000000,60.6249160767
10949430000000,60.6249160767
10950020000000,60.6248550415
10950650000000,60.624797821
10951270000000,60.6247367859
10951900000000,60.624671936
10952500000000,60.6246109009
10953160000000,60.4396095276
10953770000000,59.4250602722
10954360000000,58.4062271118
10954990000000,57.3244895935
10955580000000,56.135559082
10956160000000,54.9122314453
10956720000000,53.6539344788
10957290000000,52.3655891418
10957840000000,51.0009880066
10958420000000,49.5505256653
10958980000000,47.9516601562
10959560000000,46.338886261
10960120000000,44.4970779419
10960690000000,42.6355400085
10961240000000,40.6616325378
10961790000000,38.5627212524
10962340000000,36.9064788818
10962890000000,35.6713600159
10963420000000,35.0531082153
10963970000000,34.5571708679
10964500000000,34.0557174683
10965040000000,33.494884491
10965560000000,32.8678131104
10966090000000,32.2127723694
10966610000000,31.4150276184
10967120000000,30.5316047668
10967660000000,29.5203723907
10968170000000,28.2842788696
10968700000000,26.9393997192
10969220000000,25.2014083862
10969760000000,23.1797008514
10970260000000,20.5616874695
10970810000000,17.5249862671
10971350000000,13.2940378189
10971880000000,7.80272483826
10972470000000,-0.00376184587367
10972980000000,-11.5594768524
10973510000000,-17.5400409698
10974030000000,-18.9608020782
10974580000000,-19.8374900818
