
11232840000000,90.4385757446
11233460000000,90.4385681152
11234080000000,90.4385681152
11234730000000,90.4385681152
11235340000000,90.4385681152
11235950000000,91.0591049194
11236540000000,91.0350265503
11237170000000,90.9497756958
11237760000000,89.3797683716
11238350000000,85.8967666626
11238930000000,82.3562927246
11239500000000,77.5662689209
11240110000000,77.3290634155
11240680000000,77.0152130127
11241260000000,78.7526779175
11241810000000,92.8297958374
11242380000000,92.8355407715
11242950000000,92.7122802734
11243520000000,92.5776748657
11244070000000,92.4196395874
11244620000000,92.299331665
11245190000000,83.5821762085
11245720000000,79.6613693237
11246270000000,78.5720977783
11246830000000,77.9599227905
11247390000000,79.2749099731
11247920000000,78.2307052612
11248440000000,72.9132385254
11248980000000,17.3743286133
11249490000000,-39.4468193054
11250020000000,-56.5604057312
11250550000000,-65.2765808105
11251090000000,-73.4507064819
11251640000000,-81.6914749146
11252170000000,-89.3320007324
11252710000000,-95.5015411377
11253210000000,-99.8204421997
11253750000000,-101.67716217
11254300000000,-103.111343384
11254850000000,-107.116699219
11255400000000,-110.483840942
11255920000000,-113.413482666
11256480000000,-115.928787231
11257000000000,-118.128753662
11257520000000,-116.115409851
11258060000000,-137.266479492
11258560000000,-138.452178955
