
11151020000000,60.1416053772
11151650000000,60.1415290833
11152250000000,59.7319984436
11152890000000,58.7890663147
11153480000000,57.7221412659
11154080000000,56.6801147461
11154640000000,55.5350456238
11155260000000,54.4164581299
11155870000000,53.0989952087
11156440000000,51.7379417419
11157030000000,50.3385505676
11157580000000,48.8422088623
11158240000000,47.3029785156
11158810000000,45.3548049927
11159370000000,43.5872421265
11159930000000,41.6976013184
11160490000000,39.6921310425
11161040000000,37.5667037964
11161610000000,35.2838134766
11162170000000,32.8628158569
11162740000000,30.284696579
11163270000000,27.4791526794
11163810000000,24.7969455719
11164350000000,22.7110977173
11164890000000,21.1287269592
11165420000000,20.9940433502
11165960000000,19.0097408295
11166500000000,18.1618766785
11167030000000,19.1325073242
11167600000000,21.6929473877
11168120000000,21.8177165985
11168620000000,21.0053596497
11169150000000,19.8113670349
11169690000000,18.3625469208
11170270000000,16.4872169495
11170810000000,13.9095611572
11171330000000,10.7435302734
11171850000000,5.77068376541
11172410000000,-0.731371045113
11172940000000,-11.2996149063
11173460000000,-25.1023101807
11173990000000,-43.4390029907
11174510000000,-47.624458313
