
10755900000000,90.7324676514
10756450000000,90.7324752808
10757060000000,90.7324829102
10757660000000,90.7324905396
10758260000000,90.7324981689
10758860000000,90.7325134277
10759470000000,90.7122344971
10760100000000,90.6241989136
10760700000000,90.4570159912
10761280000000,90.2933044434
10761890000000,88.6511306763
10762480000000,87.8264923096
10763100000000,86.4914321899
10763680000000,86.5526733398
10764240000000,86.5305099487
10764810000000,86.402053833
10765360000000,86.3492126465
10765920000000,85.0088729858
10766470000000,82.9250488281
10767020000000,74.6563262939
10767530000000,74.7779464722
10768100000000,74.1101150513
10768650000000,74.3310775757
10769220000000,75.9415740967
10769750000000,83.8150253296
10770300000000,88.3580856323
10770810000000,90.5763092041
10771330000000,78.3176498413
10771900000000,47.7591285706
10772420000000,4.32886219025
10772950000000,-46.7857246399
10773450000000,-93.220489502
10774010000000,-114.713867188
10774540000000,-122.813972473
10775050000000,-115.941741943
10775570000000,-108.058067322
10776080000000,-122.230659485
10776590000000,-128.961578369
10777150000000,-131.380813599
10777680000000,-132.959762573
10778220000000,-134.685913086
10778760000000,-136.286804199
10779300000000,-136.348358154
10779820000000,-130.306228638
10780340000000,-144.625717163
10780830000000,-143.560806274
10781360000000,-143.561935425
