
19292390000000,49.0072669983
19292810000000,49.0065040588
19293210000000,49.1946220398
19293620000000,48.3315391541
19294020000000,47.4952659607
19294440000000,46.7130355835
19294840000000,45.6146583557
19295230000000,44.6706809998
19295640000000,41.6673583984
19296070000000,33.9016723633
19296490000000,23.9040927887
19296880000000,14.09333992
19297260000000,5.07213878632
19297640000000,-21.3634262085
19298010000000,-51.9293670654
19298380000000,-49.1966056824
19298760000000,-43.7293624878
19299180000000,-43.0893707275
19299560000000,-43.0067253113
19299940000000,-43.5838394165
19300310000000,-44.2032279968
19300680000000,-45.302406311
19301090000000,-45.8475914001
19301510000000,-46.5916023254
19301880000000,-48.9168624878
19302280000000,-50.0227622986
19302700000000,-51.5091934204
19303110000000,-53.1009559631
19303480000000,-54.5149841309
19303900000000,-55.7797813416
19304280000000,-57.3851242065
19304660000000,-58.6728858948
19305010000000,-59.9514465332
19305380000000,-61.101764679
19305740000000,-62.222076416
19306110000000,-63.2955474854
19306500000000,-64.4144287109
19306860000000,-65.6003189087
19307210000000,-66.6108093262
19307590000000,-67.7323608398
19307950000000,-68.7925949097
19308310000000,-69.7730712891
19308660000000,-70.7195281982
19309020000000,-71.5578842163
19309400000000,-72.4926376343
19309760000000,-73.5344238281
