
13215170000000,63.4310569763
13215780000000,62.7529678345
13216440000000,61.8801345825
13217110000000,60.8071975708
13217720000000,59.6627349854
13218340000000,58.5388793945
13218930000000,57.2592926025
13219510000000,56.0299491882
13220160000000,54.6986045837
13220750000000,53.1469306946
13221340000000,51.5678520203
13221950000000,49.8816833496
13222510000000,48.0823898315
13223050000000,46.2667922974
13223640000000,44.4256629944
13224210000000,42.2125434875
13224760000000,40.0253105164
13225310000000,37.6768569946
13225860000000,35.2730064392
13226390000000,33.142162323
13226910000000,31.4949302673
13227450000000,29.5994205475
13227980000000,28.2050762177
13228510000000,27.462928772
13229020000000,26.6581764221
13229540000000,25.7431526184
13230080000000,24.7003707886
13230610000000,23.4947147369
13231130000000,22.0508918762
13231710000000,20.3864803314
13232250000000,18.1510162354
13232760000000,15.578081131
13233270000000,13.0639410019
13233780000000,9.6463842392
13234300000000,5.13256454468
13234820000000,-0.850535929203
13235330000000,-8.77452754974
