
13279760000000,91.9372711182
13280380000000,92.6784057617
13280970000000,92.6684570312
13281570000000,92.6597213745
13282200000000,92.540222168
13282790000000,92.0406265259
13283390000000,90.3128890991
13283970000000,90.3287582397
13284570000000,90.2259674072
13285160000000,90.2052307129
13285760000000,90.2083740234
13286390000000,90.2139511108
13286960000000,90.0426940918
13287520000000,90.0217285156
13288090000000,90.0099716187
13288630000000,89.7587356567
13289180000000,89.7042617798
13289740000000,77.4105758667
13290280000000,34.8829498291
13290820000000,17.9257507324
13291350000000,1.04311645031
13291910000000,-8.92608642578
13292430000000,-14.647149086
13292960000000,-22.9736747742
13293500000000,-30.8979225159
13294020000000,-37.752784729
13294530000000,-44.1135444641
13295060000000,-50.7365493774
13295600000000,-62.8924560547
13296110000000,-78.2093811035
13296660000000,-89.4142608643
13297180000000,-94.0513839722
13297710000000,-98.3177337646
13298220000000,-101.413124084
13298750000000,-98.1514663696
13299270000000,-100.414054871
13299790000000,-103.119895935
