
10562600000000,63.4037704468
10563200000000,62.2344551086
10563800000000,61.1301116943
10564390000000,60.0988235474
10564970000000,58.4294548035
10565550000000,56.0397987366
10566120000000,53.7683067322
10566690000000,52.1326217651
10567230000000,50.5380630493
10567840000000,49.0719680786
10568410000000,46.9310340881
10568960000000,45.1595001221
10569520000000,43.3068504333
10570060000000,37.6551971436
10570600000000,14.5224199295
10571180000000,-59.7422142029
10571720000000,-87.8397293091
10572280000000,-65.0922775269
10572870000000,-58.8395652771
10573400000000,-61.3726768494
10573930000000,-63.6997375488
10574470000000,-65.8507766724
10575010000000,-67.9986495972
10575550000000,-70.0587310791
10576080000000,-72.0216674805
10576620000000,-74.0410614014
10577150000000,-75.8835144043
10577680000000,-77.8196258545
10578210000000,-79.4486312866
10578740000000,-81.1099090576
10579250000000,-82.4910202026
10579790000000,-82.6330871582
10580300000000,-83.4588088989
10580850000000,-84.8705673218
