
13215170000000,84.6576080322
13215780000000,83.1541976929
13216440000000,82.9014434814
13217110000000,88.1957550049
13217720000000,87.7451400757
13218340000000,87.61302948
13218930000000,87.4901123047
13219510000000,87.3265762329
13220160000000,87.2095565796
13220750000000,87.1812438965
13221340000000,86.9674606323
13221950000000,86.8351135254
13222510000000,86.485824585
13223050000000,86.3279342651
13223640000000,86.0309829712
13224210000000,85.7717666626
13224760000000,85.2264709473
13225310000000,84.8218612671
13225860000000,84.2667770386
13226390000000,63.5538444519
13226910000000,32.3647727966
13227450000000,-8.1799325943
13227980000000,-25.7965068817
13228510000000,-32.086933136
13229020000000,-38.4715995789
13229540000000,-45.2768249512
13230080000000,-52.1575202942
13230610000000,-59.0558280945
13231130000000,-65.7578964233
13231710000000,-71.9671554565
13232250000000,-78.2302932739
13232760000000,-83.5504074097
13233270000000,-90.6013183594
13233780000000,-94.4739608765
13234300000000,-98.0098495483
13234820000000,-101.193466187
13235330000000,-103.936965942
