
11151020000000,55.5842971802
11151650000000,55.5842056274
11152250000000,55.8178863525
11152890000000,54.6576538086
11153480000000,53.4310569763
11154080000000,52.2290802002
11154640000000,50.9160041809
11155260000000,49.6821365356
11155870000000,48.1447410583
11156440000000,46.6325721741
11157030000000,45.1198120117
11157580000000,43.4497680664
11158240000000,41.7805404663
11158810000000,39.6061859131
11159370000000,37.7288398743
11159930000000,35.6913146973
11160490000000,33.5921669006
11161040000000,31.3527336121
11161620000000,28.8909740448
11162170000000,26.5108337402
11162740000000,23.8319091797
11163270000000,21.068239212
11163810000000,18.3824310303
11164350000000,-10.7076101303
11164890000000,-78.1402664185
11165420000000,-114.337898254
11165960000000,-125.392089844
11166500000000,-127.483650208
11167030000000,-127.803573608
11167600000000,-124.801841736
11168120000000,-104.922836304
11168620000000,-106.144592285
11169150000000,-107.589759827
11169690000000,-108.85975647
11170270000000,-110.110038757
11170810000000,-106.54523468
11171330000000,-101.905738831
11171850000000,-101.344329834
11172410000000,-102.999023438
11172940000000,-104.092216492
11173460000000,-105.138137817
11173990000000,-106.097488403
11174510000000,-107.297042847
