
10562600000000,61.2019424438
10563200000000,60.0750923157
10563800000000,58.9103813171
10564390000000,57.6819419861
10564970000000,56.4117240906
10565550000000,55.1456756592
10566120000000,53.6888542175
10566690000000,52.2103614807
10567230000000,50.6881484985
10567840000000,49.1329803467
10568410000000,47.2370223999
10568960000000,45.3938674927
10569520000000,43.4812202454
10570060000000,41.4166946411
10570600000000,39.955280304
10571180000000,38.7275810242
10571720000000,19.1768894196
10572280000000,39.6166496277
10572870000000,39.744102478
10573400000000,39.3647537231
10573930000000,38.9686698914
10574470000000,38.5364608765
10575010000000,38.0308189392
10575550000000,37.4470672607
10576080000000,36.8022575378
10576620000000,36.018283844
10577150000000,35.051940918
10577680000000,33.9686584473
10578210000000,32.6047477722
10578740000000,30.9604740143
10579250000000,28.7768249512
10579790000000,26.2608566284
10580300000000,22.2353725433
10580850000000,16.6660823822
