
10689400000000,64.0116119385
10690000000000,63.0700645447
10690610000000,62.0452156067
10691180000000,60.9739303589
10691790000000,59.9354057312
10692350000000,58.6923599243
10692910000000,57.4789276123
10693490000000,54.0743331909
10694070000000,49.1028518677
10694700000000,47.4261169434
10695310000000,45.6365470886
10695860000000,42.7777900696
10696420000000,41.2332115173
10697010000000,39.2452735901
10697610000000,35.409954071
10698140000000,-34.8827705383
10698670000000,-44.4818534851
10699180000000,-48.813331604
10699720000000,-57.2831840515
10700260000000,-64.0156097412
10700810000000,-66.4102172852
10701330000000,-78.0187530518
10701840000000,-80.3096694946
10702400000000,-82.3635787964
10702940000000,-84.4251022339
10703490000000,-86.3630218506
10704020000000,-88.2065124512
10704540000000,-89.9600067139
10705090000000,-91.5681228638
10705590000000,-93.1488418579
10706110000000,-94.5517425537
10706640000000,-95.9409866333
10707160000000,-96.289855957
10707690000000,-84.2192764282
10708220000000,-85.9211654663
