
10622930000000,60.6342353821
10623530000000,60.1809425354
10624150000000,59.6032066345
10624760000000,58.4865875244
10625330000000,57.3515548706
10625920000000,56.1694984436
10626500000000,54.8050537109
10627090000000,53.3548049927
10627670000000,51.8110923767
10628220000000,50.1685676575
10628800000000,48.5520591736
10629330000000,46.6306762695
10629890000000,44.8725280762
10630430000000,42.9245491028
10630990000000,40.8403816223
10631560000000,40.0266609192
10632110000000,39.2592773438
10632670000000,38.6227149963
10633190000000,38.6015892029
10633740000000,38.505241394
10634310000000,38.3425827026
10634850000000,38.0859336853
10635410000000,37.8589630127
10635950000000,37.5988693237
10636470000000,37.2668113708
10637020000000,36.9223937988
10637560000000,36.3265190125
10638080000000,35.463142395
10638610000000,34.4003829956
10639160000000,33.1092185974
10639690000000,31.3817176819
10640210000000,29.2485313416
10640720000000,25.9773235321
10641260000000,21.4279727936
10641780000000,14.4121541977
