
11232840000000,60.8007965088
11233460000000,60.8007774353
11234080000000,60.8007621765
11234720000000,60.8007469177
11235340000000,60.8007278442
11235950000000,60.610294342
11236540000000,59.7429771423
11237170000000,58.6754570007
11237760000000,57.5850448608
11238350000000,56.479839325
11238930000000,55.41796875
11239500000000,54.3257484436
11240110000000,53.1880645752
11240680000000,51.9704170227
11241260000000,50.6634788513
11241810000000,49.2720565796
11242380000000,47.6564674377
11242950000000,45.7319068909
11243520000000,43.7610778809
11244070000000,41.5982131958
11244620000000,39.5683937073
11245190000000,37.4071769714
11245720000000,35.3694915771
11246270000000,33.0176124573
11246830000000,30.6427898407
11247390000000,28.0257320404
11247920000000,25.2251167297
11248440000000,22.4661483765
11248980000000,21.5440597534
11249490000000,21.0809574127
11250020000000,20.7152137756
11250550000000,20.2612075806
11251090000000,19.7323722839
11251640000000,19.0689849854
11252170000000,18.2798709869
11252710000000,17.4255371094
11253210000000,16.3160667419
11253750000000,14.9261045456
11254300000000,13.0971441269
11254850000000,10.3409452438
11255400000000,6.88560056686
11255920000000,2.03167176247
11256480000000,-4.29295539856
11257000000000,-14.1720027924
11257520000000,-27.4282302856
11258060000000,-32.6008377075
11258560000000,-33.0226249695
