
10689400000000,59.8645629883
10690000000000,58.700630188
10690610000000,57.5420455933
10691180000000,56.3133506775
10691790000000,55.0569343567
10692350000000,53.6760787964
10692910000000,52.3111953735
10693490000000,50.8748817444
10694070000000,49.4275817871
10694700000000,47.7846336365
10695310000000,45.9716110229
10695860000000,44.0542030334
10696420000000,42.2003364563
10697010000000,40.2295722961
10697610000000,38.0593910217
10698140000000,36.6287498474
10698670000000,35.9039840698
10699180000000,35.1913795471
10699720000000,34.4602813721
10700260000000,33.7826728821
10700810000000,33.166809082
10701330000000,32.5304756165
10701840000000,32.1421813965
10702400000000,31.6205463409
10702940000000,30.9756221771
10703480000000,30.2524490356
10704020000000,29.4039325714
10704540000000,28.3958454132
10705090000000,27.2268104553
10705590000000,25.7432880402
10706110000000,24.0337429047
10706640000000,21.775686264
10707160000000,18.6749134064
10707690000000,14.0118322372
10708220000000,7.27677059174
