
10622930000000,54.3821411133
10623530000000,37.3460731506
10624150000000,61.0474357605
10624760000000,56.3107261658
10625330000000,54.9684791565
10625920000000,56.3325386047
10626500000000,56.5401535034
10627090000000,55.2476882935
10627670000000,53.8374328613
10628220000000,52.3889503479
10628800000000,50.8486824036
10629330000000,49.0964431763
10629890000000,47.5498847961
10630430000000,45.7737121582
10630990000000,42.2830543518
10631560000000,11.0648899078
10632110000000,-61.1184043884
10632670000000,-67.3559951782
10633190000000,-68.3577804565
10633740000000,-70.63722229
10634310000000,-70.9383239746
10634850000000,-73.0880889893
10635410000000,-75.2794723511
10635950000000,-76.9978179932
10636470000000,-79.1892700195
10637020000000,-77.5931854248
10637560000000,-75.9881973267
10638080000000,-76.6823654175
10638610000000,-79.1560668945
10639160000000,-80.7359771729
10639690000000,-81.1496810913
10640210000000,-78.3429870605
10640720000000,-79.556312561
10641260000000,-81.2992858887
10641780000000,-82.5981140137
