
10496200000000,57.8055114746
10496780000000,59.1186141968
10497370000000,58.0882339478
10497960000000,56.8760414124
10498600000000,55.6837081909
10499180000000,54.2531852722
10499760000000,52.6640777588
10500340000000,51.5479469299
10500930000000,49.9434814453
10501480000000,48.3955307007
10502030000000,46.7090873718
10502580000000,45.0792007446
10503120000000,12.1115169525
10503670000000,-32.5894508362
10504240000000,-50.0031814575
10504810000000,-51.9847259521
10505360000000,-54.373550415
10505900000000,-56.6216545105
10506420000000,-58.7559089661
10506970000000,-49.4868164062
10507520000000,-51.9591293335
10508050000000,-54.426990509
10508590000000,-57.7764358521
10509140000000,-61.3163032532
10509680000000,-66.1046981812
10510220000000,-68.0313262939
10510750000000,-69.7813110352
10511260000000,-71.5276107788
10511770000000,-73.120300293
10512280000000,-74.6416702271
10512800000000,-75.9834594727
10513320000000,-77.5584335327
10513880000000,-78.8404693604
10514410000000,-80.5300750732
10514960000000,-96.2495193481
