
13142690000000,84.0638275146
13143280000000,86.4061737061
13143920000000,86.270149231
13144550000000,86.1095046997
13145170000000,85.9674224854
13145730000000,85.7988739014
13146340000000,85.6398696899
13146950000000,87.2993011475
13147540000000,86.6214141846
13148090000000,87.9814453125
13148660000000,86.4198532104
13149250000000,87.0101318359
13149800000000,86.5477218628
13150370000000,86.5442657471
13150930000000,86.2142105103
13151490000000,86.0094909668
13152050000000,85.6242980957
13152610000000,85.2345581055
13153150000000,67.1270675659
13153700000000,1.09373188019
13154250000000,-4.17887878418
13154800000000,-8.32081699371
13155350000000,-13.0261688232
13155870000000,-18.0847835541
13156400000000,-23.7881908417
13156920000000,-31.6808948517
13157450000000,-39.7233352661
13157980000000,-45.8028755188
13158590000000,-52.0482406616
13159110000000,-58.7839698792
13159630000000,-66.8202438354
13160140000000,-83.3483200073
13160670000000,-87.6740493774
13161200000000,-91.6816253662
13161710000000,-95.3595809937
13162250000000,-98.4848632812
13162770000000,-101.434112549
