
11151020000000,86.2341918945
11151650000000,86.2341842651
11152250000000,86.8967514038
11152890000000,86.7267532349
11153480000000,86.6198577881
11154080000000,86.5069580078
11154650000000,86.3848114014
11155260000000,86.3072052002
11155870000000,86.1236953735
11156440000000,85.9988327026
11157030000000,85.8997650146
11157580000000,85.7271194458
11158250000000,85.581451416
11158810000000,85.3093261719
11159370000000,85.1306152344
11159930000000,84.8782424927
11160490000000,84.6365280151
11161040000000,84.3194961548
11161620000000,83.8648147583
11162170000000,83.5416641235
11162740000000,82.9561233521
11163270000000,82.3437271118
11163810000000,81.5665588379
11164350000000,53.2168121338
11164890000000,-15.3340167999
11165420000000,-58.2642631531
11165960000000,-74.9280319214
11166500000000,-83.3893966675
11167030000000,-90.2449951172
11167600000000,-92.195274353
11168120000000,-77.6223983765
11168620000000,-83.4919433594
11169150000000,-89.0694351196
11169690000000,-93.9488525391
11170270000000,-98.4297180176
11170810000000,-97.6942977905
11171330000000,-95.3192977905
11171850000000,-96.813117981
11172410000000,-100.156562805
11172940000000,-102.920913696
11173460000000,-105.279090881
11173990000000,-107.384498596
11174510000000,-108.804214478
