
13355100000000,90.2069320679
13355730000000,89.9886703491
13356340000000,90.0191726685
13356920000000,89.7383270264
13357540000000,89.6718902588
13358130000000,89.4516677856
13358690000000,89.1664733887
13359290000000,89.1316604614
13359880000000,88.9466171265
13360480000000,88.8577423096
13361060000000,88.6965026855
13361600000000,88.4931259155
13362160000000,88.367767334
13362700000000,88.1078491211
13363280000000,87.9146957397
13363860000000,87.5592422485
13364420000000,87.3327026367
13364980000000,86.9260787964
13365520000000,86.5894622803
13366060000000,86.0603408813
13366590000000,79.0656509399
13367160000000,60.7767753601
13367690000000,30.3035392761
13368220000000,4.31910037994
13368750000000,-1.67901611328
13369280000000,-14.1966152191
13369820000000,-31.1060314178
13370350000000,-56.6805648804
13370860000000,-71.4212799072
13371400000000,-84.346572876
13371930000000,-96.6039581299
13372470000000,-102.53717804
13373000000000,-109.315734863
13373540000000,-120.542778015
13374070000000,-131.705184937
13374610000000,-133.909286499
13375100000000,-135.702377319
13375630000000,-137.229202271
