
10689400000000,91.1624450684
10690000000000,91.0691604614
10690610000000,90.9768676758
10691180000000,90.8761520386
10691790000000,90.7685470581
10692350000000,90.6462631226
10692910000000,90.5225143433
10693490000000,90.3944778442
10694070000000,90.3097229004
10694710000000,90.3027114868
10695310000000,90.291519165
10695860000000,89.7850494385
10696420000000,90.1264953613
10697010000000,90.1413040161
10697610000000,88.5079956055
10698140000000,20.0759162903
10698670000000,10.5976495743
10699180000000,5.89992141724
10699720000000,-3.30825567245
10700260000000,-11.4117650986
10700810000000,-16.0086154938
10701330000000,-30.2847194672
10701840000000,-35.7422981262
10702400000000,-41.4487800598
10702940000000,-47.7262001038
10703480000000,-53.8881263733
10704020000000,-59.9576339722
10704540000000,-65.8089752197
10705090000000,-71.1455535889
10705590000000,-76.2975387573
10706110000000,-80.7024307251
10706640000000,-84.892036438
10707160000000,-87.8063583374
10707690000000,-78.0484466553
10708220000000,-81.7229537964
