
13279760000000,62.7966194153
13280380000000,61.7383384705
13280970000000,60.6764564514
13281570000000,59.6762886047
13282200000000,58.4915046692
13282790000000,57.2483863831
13283390000000,56.0219192505
13283970000000,54.6964607239
13284570000000,53.3382301331
13285160000000,51.8223953247
13285750000000,50.2344970703
13286390000000,48.6399078369
13286960000000,46.6953430176
13287520000000,44.8039779663
13288090000000,42.7747383118
13288630000000,40.7216796875
13289180000000,38.573009491
13289740000000,36.5292663574
13290280000000,34.4780273438
13290820000000,33.3352088928
13291350000000,32.3278045654
13291910000000,31.175195694
13292430000000,30.1973762512
13292960000000,29.2044639587
13293500000000,28.2075405121
13294020000000,27.0087127686
13294530000000,25.7438144684
13295060000000,24.2332229614
13295600000000,22.2720317841
13296110000000,20.4731388092
13296660000000,18.7453403473
13297180000000,16.9330463409
13297710000000,14.5645828247
13298220000000,11.5922889709
13298750000000,7.70665550232
13299270000000,2.20343852043
13299790000000,-6.02780437469
