
13215170000000,55.6917877197
13215780000000,53.4714317322
13216440000000,52.3192749023
13217110000000,56.5613059998
13217720000000,55.0218315125
13218340000000,53.827331543
13218930000000,52.5076751709
13219510000000,51.2079849243
13220160000000,49.8765869141
13220750000000,48.4538879395
13221340000000,46.8447418213
13221950000000,45.2486076355
13222510000000,43.3684501648
13223050000000,41.6994056702
13223640000000,39.9052200317
13224210000000,37.8959083557
13224760000000,35.677154541
13225310000000,33.5425491333
13225860000000,31.2962551117
13226390000000,9.02575397491
13226910000000,-22.3787460327
13227450000000,-63.5286750793
13227980000000,-79.2328186035
13228510000000,-81.5827789307
13229020000000,-83.6444778442
13229540000000,-85.6954193115
13230080000000,-87.6125259399
13230610000000,-89.492515564
13231130000000,-91.2137756348
13231710000000,-92.8831710815
13232250000000,-94.5863571167
13232760000000,-96.1533737183
13233270000000,-100.383552551
13233780000000,-101.660453796
13234300000000,-102.899963379
13234820000000,-104.114746094
13235330000000,-105.20400238
