
13355100000000,63.4042739868
13355730000000,62.4157409668
13356340000000,61.4633979797
13356920000000,60.3873214722
13357540000000,59.3377761841
13358130000000,58.2047386169
13358690000000,56.9828414917
13359290000000,55.7856941223
13359880000000,54.4140968323
13360480000000,52.9512748718
13361060000000,51.3959617615
13361600000000,49.7733726501
13362160000000,48.1918067932
13362700000000,46.4072532654
13363280000000,44.6035804749
13363860000000,42.5089645386
13364420000000,40.308052063
13364980000000,38.0344047546
13365520000000,35.6183242798
13366060000000,33.1410560608
13366590000000,30.5277671814
13367160000000,27.8134651184
13367690000000,24.9317207336
13368220000000,23.5616436005
13368750000000,21.5861473083
13369280000000,19.5267047882
13369820000000,17.2846565247
13370350000000,15.0749444962
13370860000000,13.2364444733
13371400000000,11.3227672577
13371930000000,9.53688716888
13372470000000,7.29504203796
13373000000000,4.70957660675
13373540000000,1.53412568569
13374070000000,-1.97384440899
13374610000000,-5.67439651489
13375100000000,-10.7082262039
13375630000000,-16.9006156921
