
11232840000000,60.0911979675
11233460000000,60.091178894
11234080000000,60.0911598206
11234730000000,60.0911445618
11235340000000,60.0911254883
11235950000000,63.1895294189
11236540000000,63.5120391846
11237170000000,60.4565429688
11237760000000,55.8664054871
11238350000000,51.282409668
11238930000000,46.6327934265
11239500000000,40.6864089966
11240110000000,39.2433128357
11240680000000,37.6685447693
11241260000000,38.0905265808
11241810000000,53.6020355225
11242380000000,53.2859573364
11242950000000,51.6039657593
11243520000000,49.8822631836
11244070000000,47.6135673523
11244620000000,43.4297065735
11245190000000,30.3442668915
11245720000000,24.6338291168
11246270000000,21.5769500732
11246830000000,19.133769989
11247390000000,18.5068759918
11247920000000,15.6067790985
11248440000000,8.75384235382
11248980000000,-44.6152153015
11249490000000,-97.8728256226
11250020000000,-109.457969666
11250550000000,-111.322547913
11251090000000,-112.969779968
11251640000000,-114.495933533
11252170000000,-116.032096863
11252710000000,-117.332489014
11253210000000,-117.149719238
11253750000000,-115.556648254
11254300000000,-113.829467773
11254850000000,-114.959335327
11255400000000,-116.071983337
11255920000000,-117.064826965
11256480000000,-118.078666687
11257000000000,-118.930671692
11257520000000,-115.842552185
11258060000000,-136.488800049
11258560000000,-137.618652344
