
10755900000000,62.2810897827
10756450000000,62.2812309265
10757060000000,62.2813606262
10757660000000,62.2815055847
10758260000000,62.2816429138
10758860000000,62.2817840576
10759470000000,62.6523208618
10760100000000,65.5522537231
10760700000000,64.2951049805
10761280000000,61.3944702148
10761890000000,52.5255622864
10762480000000,50.3695297241
10763100000000,47.6647720337
10763680000000,46.1978530884
10764240000000,44.7206878662
10764810000000,43.0267982483
10765360000000,41.4267234802
10765920000000,38.3349647522
10766470000000,34.4620399475
10767020000000,24.5016098022
10767530000000,22.8318367004
10768100000000,20.6280860901
10768650000000,19.0346946716
10769220000000,19.1219081879
10769750000000,24.7953624725
10770300000000,27.421459198
10770810000000,27.3565292358
10771330000000,12.9514188766
10771900000000,-17.2460460663
10772420000000,-57.1771850586
10772950000000,-100.734886169
10773450000000,-136.318023682
10774010000000,-147.586578369
10774540000000,-147.528167725
10775050000000,-135.533584595
10775570000000,-122.970664978
10776080000000,-133.053604126
10776590000000,-136.852081299
10777150000000,-137.079742432
10777680000000,-136.646209717
10778220000000,-136.869033813
10778760000000,-137.280822754
10779300000000,-136.351791382
10779820000000,-129.296112061
10780340000000,-142.962463379
10780830000000,-141.911254883
10781360000000,-141.912124634
