
10753660000000,60.110710144
10754240000000,59.0366020203
10754840000000,57.9935722351
10755420000000,56.7518768311
10756040000000,55.3749961853
10756650000000,53.8508338928
10757210000000,52.2747459412
10757780000000,50.7084922791
10758380000000,48.974773407
10758920000000,47.0598526001
10759470000000,45.2134017944
10760020000000,43.3348503113
10760560000000,41.1816711426
10761110000000,38.9626045227
10761660000000,37.9574890137
10762230000000,37.2977294922
10762780000000,37.0732498169
10763320000000,36.5741653442
10763860000000,36.0553092957
10764390000000,35.4755477905
10764940000000,34.8468284607
10765490000000,34.078540802
10766010000000,33.2271881104
10766530000000,32.2814750671
10767050000000,31.1850070953
10767580000000,29.8917484283
10768100000000,28.3518562317
10768630000000,26.4109783173
10769160000000,24.0992507935
10769700000000,21.1881427765
10770230000000,17.1122760773
10770780000000,12.746424675
10771310000000,7.87176179886
