
19153370000000,90.7916564941
19153790000000,90.7919921875
19154230000000,76.4488754272
19154640000000,76.7434005737
19155030000000,86.5929412842
19155440000000,87.3327713013
19155840000000,87.9367370605
19156240000000,88.2278747559
19156630000000,89.9242858887
19157060000000,90.8312911987
19157450000000,90.8505935669
19157840000000,92.7538146973
19158240000000,91.3599319458
19158630000000,92.059173584
19159040000000,92.5880889893
19159450000000,93.5505065918
19159840000000,95.2342758179
19160220000000,95.7601699829
19160590000000,95.7899627686
19160970000000,95.7652130127
19161380000000,95.735168457
19161750000000,95.7258682251
19162110000000,95.6895065308
19162490000000,95.6576690674
19162870000000,95.6224822998
19163240000000,95.5800094604
19163600000000,95.5353012085
19163960000000,95.488067627
19164320000000,95.4349822998
19164710000000,95.369720459
19165070000000,95.2973709106
19165430000000,95.2169876099
19165790000000,95.1188049316
19166150000000,95.0085830688
19166510000000,94.8787612915
19166870000000,89.726890564
19167250000000,49.5656166077
19167600000000,3.22312831879
19167980000000,-24.6631603241
19168340000000,-39.012752533
19168710000000,-45.571434021
19169060000000,-52.7666397095
19169420000000,-59.8563423157
19169780000000,-66.6906433105
19170130000000,-74.1066513062
19170490000000,-80.445602417
19170840000000,-86.7544708252
19171190000000,-92.921081543
19171540000000,-96.9788970947
19171890000000,-101.994514465
19172240000000,-106.410240173
19172590000000,-109.65953064
19172960000000,-112.630096436
19173320000000,-117.005485535
19173700000000,-119.846488953
19174080000000,-122.038513184
19174440000000,-123.151100159
19174810000000,-124.921142578
19175160000000,-126.571113586
19175530000000,-127.889312744
19175890000000,-129.139419556
19176240000000,-130.329605103
