
10496200000000,60.6439857483
10496780000000,60.6439857483
10497370000000,59.6026535034
10497960000000,58.4868087769
10498600000000,57.3118133545
10499180000000,55.8780212402
10499760000000,54.5135421753
10500340000000,53.0935401917
10500930000000,51.5415840149
10501480000000,49.9293518066
10502030000000,48.2399139404
10502580000000,46.5286102295
10503120000000,45.0282592773
10503670000000,44.4605674744
10504240000000,44.4608268738
10504810000000,44.3019485474
10505350000000,44.128704071
10505900000000,43.941619873
10506420000000,43.7324752808
10506970000000,43.4184951782
10507520000000,42.8235740662
10508050000000,42.0537376404
10508590000000,41.3016853333
10509140000000,40.3740234375
10509680000000,39.3722229004
10510220000000,38.284702301
10510750000000,36.9535980225
10511260000000,35.3635902405
10511770000000,33.3510551453
10512280000000,30.8387699127
10512800000000,27.4842777252
10513320000000,22.3715305328
10513880000000,15.3411512375
10514410000000,2.33232116699
10514960000000,-3.12487983704
