
19292390000000,57.572013855
19292810000000,57.5717163086
19293210000000,57.2212409973
19293620000000,56.4736976624
19294020000000,55.7158660889
19294440000000,54.9147911072
19294840000000,54.036403656
19295230000000,53.1692314148
19295640000000,52.3145370483
19296070000000,51.3134078979
19296490000000,50.3703651428
19296880000000,49.5284996033
19297260000000,48.8682289124
19297640000000,48.2331428528
19298010000000,41.6715240479
19298380000000,45.7491607666
19298760000000,48.3623657227
19299180000000,48.2951316833
19299560000000,48.1114997864
19299930000000,47.9671516418
19300310000000,47.8053436279
19300680000000,47.5764961243
19301080000000,47.3701591492
19301510000000,47.1118850708
19301880000000,46.7631874084
19302280000000,46.4788780212
19302700000000,46.1405754089
19303110000000,45.7501831055
19303480000000,45.314201355
19303900000000,44.9011917114
19304280000000,44.3595314026
19304660000000,43.8125076294
19305010000000,43.196598053
19305380000000,42.5324440002
19305740000000,41.7807502747
19306110000000,40.9094543457
19306500000000,39.845741272
19306860000000,38.5945320129
19307210000000,37.1651191711
19307590000000,35.4430732727
19307950000000,33.2206382751
19308310000000,30.5465221405
19308660000000,27.1187076569
19309020000000,22.9077224731
19309400000000,16.8837299347
19309760000000,7.9255232811
