
19079970000000,58.4831390381
19080380000000,58.4830970764
19080790000000,58.4830589294
19081200000000,58.2984046936
19081610000000,57.524936676
19082010000000,56.7512702942
19082400000000,55.9426231384
19082780000000,55.0988502502
19083170000000,54.2686042786
19083570000000,53.4055099487
19083980000000,52.4615478516
19084380000000,51.4296073914
19084770000000,50.4036216736
19085150000000,49.3920440674
19085550000000,48.3410606384
19085960000000,47.1906166077
19086340000000,45.9313735962
19086720000000,45.0144424438
19087120000000,44.1590194702
19087500000000,40.5005989075
19087900000000,35.1665420532
19088280000000,38.5586013794
19088660000000,43.0124588013
19089040000000,43.5144004822
19089420000000,43.4996681213
19089790000000,43.472278595
19090170000000,43.445941925
19090600000000,43.4186820984
19090980000000,43.3907432556
19091340000000,43.3628540039
19091710000000,43.3312149048
19092080000000,43.3001022339
19092450000000,43.2625465393
19092820000000,43.2249069214
19093210000000,43.1812973022
19093580000000,43.1335945129
19093940000000,43.081943512
19094340000000,43.0270462036
19094700000000,42.9503059387
19095060000000,43.1127624512
19095420000000,42.8365058899
19095780000000,42.3164253235
19096170000000,41.7109603882
19096540000000,40.9658927917
19096920000000,40.1417121887
19097280000000,39.1196899414
19097650000000,37.8783187866
19098000000000,36.6548347473
19098360000000,35.1351089478
19098710000000,32.5140914917
19099090000000,29.2875518799
19099450000000,24.5612030029
19099820000000,18.3876609802
19100160000000,8.95894241333
19100530000000,-2.71480345726
