
18970360000000,55.4567985535
18970760000000,55.4569816589
18971160000000,56.0696525574
18971560000000,56.669670105
18971960000000,56.029548645
18972370000000,55.3114356995
18972800000000,54.6107978821
18973210000000,53.764503479
18973610000000,52.9540557861
18974000000000,52.1199913025
18974410000000,51.2095336914
18974820000000,50.3891487122
18975210000000,49.3487892151
18975600000000,48.4216880798
18975980000000,47.3957328796
18976410000000,46.3914756775
18976800000000,45.2363395691
18977180000000,44.1060905457
18977570000000,42.9817008972
18977950000000,41.8852729797
18978330000000,40.77709198
18978710000000,39.4650878906
18979100000000,38.1701431274
18979470000000,36.753200531
18979850000000,35.4141960144
18980240000000,33.6105575562
18980630000000,1.99664068222
18981000000000,-41.9970054626
18981370000000,-56.9213180542
18981760000000,-58.419090271
18982130000000,-61.0671005249
18982500000000,-63.4329605103
18982890000000,-72.2137145996
18983270000000,-80.072052002
18983640000000,-78.4407272339
18984020000000,-80.167388916
18984380000000,-81.6908416748
18984750000000,-82.9218292236
18985150000000,-84.2562713623
18985510000000,-85.5498733521
18985870000000,-86.7965621948
18986230000000,-87.9438095093
18986600000000,-89.0593719482
18986960000000,-90.191947937
18987320000000,-91.2311477661
18987680000000,-92.244140625
18988050000000,-93.2116622925
18988420000000,-94.1595077515
18988790000000,-95.1281585693
18989130000000,-96.0117340088
18989490000000,-92.9701004028
18989850000000,-93.6987609863
18990190000000,-94.2113800049
18990550000000,-86.6680145264
18990950000000,-82.1613922119
18991310000000,-83.5848236084
