11044200000000,62.140220
11044800000000,62.1402206421
11045400000000,62.1402397156
11046020000000,62.1402587891
11046620000000,61.3335151672
11047260000000,60.2070617676
11047840000000,58.9029121399
11048440000000,57.7814483643
11049110000000,56.6305503845
11049660000000,55.2117195129
11050240000000,53.9236907959
11050820000000,52.5028343201
11051410000000,50.9856033325
11051980000000,49.4017715454
11052560000000,47.5634346008
11053120000000,45.7066688538
11053690000000,43.6966629028
11054220000000,41.60597229
11054770000000,39.4642982483
11055330000000,37.1922454834
11055880000000,34.6975402832
11056400000000,32.0565719604
11056950000000,29.4732952118
11057500000000,26.9766960144
11058030000000,24.9357566833
11058550000000,23.7998847961
11059080000000,24.172296524
11059600000000,24.1226520538
11060120000000,24.054151535
11060630000000,24.0587482452
11061230000000,23.9601745605
11061760000000,23.0970249176
11062300000000,22.0895347595
11062820000000,20.9192085266
11063350000000,19.4149875641
11063950000000,17.6533927917
11064490000000,14.8873920441
11065040000000,11.6320848465
11065560000000,6.69576406479
11066090000000,-0.0373483747244
11066600000000,-11.3378286362
11067120000000,-22.7120037079
11067660000000,-23.96276474
11068160000000,-23.9513339996
