10948820000000,90.6727
10949430000000,90.6727218628
10950020000000,90.6727142334
10950640000000,90.6727142334
10951270000000,90.6727142334
10951900000000,90.672706604
10952500000000,90.672706604
10953160000000,90.5232849121
10953770000000,90.107421875
10954360000000,90.1167678833
10954990000000,90.080871582
10955580000000,90.1031265259
10956160000000,90.0993270874
10956720000000,90.1140975952
10957290000000,90.093208313
10957840000000,90.1232681274
10958420000000,90.1291809082
10958980000000,90.2126922607
10959560000000,90.2155380249
10960120000000,90.1844100952
10960690000000,90.2204589844
10961240000000,90.1037902832
10961790000000,90.1018295288
10962340000000,65.6106338501
10962890000000,18.7054023743
10963420000000,-6.52311420441
10963970000000,-9.9759979248
10964500000000,-14.2643575668
10965040000000,-18.9558792114
10965560000000,-24.1194190979
10966090000000,-29.1956272125
10966610000000,-35.0930137634
10967120000000,-40.9194107056
10967660000000,-46.8962516785
10968170000000,-53.1023788452
10968700000000,-58.6827163696
10969220000000,-64.4471588135
10969770000000,-69.680229187
10970260000000,-74.6933059692
10970810000000,-78.9706497192
10971350000000,-83.1740722656
10971880000000,-86.9112930298
10972470000000,-90.4485855103
10972980000000,-93.4683456421
10973510000000,-78.6924514771
10974030000000,-63.7051925659
10974580000000,-56.1074409485
