
19224750000000,57.0975761414
19225170000000,56.8489685059
19225580000000,56.2475662231
19225970000000,55.4333305359
19226380000000,54.6770439148
19226780000000,53.8282699585
19227220000000,53.004650116
19227620000000,52.0488700867
19228020000000,51.1323127747
19228430000000,50.2161712646
19228840000000,49.2226753235
19229240000000,48.1433868408
19229640000000,47.1578865051
19230020000000,45.9624099731
19230410000000,44.8781089783
19230810000000,43.7538719177
19231190000000,42.4678649902
19231560000000,41.2647018433
19231960000000,39.9702682495
19232340000000,38.5236778259
19232710000000,37.179473877
19233080000000,35.7831726074
19233470000000,34.2469177246
19233860000000,32.7550430298
19234230000000,31.0109634399
19234590000000,29.3930969238
19234980000000,27.8155860901
19235360000000,25.8827056885
19235710000000,24.115064621
19236070000000,22.3799571991
19236460000000,20.4888820648
19236820000000,18.3478603363
19237180000000,16.4579868317
19237550000000,14.4429216385
19237900000000,12.3924674988
19238250000000,11.227347374
19238600000000,10.5580883026
19238970000000,9.6605348587
19239330000000,8.68745422363
19239680000000,7.82008695602
19240030000000,7.01808404922
19240410000000,6.16449165344
19240790000000,5.40291595459
19241140000000,4.54493761063
19241500000000,3.8243303299
19241840000000,3.06100344658
19242190000000,2.32156300545
19242540000000,1.51023173332
19242900000000,0.718643426895
19243250000000,-0.333743035793
19243600000000,-1.17463684082
19243940000000,-2.48628306389
19244290000000,-4.06915712357
19244660000000,-5.65955114365
19245040000000,-7.67287302017
19245430000000,-10.031952858
19245800000000,-12.6775054932
19246150000000,-15.6698827744
19246500000000,-18.4129047394
19246860000000,-21.48802948
19247250000000,-25.6075229645
