
10562600000000,93.2716522217
10563200000000,93.2378845215
10563800000000,93.2183990479
10564390000000,93.1928863525
10564970000000,93.169303894
10565550000000,92.655166626
10566120000000,91.7297439575
10566690000000,91.467880249
10567230000000,91.282913208
10567840000000,91.2504806519
10568410000000,90.849319458
10568960000000,90.7590408325
10569520000000,90.6397628784
10570060000000,86.8450927734
10570600000000,65.0134429932
10571180000000,-7.60281944275
10571720000000,-36.7439842224
10572280000000,-16.0639705658
10572870000000,-11.5431404114
10573400000000,-15.8323745728
10573930000000,-20.1891613007
10574470000000,-24.6498947144
10575010000000,-29.5352516174
10575550000000,-34.6316795349
10576080000000,-39.7330932617
10576620000000,-45.1554260254
10577150000000,-50.5825767517
10577680000000,-55.8165473938
10578210000000,-60.7553100586
10578740000000,-65.4365310669
10579250000000,-69.7337875366
10579790000000,-72.2676239014
10580300000000,-75.5332946777
10580850000000,-79.0672683716
