
13279760000000,62.6690177917
13280380000000,62.9864883423
13280970000000,61.9646110535
13281570000000,60.9840545654
13282200000000,59.2246742249
13282790000000,57.543636322
13283390000000,54.6565971375
13283970000000,53.4078865051
13284570000000,52.0158500671
13285160000000,50.5646820068
13285760000000,49.0779190063
13286390000000,47.5965576172
13286960000000,45.6243019104
13287520000000,43.8648262024
13288090000000,42.0029945374
13288630000000,39.8961906433
13289180000000,37.9184646606
13289740000000,23.8111839294
13290280000000,-20.4417095184
13290820000000,-37.527469635
13291350000000,-53.3201713562
13291910000000,-62.0759925842
13292430000000,-64.9736709595
13292960000000,-70.088218689
13293500000000,-73.9317779541
13294020000000,-76.2978897095
13294530000000,-78.2152633667
13295060000000,-80.1222610474
13295600000000,-87.2700653076
13296110000000,-98.1231384277
13296660000000,-105.793426514
13297190000000,-107.00202179
13297710000000,-108.256088257
13298220000000,-108.867301941
13298750000000,-103.506973267
13299270000000,-103.945068359
13299790000000,-105.007843018
