
13049040000000,65.5837936401
13049680000000,64.2987823486
13050280000000,63.3334312439
13050940000000,62.3931770325
13051530000000,61.2010269165
13052120000000,60.1122627258
13052700000000,58.8739395142
13053270000000,57.7543182373
13053890000000,56.3786697388
13054440000000,55.0548858643
13055000000000,53.7130012512
13055550000000,52.3221473694
13056120000000,50.8112411499
13056700000000,49.1950111389
13057260000000,47.4156646729
13057790000000,45.5762367249
13058350000000,43.746887207
13058900000000,41.658000946
13059430000000,-4.94851016998
13060010000000,-32.3864898682
13060560000000,-41.1634979248
13061110000000,-46.4237136841
13061640000000,-53.6464385986
13062190000000,-57.8815994263
13062730000000,-60.3836669922
13063280000000,-62.8787879944
13063810000000,-68.6929244995
13064340000000,-76.5852355957
13064860000000,-77.4555130005
13065390000000,-84.4518432617
13065920000000,-84.2141723633
13066440000000,-86.4614334106
13066960000000,-91.0282440186
13067480000000,-93.883605957
13068020000000,-95.6738128662
13068560000000,-96.6979446411
13069090000000,-98.3704910278
13069690000000,-99.3907470703
