
18970360000000,62.1509475708
18970760000000,62.1510047913
18971160000000,61.9502677917
18971560000000,61.3949890137
18971960000000,60.7480278015
18972370000000,60.0787391663
18972800000000,59.3809967041
18973210000000,58.5802345276
18973610000000,57.8168640137
18974000000000,57.0180740356
18974410000000,56.1857681274
18974820000000,55.3578720093
18975210000000,54.3550453186
18975600000000,53.4512557983
18975980000000,52.4559555054
18976410000000,51.4681663513
18976800000000,50.3291053772
18977180000000,49.1881980896
18977570000000,48.059173584
18977950000000,46.8829154968
18978330000000,45.7112541199
18978710000000,44.3572502136
18979100000000,43.0110397339
18979470000000,41.5299530029
18979850000000,40.1433143616
18980240000000,38.6434249878
18980630000000,37.3096885681
18981000000000,36.0975837708
18981370000000,35.1228637695
18981760000000,34.6985092163
18982130000000,34.2218399048
18982500000000,33.7669067383
18982890000000,33.3435592651
18983270000000,33.4579925537
18983640000000,33.1304206848
18984020000000,32.7886009216
18984380000000,32.3982315063
18984750000000,32.0309906006
18985150000000,31.5795459747
18985510000000,31.0777854919
18985870000000,30.5170192719
18986230000000,29.92146492
18986600000000,29.2517547607
18986960000000,28.4476089478
18987320000000,27.5744037628
18987680000000,26.5677165985
18988050000000,25.3953475952
18988420000000,24.014043808
18988790000000,22.2631568909
18989130000000,20.2396221161
18989490000000,18.0244979858
18989850000000,14.8396148682
18990190000000,10.7050151825
18990550000000,6.21283531189
18990950000000,-0.953327775002
18991310000000,-12.3067588806
