
13142690000000,55.4013557434
13143280000000,56.9835395813
13143920000000,55.9715042114
13144550000000,54.8245429993
13145170000000,53.6765823364
13145730000000,52.4467430115
13146340000000,51.3164672852
13146950000000,51.7760810852
13147540000000,49.8837356567
13148100000000,49.9744987488
13148660000000,47.2065582275
13149250000000,46.4364395142
13149800000000,44.6194877625
13150370000000,43.1090927124
13150930000000,41.2624511719
13151490000000,39.4713363647
13152050000000,37.4437484741
13152610000000,35.3517303467
13153150000000,15.7736682892
13153700000000,-52.1398429871
13154250000000,-56.1938552856
13154800000000,-58.7205085754
13155350000000,-61.2128677368
13155870000000,-63.6022949219
13156400000000,-66.2574005127
13156920000000,-70.4259338379
13157450000000,-74.7749710083
13157980000000,-76.7287521362
13158590000000,-78.6617889404
13159110000000,-80.7141265869
13159630000000,-85.0285186768
13160140000000,-98.1152038574
13160670000000,-99.2910385132
13161200000000,-100.61391449
13161710000000,-101.878059387
13162250000000,-103.059333801
13162770000000,-104.217590332
