
19224750000000,87.7856903076
19225170000000,85.6092605591
19225580000000,87.3964996338
19225970000000,88.2453765869
19226380000000,88.2448883057
19226780000000,89.3453063965
19227220000000,88.367729187
19227620000000,89.0037918091
19228020000000,89.299949646
19228430000000,88.5103530884
19228840000000,89.2280502319
19229240000000,88.6444015503
19229640000000,88.5496063232
19230020000000,89.4133071899
19230410000000,88.2975006104
19230810000000,88.6358947754
19231190000000,89.2604827881
19231560000000,88.1985168457
19231960000000,88.564414978
19232340000000,88.9786453247
19232710000000,88.3283691406
19233080000000,88.6547393799
19233470000000,88.8753509521
19233860000000,88.5123214722
19234230000000,89.0442352295
19234590000000,88.8606643677
19234980000000,89.0568618774
19235360000000,89.4237594604
19235710000000,89.1201171875
19236070000000,89.6421661377
19236460000000,90.3285064697
19236820000000,90.3353652954
19237180000000,90.8541793823
19237550000000,91.5987243652
19237900000000,91.8642578125
19238250000000,68.4683685303
19238600000000,27.2327976227
19238970000000,-6.6368021965
19239330000000,-29.2713851929
19239680000000,-40.9570808411
19240030000000,-59.0036239624
19240410000000,-73.6313552856
19240790000000,-90.1862258911
19241140000000,-105.231155396
19241500000000,-117.6693573
19241840000000,-121.684822083
19242190000000,-126.086868286
19242540000000,-131.511703491
19242900000000,-136.133529663
19243250000000,-136.622131348
19243600000000,-135.649658203
19243940000000,-138.413421631
19244290000000,-140.037597656
19244660000000,-141.457077026
19245040000000,-143.289505005
19245430000000,-145.318511963
19245800000000,-155.937576294
19246150000000,-161.745635986
19246500000000,-161.473312378
19246860000000,-161.538192749
19247250000000,-161.763595581
