
13049040000000,91.8247909546
13049680000000,91.7700576782
13050280000000,91.7297821045
13050940000000,91.6918563843
13051530000000,91.6439285278
13052120000000,91.6023178101
13052700000000,91.5557174683
13053270000000,91.5083389282
13053890000000,91.4615707397
13054440000000,91.4042892456
13055000000000,91.3470840454
13055550000000,91.2812194824
13056120000000,91.2117843628
13056700000000,91.1273193359
13057260000000,91.0318450928
13057790000000,90.9265823364
13058350000000,90.8193130493
13058900000000,90.6842651367
13059430000000,49.4155082703
13060010000000,23.0806121826
13060560000000,14.0332984924
13061110000000,8.19058513641
13061640000000,-0.0337074026465
13062190000000,-6.15944290161
13062730000000,-11.2630186081
13063280000000,-16.9077911377
13063810000000,-26.4073638916
13064340000000,-38.7921600342
13064860000000,-43.9124984741
13065390000000,-55.6232910156
13065920000000,-59.7561721802
13066440000000,-66.5212631226
13066960000000,-75.0219268799
13067480000000,-81.2969665527
13068020000000,-86.2426452637
13068560000000,-90.0126266479
13069090000000,-94.0178451538
13069690000000,-96.991317749
