
18970360000000,85.9170227051
18970760000000,85.9171447754
18971160000000,86.7247467041
18971560000000,87.8452453613
18971960000000,87.8234481812
18972370000000,87.7411499023
18972800000000,87.6990585327
18973210000000,87.6031112671
18973610000000,87.502281189
18974000000000,87.4049301147
18974410000000,87.2559585571
18974820000000,87.1860961914
18975210000000,87.0460510254
18975600000000,86.921913147
18975980000000,86.7706451416
18976410000000,86.6245269775
18976800000000,86.4463806152
18977180000000,86.2808761597
18977570000000,86.0973129272
18977950000000,85.9661712646
18978330000000,85.8042068481
18978710000000,85.5659408569
18979100000000,85.3168945312
18979470000000,85.0245742798
18979850000000,84.7127304077
18980240000000,83.9905090332
18980630000000,53.5607719421
18981000000000,10.7506437302
18981370000000,-3.93754386902
18981760000000,-6.3598742485
18982130000000,-10.2439804077
18982500000000,-13.8473148346
18982890000000,-24.2439575195
18983270000000,-34.0353736877
18983640000000,-34.4786682129
18984020000000,-38.4537277222
18984380000000,-42.702205658
18984750000000,-46.3372383118
18985150000000,-50.4274864197
18985510000000,-54.5086021423
18985870000000,-58.5334281921
18986230000000,-62.2687454224
18986600000000,-65.9008712769
18986960000000,-69.5849456787
18987320000000,-72.9232254028
18987680000000,-76.1076812744
18988050000000,-79.1107711792
18988420000000,-81.9548568726
18988790000000,-84.7748336792
18989130000000,-87.2726669312
18989490000000,-85.6049499512
18989850000000,-87.7247772217
18990190000000,-89.4823760986
18990550000000,-82.94190979
18990950000000,-79.5110931396
18991310000000,-82.1360473633
