
13142690000000,63.6227798462
13143280000000,62.9049682617
13143920000000,62.0305480957
13144550000000,61.0367202759
13145170000000,60.013053894
13145730000000,58.9194946289
13146340000000,57.9066047668
13146950000000,56.6377029419
13147540000000,55.3241882324
13148090000000,53.9325942993
13148660000000,52.5866317749
13149250000000,51.0453414917
13149800000000,49.4831314087
13150370000000,47.7096481323
13150930000000,45.8857917786
13151490000000,43.9319801331
13152050000000,41.8519668579
13152610000000,39.6256141663
13153150000000,37.7280273438
13153700000000,36.054485321
13154250000000,35.4664802551
13154800000000,34.7794685364
13155350000000,33.9833030701
13155870000000,33.121257782
13156400000000,32.1823921204
13156920000000,31.1174316406
13157450000000,29.9770469666
13157980000000,28.7584400177
13158590000000,27.2833843231
13159110000000,25.317522049
13159630000000,23.3190898895
13160140000000,21.0675754547
13160670000000,18.6475505829
13161200000000,15.7816228867
13161710000000,11.8391027451
13162250000000,6.83468198776
13162770000000,-0.754064321518
