11044200000000,59.56503677
11044800000000,59.5650367737
11045400000000,59.5650444031
11046020000000,59.5650520325
11046620000000,67.3794631958
11047260000000,66.3469314575
11047840000000,62.739944458
11048440000000,56.7477226257
11049110000000,52.4839439392
11049660000000,50.9536895752
11050240000000,49.6126747131
11050820000000,48.1361541748
11051410000000,46.6235198975
11051980000000,46.8452262878
11052560000000,46.154335022
11053120000000,44.9189491272
11053690000000,42.9233627319
11054220000000,40.9573364258
11054770000000,38.9701423645
11055330000000,36.8672294617
11055880000000,34.5668373108
11056400000000,32.1457977295
11056950000000,29.665851593
11057500000000,7.42124271393
11058030000000,-60.3306007385
11058550000000,-102.189491272
11059080000000,-112.990463257
11059600000000,-114.142974854
11060120000000,-116.087905884
11060630000000,-110.126991272
11061230000000,-98.5865097046
11061760000000,-104.90512085
11062300000000,-104.85533905
11062820000000,-106.268692017
11063350000000,-107.626113892
11063950000000,-108.86088562
11064490000000,-110.203636169
11065040000000,-111.345581055
11065560000000,-112.537826538
11066090000000,-111.301979065
11066600000000,-105.436286926
11067120000000,-98.7340011597
11067660000000,-99.9213638306
11068160000000,-99.9868469238
