11044200000000,89.9178
11044800000000,89.9178314209
11045400000000,89.9178161621
11046020000000,89.9178085327
11046620000000,93.6028442383
11047260000000,93.5024414062
11047840000000,93.4057388306
11048440000000,90.9661560059
11049110000000,87.8096008301
11049660000000,87.6187515259
11050240000000,87.4801559448
11050820000000,87.3146057129
11051410000000,87.1837921143
11051980000000,88.8259963989
11052560000000,89.7630767822
11053120000000,90.1526184082
11053690000000,89.896697998
11054220000000,89.7183990479
11054770000000,89.537727356
11055330000000,89.3221511841
11055880000000,89.0564956665
11056400000000,88.7416610718
11056950000000,88.2664108276
11057500000000,68.0939331055
11058030000000,1.59593892097
11058550000000,-42.5566291809
11059080000000,-58.9014129639
11059600000000,-65.910949707
11060120000000,-73.5387878418
11060630000000,-72.7993927002
11061230000000,-66.380065918
11061760000000,-78.1431808472
11062300000000,-82.671585083
11062820000000,-88.0514373779
11063350000000,-93.036529541
11063950000000,-97.2172393799
11064490000000,-101.572807312
11065040000000,-104.912193298
11065560000000,-108.107147217
11066090000000,-108.429161072
11066600000000,-104.031150818
11067120000000,-98.2153091431
11067660000000,-99.4910736084
11068160000000,-99.5554656982
