
13355100000000,61.2955627441
13355730000000,60.1212997437
13356340000000,59.2365837097
13356920000000,57.9242782593
13357540000000,56.8564224243
13358130000000,55.5619468689
13358690000000,54.1257858276
13359290000000,52.9718284607
13359880000000,51.5141906738
13360480000000,50.0815658569
13361060000000,48.5061950684
13361600000000,46.8441696167
13362160000000,45.3138961792
13362700000000,43.4897041321
13363280000000,41.7985610962
13363860000000,39.60729599
13364420000000,37.5526580811
13364980000000,35.3031044006
13365520000000,33.0602798462
13366060000000,30.644443512
13366590000000,21.8599700928
13367160000000,2.84168314934
13367690000000,-28.4585723877
13368220000000,-51.664642334
13368750000000,-53.6214408875
13369280000000,-61.2033538818
13369820000000,-71.9319610596
13370350000000,-91.3055496216
13370860000000,-99.0277252197
13371400000000,-105.556900024
13371930000000,-112.420478821
13372470000000,-113.805740356
13373000000000,-117.000694275
13373540000000,-125.386383057
13374070000000,-134.472167969
13374610000000,-135.27444458
13375100000000,-135.902557373
13375630000000,-136.560836792
