
10332480000000,4.44170618057
10333280000000,4.44173431396
10334070000000,4.41777563095
10334820000000,4.25221252441
10335540000000,4.12656593323
10336320000000,4.01799535751
10337050000000,3.92811346054
10337720000000,3.87474560738
10338430000000,3.85643649101
10339120000000,3.87150931358
10339790000000,3.91537570953
10340450000000,3.91911125183
10341130000000,3.86365389824
10341770000000,3.73140907288
10342400000000,3.58995294571
10343070000000,3.42440986633
10343710000000,3.10259532928
10344320000000,2.85687565804
10344940000000,2.76808261871
10345600000000,2.67801451683
10346220000000,2.42126989365
10346850000000,2.18868303299
10347500000000,1.88028931618
10348140000000,1.57315552235
10348740000000,1.27171194553
10349390000000,1.03648984432
10350010000000,0.817724049091
10350670000000,0.528322994709
10351300000000,0.32202064991
10351960000000,0.300588607788
10352590000000,0.255363672972
10353230000000,0.255355745554
10353840000000,0.26172170043
10354500000000,0.429562747478
10355140000000,0.744927227497
10355750000000,1.03812491894
10356410000000,1.34377264977
10357060000000,1.67003810406
10357690000000,1.99788796902
10358310000000,2.30628943443
10358960000000,2.62353301048
10359570000000,2.92272186279
10360190000000,3.18093800545
10360810000000,3.49282813072
10361440000000,3.77056622505
10362090000000,4.045814991
10362700000000,4.36255407333
10363310000000,4.60150098801
10363960000000,4.83956575394
10364650000000,5.09860229492
10365270000000,5.33463764191
10365890000000,5.49623012543
10366530000000,5.72234344482
10367150000000,5.8186173439
10367740000000,5.74936103821
10368360000000,5.69538879395
10368990000000,5.65958166122
10369590000000,5.63845157623
10370220000000,5.63339424133
10370830000000,5.66419649124
10371440000000,5.70858860016
10372040000000,5.76265144348
10372670000000,5.6774559021
10373250000000,5.75552415848
10373840000000,5.75942516327
10374480000000,5.82688045502
10375070000000,5.9174156189
10375710000000,6.05091619492
10376300000000,6.07891559601
10376910000000,6.06062412262
10377520000000,6.06032848358
10378140000000,6.07482337952
10378760000000,6.10518836975
10379350000000,6.14158058167
10379930000000,6.20008850098
10380560000000,6.36495065689
10381190000000,6.56667327881
10381790000000,6.7781829834
10382410000000,6.9839963913
10383050000000,7.20334339142
10383620000000,7.43662023544
10384240000000,7.65320158005
10384890000000,7.87466001511
10385540000000,8.14062309265
10386150000000,8.39469146729
10386730000000,8.64566993713
10387340000000,8.87528896332
10387960000000,9.12511253357
10388560000000,9.33264350891
10389150000000,9.55627346039
10389750000000,9.81430149078
10390370000000,10.0749568939
10390970000000,10.3464031219
10391590000000,10.6109266281
10392230000000,10.8774271011
10392860000000,11.163479805
10393460000000,11.4526834488
10394090000000,11.7246208191
10394670000000,12.0148878098
10395300000000,12.2721776962
10395910000000,12.5657587051
10396530000000,12.883936882
10397110000000,13.1767568588
10397700000000,13.4562444687
10398330000000,13.7553682327
10398920000000,14.075387001
10399510000000,14.373963356
10400140000000,14.6632356644
10400760000000,14.9710607529
10401340000000,15.2663850784
10401960000000,15.5663032532
10402550000000,15.880692482
10403160000000,16.1269607544
10403800000000,16.4148216248
10404440000000,16.7037334442
10405050000000,16.9182376862
10405710000000,17.1154727936
10406340000000,17.356760025
10406980000000,17.5962486267
10407590000000,17.8369655609
10408180000000,18.0665798187
10408760000000,18.2700595856
10409350000000,18.4329319
10409950000000,18.4332466125
10410570000000,18.4333000183
10411180000000,18.4333286285
10411810000000,18.4333553314
10412410000000,18.4333724976
