
20672890000000,3.70868444443
20673430000000,3.63131308556
20673940000000,3.54858016968
20674440000000,3.50222277641
20674940000000,3.44539427757
20675450000000,3.40325903893
20675950000000,3.3814842701
20676450000000,3.37435555458
20676930000000,3.3862156868
20677410000000,3.41364598274
20677870000000,3.45444178581
20678340000000,3.51173496246
20678790000000,3.57677602768
20679270000000,3.61250329018
20679710000000,3.60421490669
20680170000000,3.61548829079
20680660000000,3.65647220612
20681100000000,3.64536881447
20681570000000,3.63037848473
20682010000000,3.7148900032
20682440000000,3.61733222008
20682900000000,3.54703521729
20683340000000,3.41256427765
20683800000000,3.3078122139
20684240000000,3.19221544266
20684680000000,3.05601763725
20685100000000,2.93853783607
20685540000000,2.78792905807
20686070000000,2.61426472664
20686490000000,2.41921186447
20686950000000,2.30422496796
20687400000000,2.11163377762
20687870000000,1.92805290222
20688300000000,1.72244215012
20688750000000,1.57070469856
20689190000000,1.44051742554
20689610000000,1.22769284248
20690030000000,1.02487623692
20690480000000,0.820706367493
20690920000000,0.587332248688
20691370000000,0.384541600943
20691810000000,0.231617495418
20692260000000,0.296499669552
20692690000000,0.319317698479
20693120000000,0.320085883141
20693560000000,0.310495018959
20694000000000,0.293237298727
20694440000000,0.232460290194
20694890000000,0.221244245768
20695320000000,0.26227632165
20695760000000,0.405860722065
20696190000000,0.571787834167
20696620000000,0.788335561752
20697080000000,0.981065511703
20697530000000,1.22055327892
20698000000000,1.38740062714
20698430000000,1.61206865311
20698880000000,1.73790514469
20699300000000,1.88989400864
20699750000000,2.01738405228
20700220000000,2.19462370872
20700650000000,2.35765337944
20701100000000,2.53500533104
20701550000000,2.69101262093
20702000000000,2.88734269142
20702440000000,3.0787935257
20702860000000,3.2669506073
20703310000000,3.4490942955
20703730000000,3.65731334686
20704150000000,3.84113669395
20704580000000,4.021504879
20705030000000,4.22239255905
20705480000000,4.41196060181
20705930000000,4.57407474518
20706360000000,4.7401881218
20706800000000,4.86935949326
20707230000000,5.00509357452
20707660000000,5.15589666367
20708080000000,5.30480384827
20708520000000,5.44540452957
20708960000000,5.57748126984
20709370000000,5.69345617294
20709830000000,5.76709413528
20710310000000,5.79065179825
20710750000000,5.74863386154
20711150000000,5.70523071289
20711590000000,5.67648029327
20712010000000,5.64208698273
20712420000000,5.59054040909
20712840000000,5.56359481812
20713260000000,5.53548526764
20713690000000,5.51540374756
20714150000000,5.50554132462
20714560000000,5.50353527069
20714960000000,5.51499605179
20715400000000,5.51630067825
20715860000000,5.51641559601
20716290000000,5.53755092621
20716690000000,5.57529163361
20717150000000,5.55333900452
20717560000000,5.45459413528
20717980000000,5.53932762146
20718420000000,5.50171232224
20718850000000,5.51796579361
20719260000000,5.54437255859
20719670000000,5.58238792419
20720110000000,5.57064771652
20720540000000,5.61738348007
20720950000000,5.66468143463
20721370000000,5.70078516006
20721780000000,5.75952100754
20722190000000,5.80342626572
20722610000000,5.84158849716
20723030000000,5.88178157806
20723440000000,5.9415602684
20723840000000,5.97720813751
20724270000000,6.01706981659
20724690000000,6.06972980499
20725120000000,6.12641429901
20725560000000,6.19217729568
20725980000000,6.26102638245
20726400000000,6.3262219429
20726840000000,6.39796495438
20727260000000,6.5036110878
20727660000000,6.61354589462
20728070000000,6.72313594818
20728510000000,6.84482002258
20728920000000,6.96279287338
20729340000000,7.08695888519
20729790000000,7.22927331924
20730210000000,7.39216756821
20730620000000,7.5489654541
20731020000000,7.70728254318
20731410000000,7.8599524498
20731830000000,8.00636386871
20732220000000,8.17020988464
20732650000000,8.31959152222
20733060000000,8.50262546539
20733480000000,8.66332435608
20733880000000,8.84119796753
20734280000000,8.99635601044
20734700000000,9.1607131958
20735130000000,9.33500003815
20735510000000,9.51078987122
20735940000000,9.67914962769
20736370000000,9.85694408417
20736780000000,10.0357627869
20737180000000,10.2234916687
20737590000000,10.3863191605
20738020000000,10.5584211349
20738500000000,10.7399921417
20738910000000,10.9483089447
20739300000000,11.1312646866
20739730000000,11.2969141006
20740140000000,11.4903926849
20740560000000,11.6766281128
20741000000000,11.8730916977
20741390000000,12.0606327057
20741790000000,12.2308483124
20742190000000,12.4014234543
20742590000000,12.5993766785
20742990000000,12.7706298828
20743430000000,12.9510040283
20743850000000,13.1594991684
20744260000000,13.3453054428
20744700000000,13.4750328064
20745190000000,13.6572780609
20745610000000,13.8445320129
20746030000000,14.0481567383
20746450000000,14.2413988113
20746840000000,14.4523572922
20747280000000,14.631860733
20747730000000,14.8330497742
20748150000000,15.032869339
20748570000000,15.237701416
20748980000000,15.4271411896
20749400000000,15.6011209488
20749850000000,15.7559242249
20750280000000,15.9507761002
20750690000000,16.1142902374
20751100000000,16.3043670654
20751500000000,16.4621505737
20752030000000,16.6192951202
20752440000000,16.8330078125
20752860000000,17.0081615448
20753250000000,17.1780509949
20753690000000,17.3025913239
20754140000000,17.3967113495
20754570000000,17.5607376099
20754980000000,17.7099113464
20755410000000,17.8386058807
20755870000000,18.0000343323
20756300000000,18.1527366638
20756710000000,18.2963962555
20757160000000,18.4214305878
