
12519970000000,4.54752779007
12520720000000,4.5478219986
12521490000000,4.5439748764
12522230000000,4.4633140564
12522940000000,4.35079574585
12523670000000,4.25742864609
12524420000000,4.17170763016
12525140000000,4.00721311569
12525850000000,3.87210297585
12526520000000,3.76219248772
12527210000000,3.68944478035
12527870000000,3.63154125214
12528570000000,3.57803249359
12529240000000,3.56615614891
12529890000000,3.37199020386
12530590000000,3.20644927025
12531250000000,2.95259618759
12531880000000,2.68490767479
12532510000000,2.42683434486
12533190000000,2.16438174248
12533820000000,1.89147806168
12534470000000,1.58808290958
12535080000000,1.29576146603
12535750000000,0.995352685452
12536360000000,0.631088376045
12537010000000,0.370727211237
12537670000000,0.401414722204
12538290000000,0.334136396646
12538950000000,0.267252087593
12539620000000,0.28947275877
12540260000000,0.359373271465
12540900000000,0.67959612608
12541560000000,0.963240385056
12542220000000,1.30147325993
12542820000000,1.61892616749
12543410000000,1.93816232681
12544070000000,2.18242120743
12544710000000,2.474807024
12545410000000,2.78253912926
12546060000000,3.12192583084
12546770000000,3.44455909729
12547410000000,3.75581622124
12548060000000,3.99935555458
12548680000000,4.25488471985
12549340000000,4.5293636322
12549960000000,4.81726884842
12550600000000,5.03113508224
12551200000000,5.26455116272
12551860000000,5.42918872833
12552490000000,5.57559633255
12553120000000,5.56998729706
12553760000000,5.56503343582
12554360000000,5.56368112564
12554980000000,5.57836389542
12555580000000,5.61086034775
12556240000000,5.65651655197
12556870000000,5.72589015961
12557520000000,5.81024980545
12558120000000,5.73272228241
12558750000000,5.82330417633
12559370000000,5.96214675903
12559950000000,6.08177900314
12560550000000,6.0539431572
12561180000000,6.04524707794
12561780000000,5.99131393433
12562400000000,5.92235612869
12563020000000,5.87240123749
12563620000000,5.86601066589
12564220000000,5.89644145966
12564820000000,5.93377971649
12565450000000,5.98607110977
12566050000000,6.07274198532
12566710000000,6.11340045929
12567310000000,6.33876943588
12567920000000,6.55605268478
12568530000000,6.77961063385
12569150000000,7.00912475586
12569770000000,7.25878238678
12570350000000,7.49710893631
12570960000000,7.73540019989
12571560000000,7.97515106201
12572150000000,8.2209072113
12572750000000,8.46851062775
12573350000000,8.72270107269
12573920000000,8.97921943665
12574530000000,9.22132205963
12575120000000,9.49169921875
12575770000000,9.74620342255
12576360000000,10.0301370621
12576950000000,10.2977552414
12577570000000,10.567527771
12578190000000,10.8383865356
12578780000000,11.1290798187
12579370000000,11.3857011795
12579950000000,11.6700372696
12580540000000,11.9374084473
12581160000000,12.2053565979
12581810000000,12.4935407639
12582400000000,12.8011608124
12583010000000,13.0814371109
12583610000000,13.3630990982
12584260000000,13.6379003525
12584870000000,13.9263124466
12585460000000,14.202750206
12586100000000,14.476184845
12586690000000,14.7812337875
12587300000000,15.0591936111
12587940000000,15.3469667435
12588550000000,15.6463823318
12589190000000,15.9433917999
12589820000000,16.2409896851
12590410000000,16.4994411469
12591030000000,16.7438316345
12591670000000,16.9718151093
12592280000000,17.2229766846
12592890000000,17.4618530273
12593500000000,17.7053050995
12594090000000,17.9587059021
12594720000000,18.1973838806
12595340000000,18.3138751984
12595940000000,18.3029689789
