14247690000000,4.21007013321
14248410000000,4.01930093765
14249180000000,3.87294101715
14249940000000,3.7391295433
14250620000000,3.63036036491
14251360000000,3.56526470184
14252030000000,3.52435946465
14252690000000,3.52320480347
14253360000000,3.55132913589
14254060000000,3.60127735138
14254700000000,3.62654280663
14255350000000,3.6489803791
14256060000000,3.69317150116
14256710000000,3.77745938301
14257350000000,3.8718984127
14257960000000,3.66726779938
14258610000000,3.57523941994
14259280000000,3.28807163239
14259900000000,2.96878910065
14260500000000,2.76492285728
14261170000000,2.4562394619
14261800000000,2.12893891335
14262420000000,1.81024551392
14263060000000,1.51622605324
14263720000000,1.20623731613
14264310000000,0.866531550884
14264950000000,0.566621720791
14265620000000,0.261836707592
14266270000000,0.346461564302
14266870000000,0.395619004965
14267510000000,0.506575703621
14268130000000,0.663142621517
14268800000000,0.786651194096
14269460000000,1.05429363251
14270110000000,1.39411950111
14270730000000,1.71804070473
14271360000000,2.0160472393
14272020000000,2.32331156731
14272630000000,2.63417243958
14273290000000,2.92191052437
14273900000000,3.26533460617
14274530000000,3.56068825722
14275170000000,3.87454271317
14275810000000,4.15950059891
14276450000000,4.4832110405
14277110000000,4.6594877243
14277760000000,4.8968834877
14278380000000,5.15474557877
14278980000000,5.29710292816
14279580000000,5.52493619919
14280180000000,5.7362909317
14280770000000,5.80778360367
14281370000000,5.80537843704
14281970000000,5.83510303497
14282590000000,5.80001115799
14283270000000,5.77517557144
14283880000000,5.75647830963
14284550000000,5.75742959976
14285130000000,5.77720451355
14285740000000,5.80854558945
14286370000000,5.85877275467
14287000000000,5.84272098541
14287650000000,5.67001771927
14288240000000,5.6874961853
14288850000000,5.68670558929
14289450000000,5.69821596146
14290070000000,5.7799539566
14290680000000,5.8494887352
14291260000000,5.89802980423
14291910000000,5.95555639267
14292520000000,6.03651285172
14293140000000,6.125477314
14293780000000,6.24103546143
14294400000000,6.37791156769
14294990000000,6.53206300735
14295610000000,6.68195533752
14296190000000,6.84242868423
14296830000000,7.01570701599
14297400000000,7.23684597015
14298010000000,7.44517183304
14298600000000,7.67978096008
14299200000000,7.90704584122
14299910000000,8.13964748383
14300470000000,8.43522357941
14301070000000,8.65773773193
14301650000000,8.91786384583
14302250000000,9.16935443878
14302820000000,9.41703510284
14303390000000,9.69397068024
14303980000000,9.94803524017
14304610000000,10.2219314575
14305190000000,10.4967489243
14305770000000,10.7732448578
14306500000000,11.0324048996
14307120000000,11.3764104843
14307680000000,11.675488472
14308270000000,11.9289236069
14308880000000,12.2113208771
14309470000000,12.4942579269
14310060000000,12.7756671906
14310680000000,13.0144395828
14311270000000,13.3164777756
14311860000000,13.5874929428
14312470000000,13.9105577469
14313100000000,14.1952638626
14313720000000,14.4883956909
14314370000000,14.7903213501
14314990000000,15.1290388107
14315650000000,15.4120397568
14316250000000,15.7009353638
14316880000000,15.9941835403
14317450000000,16.2988147736
14318020000000,16.5678596497
14318640000000,16.8280258179
14319230000000,17.092748642
14319820000000,17.3546676636
14320460000000,17.6029930115
14321030000000,17.8731994629
14321630000000,18.1378765106
