
12983490000000,4.07820987701
12984260000000,4.07819795609
12985030000000,4.07818555832
12985750000000,4.05722141266
12986520000000,3.9315199852
12987300000000,3.81064605713
12987970000000,3.72723960876
12988660000000,3.6808962822
12989340000000,3.66952133179
12990010000000,3.62312483788
12990670000000,3.53160333633
12991300000000,3.47269034386
12991980000000,3.44231295586
12992640000000,3.44107365608
12993280000000,3.47864937782
12993970000000,3.46714186668
12994610000000,3.24354052544
12995260000000,3.04986166954
12995900000000,2.80052947998
12996550000000,2.54459738731
12997190000000,2.27498221397
12997820000000,1.98410964012
12998460000000,1.66998577118
12999100000000,1.3721370697
12999710000000,1.06900346279
13000350000000,0.782100200653
13001030000000,0.473808646202
13001670000000,0.204458341002
13002290000000,0.121288076043
13002930000000,0.0842786282301
13003590000000,0.054473169148
13004260000000,0.285494089127
13004870000000,0.604139208794
13005490000000,0.903504431248
13006110000000,1.19080972672
13006770000000,1.48444771767
13007440000000,1.72607791424
13008080000000,1.9895465374
13008730000000,2.26878094673
13009340000000,2.55894494057
13010010000000,2.84613609314
13010620000000,3.16602182388
13011270000000,3.45198154449
13011910000000,3.75717902184
13012570000000,4.05802536011
13013210000000,4.34697818756
13013850000000,4.66701698303
13014460000000,4.94101285934
13015110000000,5.18887329102
13015750000000,5.47443914413
13016380000000,5.65659713745
13017000000000,5.8292298317
13017650000000,5.96934938431
13018240000000,6.12582111359
13018850000000,6.22537326813
13019450000000,6.14434480667
13020080000000,6.06529664993
13020710000000,5.9982175827
13021290000000,5.94528102875
13021930000000,5.92134475708
13022550000000,5.91522932053
13023190000000,5.97087669373
13023800000000,6.01110839844
13024430000000,6.16599845886
13025080000000,6.21366405487
13025690000000,6.31029510498
13026280000000,6.27812767029
13026920000000,6.22058486938
13027550000000,6.07250976562
13028200000000,5.92472743988
13028800000000,5.78037500381
13029430000000,5.65671110153
13030050000000,5.62195253372
13030680000000,5.6827917099
13031310000000,5.75588417053
13031930000000,5.86275815964
13032540000000,5.99498033524
13033160000000,6.14622974396
13033750000000,6.30374002457
13034390000000,6.47048997879
13035000000000,6.65780591965
13035570000000,6.84187936783
13036180000000,7.03094053268
13036800000000,7.25077295303
13037410000000,7.46573877335
13038020000000,7.70023393631
13038610000000,7.93010377884
13039220000000,8.18012142181
13039830000000,8.46255016327
13040430000000,8.74737358093
13041030000000,9.02376842499
13041650000000,9.3024263382
13042250000000,9.5904302597
13042840000000,9.87131404877
13043430000000,10.1341438293
13044060000000,10.4166288376
13044640000000,10.7194852829
13045260000000,10.9837779999
13045910000000,11.2887887955
13046500000000,11.6029081345
13047110000000,11.8803071976
13047740000000,12.1678886414
13048320000000,12.4741106033
13048940000000,12.7628383636
13049540000000,13.0422487259
13050160000000,13.3402872086
13050750000000,13.6280794144
13051350000000,13.9265956879
13051940000000,14.2215518951
13052560000000,14.488861084
13053150000000,14.7861013412
13053770000000,15.0783653259
13054340000000,15.3878107071
13054930000000,15.6924781799
13055550000000,15.9495029449
13056160000000,16.2499217987
13056780000000,16.5320587158
13057370000000,16.7892017365
13057960000000,17.0661067963
13058550000000,17.3327827454
13059120000000,17.5806560516
13059700000000,17.833732605
13060340000000,18.0821533203
13060940000000,18.3330860138
13061550000000,18.5054531097
13062200000000,18.5045967102
13062820000000,18.5045490265
