
12364620000000,4.28172922134
12365380000000,4.28172588348
12366190000000,4.28172254562
12366910000000,4.23426246643
12367670000000,4.11074972153
12368430000000,3.98617887497
12369140000000,3.80240464211
12369850000000,3.62949800491
12370570000000,3.59653973579
12371250000000,3.59667038918
12371930000000,3.62985229492
12372620000000,3.65595674515
12373260000000,3.54367542267
12373900000000,3.5071144104
12374570000000,3.37257409096
12375270000000,3.28462767601
12375960000000,3.11539340019
12376580000000,2.82369089127
12377240000000,2.52806043625
12377900000000,2.24641871452
12378540000000,1.93495714664
12379230000000,1.62113809586
12379890000000,1.2892203331
12380540000000,0.972852051258
12381180000000,0.693902492523
12381820000000,0.434001624584
12382490000000,0.289551198483
12383100000000,0.225050330162
12383730000000,0.305943071842
12384400000000,0.215909302235
12385020000000,0.180975273252
12385680000000,0.371639460325
12386310000000,0.71776175499
12386970000000,0.99078643322
12387590000000,1.30936980247
12388270000000,1.60987234116
12388940000000,1.94434404373
12389560000000,2.27614855766
12390190000000,2.57380986214
12390840000000,2.87497496605
12391490000000,3.19754099846
12392120000000,3.50038719177
12392770000000,3.80474996567
12393370000000,4.11307907104
12394050000000,4.39943552017
12394730000000,4.71321439743
12395340000000,5.00815248489
12396000000000,5.21040773392
12396660000000,5.48695707321
12397280000000,5.68686485291
12397910000000,5.74947690964
12398510000000,5.79294919968
12399160000000,5.80089378357
12399760000000,5.80035543442
12400360000000,5.78714370728
12400950000000,5.7989897728
12401660000000,5.82363986969
12402280000000,5.87337017059
12402900000000,5.93279790878
12403510000000,6.00515985489
12404120000000,6.10906505585
12404720000000,6.01584386826
12405340000000,6.07933616638
12405980000000,6.04421472549
12406610000000,6.04784679413
12407240000000,6.03198099136
12407850000000,6.03445386887
12408470000000,6.04393768311
12409060000000,6.05375576019
12409670000000,6.06889867783
12410300000000,6.08409261703
12410910000000,6.1077041626
12411500000000,6.14310264587
12412120000000,6.19568681717
12412750000000,6.25614356995
12413370000000,6.35072183609
12414020000000,6.46654462814
12414630000000,6.64257955551
12415220000000,6.82420253754
12415820000000,6.98509407043
12416470000000,7.1919503212
12417070000000,7.46410894394
12417660000000,7.69992160797
12418300000000,7.96954441071
12418890000000,8.2366065979
12419510000000,8.49849414825
12420100000000,8.80058383942
12420780000000,9.08460235596
12421360000000,9.40719032288
12421940000000,9.64789962769
12422530000000,9.92177200317
12423140000000,10.1947021484
12423730000000,10.4875936508
12424330000000,10.7640018463
12424950000000,11.0501079559
12425530000000,11.3468599319
12426120000000,11.6249885559
12426740000000,11.9031057358
12427340000000,12.2114057541
12427910000000,12.5006885529
12428530000000,12.7717924118
12429120000000,13.0715818405
12429750000000,13.3526678085
12430350000000,13.6619195938
12430950000000,13.9368543625
12431570000000,14.2211303711
12432190000000,14.5173740387
12432780000000,14.8242664337
12433410000000,15.1211290359
12434020000000,15.4365959167
12434670000000,15.7267513275
12435280000000,16.0710506439
12435880000000,16.2975101471
12436490000000,16.5704231262
12437080000000,16.7985572815
12437660000000,17.0325698853
12438280000000,17.2522468567
12438900000000,17.5065040588
12439540000000,17.7462615967
12440180000000,18.004026413
12440780000000,18.2637939453
12441440000000,18.5087413788
12442050000000,18.6114597321
12442680000000,18.6114902496
