
20352890000000,4.15725135803
20353410000000,4.09521389008
20353920000000,3.99997735023
20354450000000,3.91759228706
20354950000000,3.83869361877
20355470000000,3.78049087524
20355960000000,3.70591378212
20356430000000,3.66121554375
20356920000000,3.62384581566
20357400000000,3.59817767143
20357870000000,3.58676481247
20358370000000,3.59030723572
20358870000000,3.60718989372
20359310000000,3.64224123955
20359790000000,3.679271698
20360270000000,3.69986653328
20360740000000,3.68624830246
20361180000000,3.61272192001
20361610000000,3.5346391201
20362070000000,3.47767901421
20362530000000,3.47735524178
20362960000000,3.45980095863
20363390000000,3.40638399124
20363870000000,3.30780720711
20364310000000,3.15650653839
20364890000000,2.91506099701
20365400000000,2.85959506035
20365930000000,2.85706210136
20366370000000,2.97927260399
20366810000000,2.93697285652
20367230000000,2.74844050407
20367650000000,2.56471371651
20368080000000,2.36821937561
20368520000000,2.24756336212
20368960000000,2.13101029396
20369420000000,1.94236135483
20369880000000,1.72662854195
20370310000000,1.52650475502
20370760000000,1.31953954697
20371200000000,1.12284076214
20371630000000,0.915080666542
20372070000000,0.691456258297
20372500000000,0.493064910173
20372940000000,0.423689782619
20373400000000,0.434083491564
20373820000000,0.523033022881
20374250000000,0.516827225685
20374720000000,0.477191716433
20375170000000,0.481794685125
20375600000000,0.482122778893
20376030000000,0.394434213638
20376480000000,0.436866462231
20376930000000,0.621672034264
20377390000000,0.832592725754
20377830000000,1.04636836052
20378310000000,1.25476837158
20378740000000,1.46268391609
20379200000000,1.66288805008
20379630000000,1.90772771835
20380080000000,2.14881086349
20380530000000,2.36555600166
20380980000000,2.57909989357
20381420000000,2.72792482376
20381850000000,2.83953595161
20382280000000,2.90703749657
20382700000000,2.98405909538
20383150000000,3.0682053566
20383570000000,3.16690897942
20384000000000,3.27016615868
20384450000000,3.38149642944
20384900000000,3.50464940071
20385360000000,3.70103001595
20385800000000,3.90575408936
20386230000000,4.04753875732
20386680000000,4.13160419464
20387100000000,4.24477005005
20387560000000,4.35455274582
20388040000000,4.55409908295
20388480000000,4.7748131752
20388910000000,4.96781253815
20389340000000,5.02256059647
20389770000000,5.12800359726
20390200000000,5.31429958344
20390640000000,5.48927640915
20391070000000,5.58336114883
20391490000000,5.66943311691
20391950000000,5.71017694473
20392380000000,5.7583322525
20392820000000,5.72399568558
20393250000000,5.7074713707
20393670000000,5.68534612656
20394110000000,5.66840839386
20394520000000,5.62136030197
20394930000000,5.58399009705
20395360000000,5.57547807693
20395790000000,5.57510900497
20396210000000,5.58200454712
20396650000000,5.59716176987
20397050000000,5.61823177338
20397480000000,5.62878704071
20397900000000,5.64431142807
20398310000000,5.66841936111
20398720000000,5.70696496964
20399150000000,5.72417926788
20399570000000,5.71024751663
20400010000000,5.71714830399
20400450000000,5.66956090927
20400870000000,5.60473155975
20401290000000,5.65282535553
20401700000000,5.57208824158
20402110000000,5.5289478302
20402530000000,5.50279378891
20402950000000,5.49557685852
20403430000000,5.49903106689
20403850000000,5.51635503769
20404260000000,5.54065990448
20404690000000,5.57239866257
20405120000000,5.61196517944
20405530000000,5.6481590271
20405940000000,5.6927113533
20406380000000,5.75129318237
20406810000000,5.80456542969
20407250000000,5.85865163803
20407690000000,5.91867256165
20408140000000,5.99454116821
20408560000000,6.06687927246
20408960000000,6.14854860306
20409370000000,6.22369623184
20409780000000,6.30915975571
20410190000000,6.40303421021
20410640000000,6.49756193161
20411070000000,6.59488153458
20411470000000,6.7179942131
20411900000000,6.82079219818
20412370000000,6.95849609375
20412790000000,7.12412977219
20413200000000,7.27202606201
20413620000000,7.42170524597
20414060000000,7.56376266479
20414470000000,7.70933198929
20414890000000,7.87397241592
20415300000000,8.03130149841
20415740000000,8.1850976944
20416170000000,8.35892963409
20416570000000,8.53167819977
20416970000000,8.71582889557
20417390000000,8.87496089935
20417780000000,9.05100917816
20418170000000,9.2133436203
20418580000000,9.38255310059
20418980000000,9.56155967712
20419370000000,9.72658348083
20419780000000,9.89872837067
20420190000000,10.0803728104
20420620000000,10.2458581924
20421030000000,10.4450740814
20421490000000,10.6214189529
20421900000000,10.8397779465
20422350000000,11.0131940842
20422760000000,11.2197675705
20423190000000,11.4021997452
20423620000000,11.5955095291
20424030000000,11.7804784775
20424480000000,11.9571418762
20424910000000,12.1610031128
20425320000000,12.3562860489
20425760000000,12.5261936188
20426180000000,12.7226066589
20426610000000,12.9096012115
20427030000000,13.0975646973
20427480000000,13.2948293686
20427880000000,13.5015029907
20428300000000,13.6819953918
20428760000000,13.87150383
20429170000000,14.066660881
20429600000000,14.2445745468
20430030000000,14.3935079575
20430450000000,14.5248708725
20430850000000,14.7362279892
20431270000000,14.9131813049
20431670000000,15.0813093185
20432080000000,15.2536182404
20432520000000,15.4124011993
20432960000000,15.5937690735
20433380000000,15.7934503555
20433810000000,15.9788150787
20434210000000,16.1779880524
20434630000000,16.371591568
20435050000000,16.5357570648
20435540000000,16.7230014801
20436000000000,16.9468517303
20436420000000,17.1528816223
20436800000000,17.330532074
20437230000000,17.4797954559
20437640000000,17.6378440857
20438050000000,17.7927322388
20438480000000,17.9156951904
20438920000000,18.0641689301
20439340000000,18.2259712219
20439740000000,18.3672981262
20440150000000,18.4882717133
