11406630000000,4.26325893402
11407390000000,4.13652706146
11408130000000,3.99953627586
11408860000000,3.89614534378
11409570000000,3.82491469383
11410300000000,3.78677821159
11410970000000,3.78265619278
11411650000000,3.80972599983
11412300000000,3.86484694481
11412990000000,3.91086173058
11413640000000,3.91083145142
11414270000000,3.8476536274
11414910000000,3.81708979607
11415550000000,3.6411986351
11416210000000,3.53139925003
11416800000000,3.30398273468
11417460000000,3.05210852623
11418150000000,2.80887699127
11418760000000,2.47436594963
11419370000000,2.17964959145
11420040000000,1.86656320095
11420670000000,1.54391372204
11421290000000,1.23007929325
11421970000000,0.922156512737
11422590000000,0.60032004118
11423230000000,0.300548970699
11423890000000,0.248570486903
11424550000000,0.308592766523
11425180000000,0.342901080847
11425790000000,0.431010723114
11426440000000,0.403683066368
11427070000000,0.694308936596
11427740000000,1.03198301792
11428410000000,1.48635017872
11429040000000,1.85443675518
11429680000000,2.13014769554
11430310000000,2.40870809555
11430950000000,2.63426876068
11431620000000,2.91502261162
11432270000000,3.22025489807
11432910000000,3.52869606018
11433550000000,3.80020499229
11434160000000,4.11757183075
11434790000000,4.44929409027
11435400000000,4.65678024292
11436010000000,4.86778497696
11436620000000,5.10926246643
11437240000000,5.30845403671
11437840000000,5.46098423004
11438550000000,5.54417037964
11439150000000,5.58197927475
11439740000000,5.58366680145
11440350000000,5.45464801788
11441000000000,5.34928703308
11441610000000,5.26755237579
11442200000000,5.22835969925
11442810000000,5.26142883301
11443510000000,5.29597139359
11444120000000,5.30715608597
11444750000000,5.29057168961
11445410000000,5.36746358871
11446040000000,5.52007102966
11446670000000,5.65937757492
11447280000000,5.76628303528
11447890000000,5.85938358307
11448550000000,5.85720443726
11449160000000,5.86937236786
11449780000000,5.90606927872
11450370000000,5.99985599518
11451020000000,6.12257003784
11451690000000,6.29230594635
11452300000000,6.46907758713
11452900000000,6.65271997452
11453500000000,6.8582239151
11454080000000,7.05985546112
11454690000000,7.31089639664
11455300000000,7.55271911621
11455880000000,7.79293823242
11456440000000,8.00857639313
11457120000000,8.2277469635
11457730000000,8.50702667236
11458300000000,8.74203300476
11458910000000,8.9804649353
11459510000000,9.24267101288
11460170000000,9.48517894745
11460790000000,9.766456604
11461370000000,10.0419998169
11461940000000,10.2850952148
11462550000000,10.5386667252
11463220000000,10.8029880524
11463810000000,11.1138372421
11464440000000,11.3549346924
11465020000000,11.651597023
11465610000000,11.9228277206
11466170000000,12.1862916946
11466800000000,12.4416036606
11467400000000,12.6884250641
11468010000000,12.967707634
11468650000000,13.1866111755
11469270000000,13.4380121231
11469940000000,13.7113246918
11470570000000,14.0320262909
11471150000000,14.3267822266
11471760000000,14.622013092
11472420000000,14.9368257523
11472990000000,15.2519445419
11473620000000,15.5378742218
11474210000000,15.8438405991
11474810000000,16.1348438263
11475370000000,16.4278526306
11475990000000,16.6339416504
11476590000000,16.8666172028
11477230000000,17.0827255249
11477820000000,17.2949886322
11478420000000,17.5836677551
11479000000000,17.8608016968
11479590000000,18.1297798157
11480190000000,18.3777923584
