11261340000000,4.0070810318
11262080000000,3.89862799644
11262780000000,3.8286190033
11263490000000,3.79298472404
11264160000000,3.78791689873
11264830000000,3.81392669678
11265530000000,3.87016367912
11266180000000,4.00619029999
11266840000000,3.96670675278
11267510000000,3.90831685066
11268160000000,3.87624144554
11268810000000,3.86371946335
11269450000000,3.78717088699
11270120000000,3.60413455963
11270740000000,3.41283488274
11271370000000,3.22195672989
11272000000000,2.98553991318
11272630000000,2.64710259438
11273260000000,2.33903884888
11273880000000,2.03899860382
11274530000000,1.71261048317
11275190000000,1.39124751091
11275830000000,1.07305002213
11276500000000,0.736546218395
11277180000000,0.403875499964
11277810000000,0.403262645006
11278430000000,0.461118608713
11279080000000,0.556700527668
11279730000000,0.72721606493
11280360000000,0.979696512222
11281010000000,1.21674787998
11281650000000,1.5035649538
11282260000000,1.76348149776
11282890000000,2.03267431259
11283510000000,2.32369875908
11284120000000,2.59595155716
11284770000000,2.87996006012
11285370000000,3.20618510246
11286020000000,3.49668860435
11286650000000,3.8061132431
11287290000000,4.07980012894
11287920000000,4.31047105789
11288570000000,4.59601449966
11289230000000,4.83641433716
11289830000000,5.06075429916
11290450000000,5.16353082657
11291090000000,5.21093606949
11291710000000,5.26693248749
11292340000000,5.24172353745
11292940000000,5.21954441071
11293590000000,5.2147269249
11294200000000,5.22660255432
11294830000000,5.25454902649
11295420000000,5.30188846588
11296060000000,5.31115102768
11296660000000,5.33931398392
11297290000000,5.34765100479
11297910000000,5.325984478
11298570000000,5.26536560059
11299200000000,5.30903863907
11299800000000,5.40073013306
11300430000000,5.49984121323
11301070000000,5.61337375641
11301690000000,5.74937582016
11302280000000,5.89458656311
11302850000000,6.04177474976
11303480000000,6.21041107178
11304090000000,6.35252475739
11304710000000,6.51619768143
11305320000000,6.68509435654
11305930000000,6.85835313797
11306530000000,7.03386163712
11307110000000,7.22299575806
11307710000000,7.42651891708
11308300000000,7.62912845612
11308880000000,7.8388967514
11309470000000,8.03194046021
11310100000000,8.25774288177
11310690000000,8.49658966064
11311290000000,8.72170829773
11311870000000,8.96718215942
11312460000000,9.21994972229
11313110000000,9.46379852295
11313730000000,9.72931289673
11314320000000,10.0126466751
11314910000000,10.2645378113
11315490000000,10.5375862122
11316060000000,10.8118638992
11316670000000,11.0698022842
11317260000000,11.3467798233
11317850000000,11.6245040894
11318460000000,11.903968811
11319090000000,12.1836929321
11319700000000,12.4742479324
11320310000000,12.7652959824
11320980000000,13.0419893265
11321560000000,13.3570213318
11322140000000,13.6623315811
11322740000000,13.9336862564
11323370000000,14.228925705
11323980000000,14.5457792282
11324610000000,14.8515024185
11325190000000,15.1588172913
11325780000000,15.4360141754
11326370000000,15.7342252731
11326990000000,16.0107688904
11327610000000,16.3192501068
11328230000000,16.5960273743
11328830000000,16.8567466736
11329480000000,17.1036071777
11330080000000,17.3365802765
11330680000000,17.5677051544
11331280000000,17.8013439178
11331880000000,18.04438591
11332470000000,18.2802944183
