
20199370000000,4.04961681366
20199910000000,3.97285676003
20200450000000,3.87818098068
20200970000000,3.82085132599
20201480000000,3.75212168694
20202040000000,3.72200322151
20202540000000,3.69581103325
20203030000000,3.68703269958
20203560000000,3.69340181351
20204070000000,3.71474599838
20204550000000,3.75280785561
20205010000000,3.80375480652
20205490000000,3.85997200012
20205960000000,3.93930768967
20206420000000,4.00359869003
20206910000000,4.02810573578
20207380000000,4.06111812592
20207830000000,4.11999034882
20208280000000,4.18814754486
20208720000000,4.20301961899
20209170000000,4.13071680069
20209590000000,3.97983574867
20210030000000,3.81302261353
20210490000000,3.66201806068
20210940000000,3.50352406502
20211350000000,3.34842443466
20211820000000,3.22771787643
20212270000000,3.05283403397
20212690000000,2.91648054123
20213150000000,2.77521848679
20213600000000,2.59932899475
20214070000000,2.39590811729
20214510000000,2.18877363205
20214990000000,1.98513638973
20215430000000,1.76241707802
20215890000000,1.58045756817
20216350000000,1.39062440395
20216800000000,1.18483889103
20217240000000,0.971798837185
20217670000000,0.808112442493
20218110000000,0.641923964024
20218590000000,0.602511525154
20219020000000,0.663809895515
20219460000000,0.634266972542
20219880000000,0.608210980892
20220320000000,0.643233120441
20220750000000,0.662467300892
20221200000000,0.59698843956
20221650000000,0.709612071514
20222100000000,0.769518494606
20222580000000,0.956595420837
20223000000000,1.19327783585
20223430000000,1.36915552616
20223870000000,1.52847099304
20224290000000,1.70517218113
20224760000000,1.85914611816
20225230000000,2.06924128532
20225690000000,2.18897247314
20226160000000,2.27396655083
20226620000000,2.34459781647
20227040000000,2.48656630516
20227490000000,2.62317276001
20227940000000,2.80370807648
20228380000000,2.96849155426
20228800000000,3.15702605247
20229250000000,3.34012198448
20229720000000,3.51595711708
20230160000000,3.72239017487
20230600000000,3.87806200981
20231030000000,4.05441999435
20231490000000,4.25900268555
20231920000000,4.4193148613
20232350000000,4.56610250473
20232810000000,4.73900127411
20233250000000,4.91682958603
20233700000000,5.1106543541
20234110000000,5.26337957382
20234540000000,5.38776731491
20234950000000,5.43878936768
20235390000000,5.50308179855
20235800000000,5.59394311905
20236220000000,5.68297767639
20236650000000,5.75480031967
20237080000000,5.7226433754
20237540000000,5.67401790619
20237960000000,5.63285636902
20238370000000,5.60189199448
20238780000000,5.57621860504
20239180000000,5.557554245
20239580000000,5.54642772675
20240010000000,5.54199934006
20240460000000,5.54409313202
20240870000000,5.55596876144
20241370000000,5.5727353096
20241800000000,5.60153102875
20242240000000,5.635430336
20242650000000,5.66237354279
20243070000000,5.65862464905
20243530000000,5.62266254425
20243990000000,5.70815420151
20244410000000,5.67681598663
20244830000000,5.6613945961
20245240000000,5.67837953568
20245670000000,5.66565275192
20246090000000,5.60106229782
20246480000000,5.61617660522
20246930000000,5.6554517746
20247360000000,5.71227693558
20247790000000,5.78086185455
20248250000000,5.82799339294
20248670000000,5.89355325699
20249100000000,5.95789766312
20249500000000,6.04207324982
20249910000000,6.08702802658
20250360000000,6.13254737854
20250810000000,6.18407249451
20251220000000,6.24385452271
20251620000000,6.30738210678
20252050000000,6.38379335403
20252470000000,6.49767494202
20252880000000,6.60509252548
20253300000000,6.72783088684
20253740000000,6.86071443558
20254160000000,6.99097299576
20254570000000,7.13847303391
20254980000000,7.26765060425
20255410000000,7.38353347778
20255840000000,7.51728582382
20256240000000,7.63770008087
20256650000000,7.81232690811
20257080000000,7.96839570999
20257520000000,8.1439409256
20257970000000,8.32956314087
20258370000000,8.52460002899
20258780000000,8.70462417603
20259180000000,8.87650489807
20259620000000,9.04135322571
20260050000000,9.24248981476
20260490000000,9.43571853638
20260880000000,9.6211977005
20261280000000,9.78981590271
20261710000000,9.97699928284
20262110000000,10.1741199493
20262540000000,10.3539562225
20262940000000,10.5435304642
20263360000000,10.7061433792
20263840000000,10.9151659012
20264260000000,11.1341161728
20264690000000,11.3171596527
20265110000000,11.510591507
20265500000000,11.7214670181
20265900000000,11.8875427246
20266350000000,12.0818243027
20266750000000,12.2857809067
20267180000000,12.4623355865
20267570000000,12.6858615875
20267970000000,12.844496727
20268370000000,13.050204277
20268810000000,13.2281713486
20269200000000,13.4345140457
20269630000000,13.6125984192
20270130000000,13.80078125
20270580000000,14.0150794983
20270990000000,14.2126913071
20271420000000,14.3227567673
20271830000000,14.4906158447
20272250000000,14.6777067184
20272680000000,14.8690624237
20273070000000,15.0550603867
20273450000000,15.2375659943
20273850000000,15.402923584
20274270000000,15.5964584351
20274660000000,15.7803382874
20275090000000,15.9562473297
20275500000000,16.1585254669
20275910000000,16.3251419067
20276360000000,16.4941272736
20276770000000,16.6783370972
20277240000000,16.85297966
20277660000000,17.0240726471
20278080000000,17.164106369
20278510000000,17.291437149
20278920000000,17.4341564178
20279350000000,17.5753765106
20279800000000,17.7359466553
20280220000000,17.8867454529
20280640000000,18.0630531311
20281080000000,18.1986503601
20281510000000,18.3599014282
20281910000000,18.4990367889
20282350000000,18.6311569214
