13813060000000,4.06714248657
13813810000000,3.86383223534
13814550000000,3.71055340767
13815310000000,3.58291578293
13816020000000,3.48481726646
13816760000000,3.42739582062
13817460000000,3.40715742111
13818130000000,3.42398142815
13818820000000,3.47405815125
13819510000000,3.56711769104
13820150000000,3.63033032417
13820800000000,3.67507410049
13821480000000,3.61980724335
13822120000000,3.49652266502
13822770000000,3.27571487427
13823460000000,3.06039786339
13824080000000,2.96772861481
13824730000000,2.76365494728
13825360000000,2.43433117867
13825990000000,2.12492823601
13826660000000,1.79599010944
13827280000000,1.45598220825
13827920000000,1.15663921833
13828570000000,0.836767494678
13829210000000,0.516768157482
13829850000000,0.193760082126
13830500000000,0.168060064316
13831150000000,0.234672114253
13831800000000,0.234528139234
13832440000000,0.309733092785
13833080000000,0.224471032619
13833700000000,0.411674052477
13834340000000,0.732814908028
13834980000000,1.03848183155
13835650000000,1.36873745918
13836250000000,1.71738421917
13836860000000,2.00624990463
13837510000000,2.29493355751
13838130000000,2.60688304901
13838760000000,2.90971112251
13839390000000,3.21663427353
13840040000000,3.50765061378
13840670000000,3.79460120201
13841310000000,4.05704975128
13841920000000,4.33826160431
13842560000000,4.59859514236
13843220000000,4.80009031296
13843840000000,4.96387243271
13844490000000,5.07704877853
13845090000000,5.1799530983
13845720000000,5.24781703949
13846330000000,5.24480199814
13846940000000,5.25305986404
13847560000000,5.28122901917
13848160000000,5.32509326935
13848750000000,5.38523435593
13849350000000,5.46124744415
13850000000000,5.51885557175
13850610000000,5.51744127274
13851240000000,5.4848651886
13851870000000,5.54291057587
13852480000000,5.63756799698
13853080000000,5.74713659286
13853660000000,5.88157987595
13854280000000,5.95381546021
13854880000000,5.99836826324
13855460000000,6.05717468262
13856050000000,6.1303896904
13856700000000,6.21010303497
13857310000000,6.365670681
13857900000000,6.50243234634
13858520000000,6.61818122864
13859140000000,6.75928115845
13859750000000,6.94816112518
13860370000000,7.14030361176
13860950000000,7.34641695023
13861540000000,7.55072212219
13862140000000,7.76097297668
13862710000000,7.97714757919
13863320000000,8.19679832458
13863950000000,8.45216464996
13864560000000,8.69538784027
13865160000000,8.95067310333
13865780000000,9.19197750092
13866410000000,9.46194839478
13866980000000,9.72616767883
13867560000000,9.95920372009
13868180000000,10.2165136337
13868760000000,10.5025978088
13869350000000,10.7583646774
13869970000000,11.0288667679
13870560000000,11.3110275269
13871170000000,11.5918531418
13871830000000,11.8489837646
13872410000000,12.157743454
13873020000000,12.4477863312
13873610000000,12.7358732224
13874200000000,13.0268068314
13874800000000,13.2886810303
13875400000000,13.5718297958
13875980000000,13.8709115982
13876610000000,14.1487731934
13877190000000,14.4622879028
13877820000000,14.7329120636
13878420000000,15.016368866
13878990000000,15.284611702
13879590000000,15.536034584
13880200000000,15.8065910339
13880790000000,16.1001186371
13881410000000,16.3641605377
13881970000000,16.6553726196
13882550000000,16.8890075684
13883180000000,17.1552639008
13883800000000,17.4515590668
13884380000000,17.7302951813
13885000000000,17.9644355774
13885600000000,18.2337036133
13886190000000,18.486541748
