13959950000000,4.05888319016
13960690000000,3.86479139328
13961410000000,3.72864699364
13962150000000,3.60684013367
13962850000000,3.5083963871
13963530000000,3.4448158741
13964240000000,3.41893959045
13964910000000,3.42698264122
13965600000000,3.47134113312
13966260000000,3.51919555664
13966930000000,3.53758406639
13967580000000,3.54767012596
13968230000000,3.46324729919
13968850000000,3.27194690704
13969480000000,3.10592722893
13970140000000,2.91374516487
13970800000000,2.63987636566
13971480000000,2.38973879814
13972100000000,2.21547198296
13972700000000,1.92418110371
13973360000000,1.59093391895
13974000000000,1.27689898014
13974660000000,0.956164002419
13975310000000,0.636102318764
13975930000000,0.296202123165
13976550000000,0.107131756842
13977170000000,0.187280967832
13977820000000,0.181538164616
13978430000000,0.241716817021
13979060000000,0.313512772322
13979700000000,0.550266981125
13980370000000,0.848493218422
13980980000000,1.15285980701
13981630000000,1.4545570612
13982260000000,1.7458820343
13982900000000,2.05385184288
13983530000000,2.33666372299
13984170000000,2.627597332
13984800000000,2.92912888527
13985390000000,3.21871852875
13986040000000,3.51504898071
13986700000000,3.84858942032
13987320000000,4.13209342957
13987950000000,4.40829372406
13988580000000,4.68782043457
13989200000000,4.96475744247
13989810000000,5.21769475937
13990450000000,5.4522151947
13991050000000,5.60209465027
13991700000000,5.70415019989
13992320000000,5.83755731583
13992970000000,5.83460044861
13993590000000,5.83203029633
13994230000000,5.77951192856
13994850000000,5.73740530014
13995460000000,5.71344709396
13996060000000,5.71190786362
13996680000000,5.72667694092
13997290000000,5.75933408737
13997910000000,5.80778074265
13998540000000,5.7911362648
13999130000000,5.68766880035
13999770000000,5.66147422791
14000390000000,5.59928655624
14001000000000,5.63556289673
14001610000000,5.75161266327
14002230000000,5.83672475815
14002830000000,5.95345449448
14003460000000,6.01995849609
14004050000000,6.10606575012
14004690000000,6.20284891129
14005300000000,6.32038640976
14005910000000,6.44264936447
14006520000000,6.5768198967
14007160000000,6.72801589966
14007750000000,6.90415143967
14008360000000,7.07911729813
14008960000000,7.28008699417
14009560000000,7.47576856613
14010140000000,7.71876621246
14010780000000,7.93337965012
14011450000000,8.19256782532
14012030000000,8.48083019257
14012620000000,8.72236251831
14013210000000,8.96763515472
14013790000000,9.22421836853
14014410000000,9.4744644165
14014980000000,9.7356710434
14015620000000,9.98140239716
14016190000000,10.273144722
14016820000000,10.5225524902
14017460000000,10.800620079
14018050000000,11.0984764099
14018640000000,11.370221138
14019300000000,11.6433429718
14019900000000,11.9360122681
14020510000000,12.211889267
14021120000000,12.4889030457
14021730000000,12.7764978409
14022310000000,13.0556030273
14022930000000,13.3067674637
14023640000000,13.5820512772
14024240000000,13.9279699326
14024830000000,14.2102832794
14025460000000,14.4772729874
14026060000000,14.7865686417
14026660000000,15.0626192093
14027240000000,15.3506965637
14027890000000,15.6326141357
14028490000000,15.9307146072
14029110000000,16.1973953247
14029710000000,16.4878444672
14030350000000,16.7418251038
14030930000000,17.0166664124
14031490000000,17.2789402008
14032080000000,17.467880249
14032680000000,17.7326774597
14033310000000,17.9901275635
14033940000000,18.2490005493
