
20018450000000,4.50565433502
20019010000000,4.39352560043
20019550000000,4.26554536819
20020080000000,4.15869855881
20020590000000,4.0644159317
20021120000000,3.98632597923
20021600000000,3.91294145584
20022140000000,3.8599717617
20022680000000,3.82628202438
20023180000000,3.78951430321
20023680000000,3.76876878738
20024170000000,3.76456642151
20024650000000,3.774923563
20025100000000,3.79783177376
20025600000000,3.83535146713
20026090000000,3.88447141647
20026550000000,3.92482948303
20026990000000,3.95052599907
20027430000000,3.99263262749
20027870000000,4.01910972595
20028300000000,4.02721309662
20028750000000,4.00021648407
20029210000000,3.92800951004
20029630000000,3.80110001564
20030080000000,3.70841908455
20030550000000,3.62763571739
20031010000000,3.55411434174
20031430000000,3.49574255943
20031900000000,3.38192176819
20032360000000,3.20618772507
20032810000000,2.98601913452
20033230000000,2.84821629524
20033670000000,2.73557043076
20034140000000,2.59536957741
20034590000000,2.37733840942
20035030000000,2.19404792786
20035450000000,1.98912525177
20035880000000,1.80452466011
20036290000000,1.684866786
20036730000000,1.49652540684
20037180000000,1.29487347603
20037610000000,1.07710754871
20038050000000,0.889204919338
20038480000000,0.690575480461
20038930000000,0.663512468338
20039360000000,0.722952663898
20039790000000,0.844755709171
20040250000000,0.890315175056
20040690000000,0.90728276968
20041110000000,0.889698505402
20041570000000,0.893467605114
20042000000000,0.97178208828
20042430000000,0.990561008453
20042880000000,1.05541014671
20043320000000,1.11077284813
20043750000000,1.15755009651
20044180000000,1.2634370327
20044630000000,1.40285170078
20045070000000,1.561226964
20045520000000,1.64670860767
20045970000000,1.78450703621
20046410000000,1.96814739704
20046820000000,2.11752867699
20047250000000,2.27709031105
20047700000000,2.40570616722
20048140000000,2.58536076546
20048560000000,2.78433465958
20049020000000,2.97606348991
20049440000000,3.18746685982
20049890000000,3.38436532021
20050310000000,3.55554771423
20050740000000,3.67880272865
20051150000000,3.83192443848
20051590000000,3.96639204025
20052020000000,4.13535547256
20052450000000,4.2918844223
20052870000000,4.45763206482
20053310000000,4.61241531372
20053740000000,4.79026174545
20054150000000,4.93926954269
20054560000000,5.07055807114
20055000000000,5.19553565979
20055420000000,5.30914735794
20055880000000,5.30211687088
20056280000000,5.26853704453
20056700000000,5.24151659012
20057110000000,5.22368526459
20057540000000,5.21434307098
20057990000000,5.20756340027
20058420000000,5.21568059921
20058880000000,5.24411010742
20059300000000,5.27787351608
20059720000000,5.31626605988
20060150000000,5.36176919937
20060560000000,5.41793870926
20060970000000,5.46087121964
20061390000000,5.48771953583
20061830000000,5.45525932312
20062250000000,5.39134454727
20062660000000,5.43145656586
20063090000000,5.36492013931
20063490000000,5.31705856323
20063900000000,5.26567173004
20064340000000,5.2750916481
20064770000000,5.36468029022
20065190000000,5.43755912781
20065600000000,5.53957462311
20066030000000,5.56465244293
20066490000000,5.57005548477
20066910000000,5.5842165947
20067320000000,5.60504865646
20067730000000,5.63556051254
20068130000000,5.68369913101
20068550000000,5.72274303436
20068960000000,5.78391265869
20069380000000,5.87084341049
20069830000000,5.93170070648
20070240000000,6.0480260849
20070660000000,6.16517066956
20071070000000,6.26880073547
20071490000000,6.3844499588
20071960000000,6.50751066208
20072380000000,6.64093732834
20072800000000,6.78564977646
20073210000000,6.93017864227
20073630000000,7.10270309448
20074050000000,7.27135181427
20074480000000,7.43500137329
20074890000000,7.60482883453
20075320000000,7.77228498459
20075710000000,7.95879554749
20076120000000,8.10369110107
20076530000000,8.26925849915
20076940000000,8.41472053528
20077370000000,8.58885574341
20077760000000,8.73866176605
20078170000000,8.88131999969
20078590000000,9.04660797119
20078990000000,9.20994186401
20079400000000,9.35487937927
20079810000000,9.52040481567
20080210000000,9.66912746429
20080640000000,9.82193660736
20081050000000,9.99531936646
20081450000000,10.1408290863
20081840000000,10.2881336212
20082240000000,10.4569196701
20082680000000,10.6025619507
20083070000000,10.7765979767
20083470000000,10.9171476364
20083860000000,11.067905426
20084270000000,11.2474069595
20084670000000,11.4116744995
20085080000000,11.5736904144
20085520000000,11.7311897278
20085920000000,11.9255189896
20086340000000,12.0816335678
20086760000000,12.2484874725
20087180000000,12.4232959747
20087600000000,12.6102666855
20088020000000,12.7853555679
20088450000000,12.9135246277
20088870000000,13.0958137512
20089270000000,13.2931814194
20089690000000,13.4661626816
20090100000000,13.6129827499
20090520000000,13.7801027298
20090940000000,13.9239702225
20091340000000,14.0590305328
20091740000000,14.2286586761
20092150000000,14.4134407043
20092550000000,14.5902452469
20092960000000,14.7584486008
20093420000000,14.9445362091
20093840000000,15.1665802002
20094240000000,15.3444814682
20094660000000,15.5112686157
20095060000000,15.6973237991
20095490000000,15.8647937775
20095880000000,16.0525588989
20096300000000,16.2389507294
20096710000000,16.3792877197
20097130000000,16.5346775055
20097530000000,16.7068881989
20097930000000,16.8611431122
20098350000000,17.0338077545
20098730000000,17.1976261139
20099150000000,17.3507595062
20099570000000,17.5342693329
20099990000000,17.7104129791
20100430000000,17.8702220917
20100850000000,18.0721378326
20101280000000,18.1497631073
20101710000000,18.1569690704
