14107740000000,4.17546272278
14108450000000,3.98218178749
14109270000000,3.85023903847
14109990000000,3.71479320526
14110720000000,3.62155389786
14111430000000,3.56361794472
14112130000000,3.54131984711
14112800000000,3.55490040779
14113470000000,3.60194468498
14114150000000,3.66336274147
14114760000000,3.69801974297
14115420000000,3.71527147293
14116130000000,3.72554588318
14116780000000,3.64744710922
14117390000000,3.51753926277
14118000000000,3.49119234085
14118660000000,3.44410228729
14119300000000,3.23246097565
14119920000000,2.94386720657
14120550000000,2.61854767799
14121190000000,2.30877041817
14121830000000,1.98331046104
14122470000000,1.67511177063
14123120000000,1.37428212166
14123730000000,1.04095768929
14124360000000,0.743925035
14125020000000,0.442028254271
14125670000000,0.155246168375
14126270000000,0.133509099483
14126920000000,0.239541858435
14127570000000,0.175988227129
14128250000000,0.205541312695
14128870000000,0.361220657825
14129560000000,0.581577658653
14130210000000,0.880119979382
14130840000000,1.17984354496
14131500000000,1.46697998047
14132130000000,1.81035554409
14132730000000,2.12017774582
14133390000000,2.43006682396
14134020000000,2.72680068016
14134690000000,3.01046609879
14135330000000,3.3383743763
14135990000000,3.66730642319
14136640000000,4.01324224472
14137270000000,4.3023223877
14137870000000,4.59513521194
14138500000000,4.87136077881
14139150000000,5.08024644852
14139770000000,5.24357366562
14140400000000,5.37437534332
14141010000000,5.43698310852
14141590000000,5.49753379822
14142180000000,5.48726129532
14142780000000,5.4480843544
14143370000000,5.42473077774
14144040000000,5.43128013611
14144660000000,5.45917701721
14145270000000,5.50441455841
14145890000000,5.56344366074
14146530000000,5.59980773926
14147160000000,5.38208341599
14147750000000,5.44906330109
14148370000000,5.4688706398
14148990000000,5.56943559647
14149600000000,5.65949344635
14150190000000,5.74869585037
14150790000000,5.83186388016
14151440000000,5.91555452347
14152070000000,6.02710008621
14152740000000,6.15453052521
14153350000000,6.29533243179
14153990000000,6.44888067245
14154580000000,6.61251020432
14155170000000,6.77429056168
14155810000000,6.95906591415
14156400000000,7.17951107025
14156960000000,7.39401054382
14157550000000,7.59245347977
14158150000000,7.81775045395
14158760000000,8.03826618195
14159430000000,8.28938770294
14160010000000,8.54509830475
14160560000000,8.78697681427
14161150000000,9.0186252594
14161740000000,9.26090049744
14162340000000,9.50573730469
14162940000000,9.75140666962
14163540000000,10.0138378143
14164130000000,10.2782211304
14164740000000,10.5446176529
14165320000000,10.8080310822
14165950000000,11.0816936493
14166550000000,11.3660478592
14167160000000,11.6423215866
14167750000000,11.9291849136
14168350000000,12.1886177063
14168970000000,12.4367933273
14169560000000,12.7353992462
14170170000000,13.0378065109
14170800000000,13.3132762909
14171420000000,13.6081943512
14172050000000,13.9376115799
14172640000000,14.2236385345
14173230000000,14.5054893494
14173790000000,14.7911806107
14174370000000,15.0330991745
14174960000000,15.3035383224
14175550000000,15.5654640198
14176150000000,15.8407115936
14176740000000,16.1094017029
14177350000000,16.3969917297
14178010000000,16.6743373871
14178630000000,16.9448051453
14179220000000,17.2369613647
14179830000000,17.499458313
14180440000000,17.7711677551
14181030000000,18.0369415283
14181630000000,18.2959957123
