11789370000000,4.35771417618
11790110000000,4.21014642715
11790860000000,4.1279258728
11791560000000,4.02776241302
11792280000000,3.96685123444
11792950000000,3.93581223488
11793620000000,3.93580055237
11794300000000,3.96533703804
11794960000000,4.02100753784
11795630000000,4.05289936066
11796280000000,4.02034521103
11796930000000,4.05019378662
11797570000000,3.97617387772
11798260000000,3.85830569267
11798900000000,3.72400522232
11799540000000,3.59142541885
11800210000000,3.38700342178
11800860000000,3.23149728775
11801470000000,3.01372861862
11802120000000,2.74946594238
11802780000000,2.43931794167
11803420000000,2.16718769073
11804070000000,1.81329965591
11804710000000,1.50578868389
11805330000000,1.20603382587
11805960000000,0.966919541359
11806590000000,0.758705735207
11807270000000,0.489351630211
11807940000000,0.395362943411
11808550000000,0.369680970907
11809200000000,0.377118378878
11809850000000,0.315834164619
11810510000000,0.50928747654
11811160000000,0.850570201874
11811880000000,1.16401362419
11812510000000,1.4944756031
11813150000000,1.80181992054
11813780000000,2.08671069145
11814430000000,2.38329601288
11815070000000,2.68545413017
11815710000000,3.00502252579
11816370000000,3.32089996338
11817030000000,3.55900430679
11817670000000,3.83425450325
11818290000000,4.10253143311
11818930000000,4.37725496292
11819530000000,4.6505074501
11820170000000,4.8933429718
11820770000000,4.98353338242
11821430000000,5.01946306229
11822070000000,5.18295192719
11822680000000,5.19161081314
11823280000000,5.20322561264
11823910000000,5.2336230278
11824510000000,5.2629070282
11825120000000,5.19302558899
11825730000000,5.18446683884
11826400000000,5.18312263489
11826990000000,5.23635339737
11827600000000,5.30264139175
11828210000000,5.35765790939
11828850000000,5.30340433121
11829470000000,5.41114377975
11830080000000,5.54807662964
11830710000000,5.75653982162
11831330000000,5.85608625412
11831930000000,5.9548125267
11832550000000,5.98529338837
11833140000000,5.91788339615
11833750000000,5.95017051697
11834390000000,6.01901578903
11834990000000,6.10618782043
11835600000000,6.19451141357
11836220000000,6.31160306931
11836850000000,6.43598556519
11837480000000,6.6235332489
11838100000000,6.8198800087
11838720000000,7.01288557053
11839330000000,7.21334505081
11839950000000,7.43423652649
11840530000000,7.65482664108
11841150000000,7.86469459534
11841720000000,8.11444377899
11842320000000,8.33944797516
11842940000000,8.59229183197
11843540000000,8.84943580627
11844130000000,9.09994697571
11844740000000,9.33786964417
11845350000000,9.61135864258
11845930000000,9.8707151413
11846510000000,10.1339073181
11847110000000,10.3999814987
11847710000000,10.6802911758
11848330000000,10.9539146423
11848920000000,11.2299041748
11849530000000,11.5068092346
11850120000000,11.7847118378
11850730000000,12.0552654266
11851370000000,12.3525476456
11851940000000,12.6440572739
11852530000000,12.9157886505
11853130000000,13.2160654068
11853740000000,13.4777317047
11854330000000,13.7702770233
11854970000000,14.0614347458
11855580000000,14.3773822784
11856180000000,14.6355419159
11856800000000,14.9210386276
11857440000000,15.2263183594
11858060000000,15.542386055
11858650000000,15.8468103409
11859260000000,16.1187896729
11859860000000,16.423915863
11860510000000,16.682554245
11861130000000,16.9560451508
11861730000000,17.2119235992
11862360000000,17.4341239929
11862940000000,17.6649227142
11863540000000,17.9084300995
11864150000000,18.1494750977
11864750000000,18.3920078278
