11931370000000,4.48243188858
11932130000000,4.3497800827
11932870000000,4.19890403748
11933600000000,4.06313037872
11934310000000,3.96842479706
11935080000000,3.89246630669
11935780000000,3.85317921638
11936430000000,3.85363841057
11937120000000,3.88160777092
11937780000000,3.9419465065
11938440000000,4.01221942902
11939080000000,4.0464682579
11939800000000,4.02439689636
11940450000000,3.9398214817
11941070000000,3.91097640991
11941700000000,4.10514831543
11942380000000,3.95650076866
11943010000000,3.90237379074
11943650000000,3.58841919899
11944270000000,3.26423168182
11944990000000,2.97336602211
11945670000000,2.64370155334
11946340000000,2.45703887939
11946960000000,2.1449277401
11947610000000,1.84855306149
11948240000000,1.54757928848
11948830000000,1.26474809647
11949510000000,1.01609230042
11950160000000,0.712073981762
11950770000000,0.434806197882
11951450000000,0.427459657192
11952080000000,0.421959787607
11952740000000,0.280070900917
11953400000000,0.0699526295066
11954040000000,0.413303285837
11954720000000,0.687087237835
11955340000000,1.04213047028
11956020000000,1.29489552975
11956670000000,1.56701076031
11957290000000,1.80880105495
11957900000000,2.05669093132
11958560000000,2.32869315147
11959210000000,2.58898591995
11959860000000,2.85876393318
11960530000000,3.14144492149
11961170000000,3.45823001862
11961780000000,3.68297576904
11962420000000,3.94028329849
11963050000000,4.25549650192
11963660000000,4.62415981293
11964320000000,4.94279050827
11964930000000,5.23108625412
11965540000000,5.3427491188
11966200000000,5.35369348526
11966810000000,5.29659986496
11967400000000,5.27923059464
11968020000000,5.26048946381
11968680000000,5.20875120163
11969300000000,5.18350028992
11969900000000,5.17712116241
11970520000000,5.18972110748
11971100000000,5.22114849091
11971730000000,5.28056907654
11972360000000,5.40823793411
11972960000000,5.59085226059
11973550000000,5.71935558319
11974170000000,5.69254398346
11974780000000,5.79185581207
11975440000000,6.01416730881
11976060000000,6.13930273056
11976640000000,6.26641130447
11977280000000,6.30915403366
11977890000000,6.28770685196
11978530000000,6.27410316467
11979130000000,6.27536153793
11979770000000,6.28560352325
11980370000000,6.30449199677
11980970000000,6.32953119278
11981560000000,6.36265516281
11982180000000,6.43687200546
11982770000000,6.59159708023
11983370000000,6.74601840973
11984000000000,6.91484355927
11984630000000,7.10136795044
11985230000000,7.31509017944
11985820000000,7.5205373764
11986450000000,7.73234033585
11987040000000,7.9537653923
11987670000000,8.27240943909
11988260000000,8.53226089478
11988860000000,8.78499031067
11989470000000,9.03421592712
11990040000000,9.29992008209
11990630000000,9.54442024231
11991240000000,9.80765914917
11991850000000,10.0728940964
11992460000000,10.3411836624
11993080000000,10.6283311844
11993690000000,10.8998317719
11994310000000,11.1709651947
11994880000000,11.4615716934
11995510000000,11.7094678879
11996090000000,12.0133132935
11996680000000,12.2637701035
11997290000000,12.5502262115
11997910000000,12.8390474319
11998520000000,13.1281652451
11999160000000,13.4071884155
11999810000000,13.7520036697
12000380000000,14.0617609024
12001000000000,14.3405218124
12001610000000,14.6391000748
12002210000000,14.9536933899
12002840000000,15.2328681946
12003450000000,15.4912261963
12004040000000,15.7570791245
12004670000000,16.0289440155
12005280000000,16.32264328
12005890000000,16.6047267914
12006540000000,16.8341236115
12007130000000,17.0297336578
12007730000000,17.2712306976
12008370000000,17.5157012939
12008970000000,17.7781105042
12009560000000,18.0093593597
12010150000000,18.2552871704
12010760000000,18.4690284729
