
12702010000000,4.35968875885
12702790000000,4.35966157913
12703550000000,4.35964155197
12704320000000,4.28734493256
12705060000000,4.16507339478
12705800000000,4.0851225853
12706510000000,4.01403903961
12707210000000,3.95754885674
12707920000000,3.93438434601
12708600000000,3.86974191666
12709270000000,3.80765795708
12709920000000,3.73453831673
12710580000000,3.68300318718
12711240000000,3.62613081932
12711840000000,3.53080892563
12712490000000,3.40135717392
12713140000000,3.1763882637
12713790000000,2.90884208679
12714410000000,2.76355862617
12715090000000,2.50177836418
12715720000000,2.17568039894
12716330000000,1.87036156654
12716980000000,1.57213068008
12717630000000,1.24692153931
12718290000000,0.927637517452
12718930000000,0.580444157124
12719570000000,0.378904491663
12720250000000,0.386693060398
12720880000000,0.402123868465
12721530000000,0.360767483711
12722220000000,0.466991335154
12722860000000,0.73199981451
12723470000000,1.01964330673
12724140000000,1.30166435242
12724760000000,1.63061642647
12725380000000,1.82917428017
12726040000000,2.06012034416
12726700000000,2.35787010193
12727340000000,2.67487931252
12727990000000,2.92106628418
12728640000000,3.10550928116
12729270000000,3.41396331787
12729900000000,3.69679641724
12730510000000,4.00695323944
12731190000000,4.30296802521
12731820000000,4.65049695969
12732440000000,4.91692829132
12733060000000,5.16553068161
12733690000000,5.37556791306
12734280000000,5.41005849838
12734890000000,5.47004795074
12735480000000,5.51547861099
12736090000000,5.57746219635
12736670000000,5.59319639206
12737240000000,5.57861804962
12737870000000,5.60669136047
12738470000000,5.67410039902
12739090000000,5.7526550293
12739720000000,5.84318161011
12740330000000,5.9895067215
12740940000000,5.94887924194
12741540000000,6.07304430008
12742140000000,6.11559247971
12742770000000,6.1475276947
12743390000000,6.16695213318
12744020000000,6.14358043671
12744680000000,6.10624885559
12745280000000,6.08423089981
12745910000000,6.07956171036
12746550000000,6.09070253372
12747150000000,6.10153961182
12747770000000,6.20264577866
12748390000000,6.27903366089
12749020000000,6.35788822174
12749630000000,6.44483280182
12750290000000,6.55080986023
12750880000000,6.70581197739
12751490000000,6.87820529938
12752090000000,7.05237293243
12752710000000,7.21572256088
12753330000000,7.48600673676
12753930000000,7.75894069672
12754540000000,8.05448246002
12755180000000,8.35245609283
12755770000000,8.61735534668
12756340000000,8.86159896851
12756930000000,9.09316635132
12757570000000,9.34350204468
12758170000000,9.61441612244
12758780000000,9.87118530273
12759380000000,10.1299829483
12760000000000,10.4087629318
12760610000000,10.6721982956
12761190000000,10.9375257492
12761800000000,11.2046194077
12762420000000,11.4823322296
12763010000000,11.7619781494
12763610000000,12.0248165131
12764240000000,12.2975883484
12764830000000,12.5899333954
12765440000000,12.8467588425
12766080000000,13.1328639984
12766690000000,13.4313783646
12767290000000,13.7412204742
12767930000000,14.0262651443
12768500000000,14.3439702988
12769120000000,14.6417217255
12769740000000,14.9414110184
12770350000000,15.2607421875
12770940000000,15.5601415634
12771530000000,15.8556642532
12772150000000,16.1075325012
12772780000000,16.4052639008
12773410000000,16.6767063141
12773970000000,16.9906349182
12774580000000,17.2392864227
12775230000000,17.4409236908
12775820000000,17.7033061981
12776430000000,17.9079418182
12777010000000,18.1444301605
12777600000000,18.3534164429
12778220000000,18.5062980652
12778840000000,18.5060005188
12779450000000,18.5060119629
