
12364620000000,8.46571350098
12365380000000,8.46570682526
12366190000000,8.46570014954
12366910000000,8.33963108063
12367670000000,8.03849411011
12368430000000,7.73217010498
12369140000000,7.36084508896
12369850000000,7.01583433151
12370570000000,6.70634794235
12371250000000,6.37475013733
12371930000000,6.07266521454
12372620000000,5.7467880249
12373260000000,5.42765903473
12373900000000,5.13573598862
12374570000000,4.81686496735
12375270000000,4.53957176208
12375960000000,4.25653743744
12376580000000,4.21134328842
12377240000000,4.28045415878
12377900000000,4.42813873291
12378540000000,4.61356544495
12379230000000,4.83995008469
12379890000000,5.0924372673
12380540000000,5.34647893906
12381180000000,5.5860247612
12381820000000,5.84615182877
12382490000000,6.04891777039
12383100000000,6.07109165192
12383730000000,6.1270980835
12384400000000,6.03558540344
12385020000000,5.96032905579
12385680000000,5.75747537613
12386310000000,5.49542856216
12386970000000,5.28204250336
12387590000000,5.00255775452
12388270000000,4.75653219223
12388940000000,4.51795148849
12389560000000,4.36601877213
12390190000000,4.27687454224
12390840000000,4.21704387665
12391490000000,4.17785072327
12392120000000,4.16285848618
12392770000000,4.17167949677
12393370000000,4.21564006805
12394050000000,4.21102285385
12394730000000,4.18952941895
12395340000000,4.13136577606
12396000000000,4.06950378418
12396660000000,3.95571660995
12397280000000,3.78011679649
12397910000000,3.53084754944
12398510000000,3.2589006424
12399160000000,3.01771306992
12399760000000,2.69156622887
12400360000000,2.4561111927
12400950000000,2.17092490196
12401660000000,1.88823628426
12402280000000,1.53811621666
12402900000000,1.25477588177
12403510000000,0.982396960258
12404120000000,0.905835151672
12404720000000,0.8325715065
12405340000000,0.903934121132
12405980000000,0.790509402752
12406610000000,0.918736577034
12407240000000,1.20706307888
12407850000000,1.50236880779
12408470000000,1.7816234827
12409060000000,2.0602478981
12409670000000,2.34020519257
12410300000000,2.63186120987
12410910000000,2.95369505882
12411500000000,3.23804712296
12412120000000,3.54296183586
12412750000000,3.83324170113
12413380000000,4.14883708954
12414020000000,4.45739412308
12414630000000,4.78706216812
12415220000000,5.0768456459
12415820000000,5.32554721832
12416470000000,5.58636474609
12417070000000,5.91227483749
12417660000000,6.18720197678
12418300000000,6.4684252739
12418890000000,6.72128677368
12419510000000,6.97503042221
12420100000000,7.26866817474
12420780000000,7.54545164108
12421360000000,7.86086082458
12421940000000,8.10165596008
12422530000000,8.37674808502
12423140000000,8.65333652496
12423730000000,8.94897174835
12424330000000,9.22786426544
12424950000000,9.5165014267
12425530000000,9.81579303741
12426120000000,10.0962753296
12426740000000,10.3766803741
12427340000000,10.6873559952
12427910000000,10.9788484573
12428530000000,11.2519245148
12429120000000,11.5539388657
12429750000000,11.8370161057
12430350000000,12.1481542587
12430950000000,12.4245939255
12431570000000,12.7066831589
12432190000000,12.9858846664
12432780000000,13.2747783661
12433410000000,13.5409288406
12434020000000,13.8200473785
12434670000000,14.0743331909
12435280000000,14.3666410446
12435880000000,14.5308895111
12436490000000,14.7337646484
12437080000000,14.879360199
12437660000000,15.0338888168
12438280000000,15.1816482544
12438900000000,15.3558635712
12439540000000,15.5230312347
12440180000000,15.7056484222
12440780000000,15.8925933838
12441440000000,16.0714836121
12442050000000,16.1516990662
12442680000000,16.151725769
