
20352890000000,8.43856525421
20353410000000,8.24625873566
20353920000000,8.02370738983
20354450000000,7.81713438034
20354950000000,7.59447574615
20355470000000,7.40506410599
20355960000000,7.1585021019
20356430000000,6.9571018219
20356920000000,6.75321149826
20357400000000,6.54147863388
20357870000000,6.32233524323
20358370000000,6.11244916916
20358870000000,5.91379308701
20359310000000,5.68800449371
20359790000000,5.51360368729
20360270000000,5.32610321045
20360740000000,5.20886659622
20361180000000,5.18794441223
20361610000000,5.07664346695
20362070000000,4.89702939987
20362530000000,4.73912191391
20362960000000,4.56448507309
20363390000000,4.42972755432
20363870000000,4.32159233093
20364310000000,4.28215312958
20364890000000,4.38562679291
20365400000000,4.35491895676
20365930000000,4.34784269333
20366370000000,4.30860280991
20366810000000,4.28957223892
20367230000000,4.27441310883
20367650000000,4.27502441406
20368080000000,4.28598594666
20368520000000,4.27147674561
20368970000000,4.27000427246
20369420000000,4.38258647919
20369880000000,4.55175828934
20370310000000,4.69570922852
20370760000000,4.85603427887
20371200000000,5.01150894165
20371630000000,5.17883396149
20372070000000,5.3622508049
20372500000000,5.52724552155
20372940000000,5.58789491653
20373400000000,5.58434581757
20373820000000,5.56908798218
20374250000000,5.5248541832
20374720000000,5.59767913818
20375170000000,5.61020088196
20375600000000,5.57904052734
20376030000000,5.63000869751
20376480000000,5.58147573471
20376930000000,5.3895277977
20377390000000,5.17437505722
20377830000000,4.97517251968
20378310000000,4.79570245743
20378740000000,4.61266803741
20379200000000,4.43072128296
20379630000000,4.22409725189
20380080000000,4.0435667038
20380530000000,3.90781092644
20380980000000,3.7704410553
20381420000000,3.66581463814
20381850000000,3.63909482956
20382280000000,3.75076270103
20382700000000,3.8643219471
20383150000000,3.97955656052
20383570000000,4.11464309692
20384000000000,4.18957567215
20384450000000,4.19703149796
20384900000000,4.18563890457
20385360000000,4.21578836441
20385800000000,4.26954317093
20386230000000,4.21586799622
20386680000000,4.11350727081
20387100000000,4.00981521606
20387560000000,3.98689055443
20388040000000,3.92873954773
20388480000000,3.86742115021
20388910000000,3.82327413559
20389340000000,3.75421380997
20389770000000,3.69893121719
20390200000000,3.63779234886
20390640000000,3.58440208435
20391070000000,3.51021528244
20391490000000,3.45164275169
20391950000000,3.35121393204
20392380000000,3.24321007729
20392820000000,3.08725214005
20393250000000,2.89649558067
20393670000000,2.70971107483
20394110000000,2.52419519424
20394520000000,2.3386323452
20394930000000,2.15558600426
20395360000000,1.95220398903
20395790000000,1.7581602335
20396210000000,1.55545985699
20396650000000,1.3432520628
20397050000000,1.17205369473
20397480000000,1.13391315937
20397900000000,0.970403015614
20398310000000,0.805311083794
20398720000000,0.64328879118
20399150000000,0.62208622694
20399570000000,0.53651034832
20400010000000,0.469298183918
20400450000000,0.522657990456
20400870000000,0.583291530609
20401290000000,0.639419853687
20401700000000,0.64562523365
20402110000000,0.691506266594
20402530000000,0.703998148441
20402950000000,0.662173628807
20403430000000,0.732975363731
20403850000000,0.91936391592
20404260000000,1.10058057308
20404690000000,1.2884093523
20405120000000,1.47961091995
20405530000000,1.67551124096
20405940000000,1.85180902481
20406380000000,2.03973412514
20406810000000,2.24359035492
20407250000000,2.43889021873
20407690000000,2.6347014904
20408140000000,2.85856580734
20408560000000,3.05473947525
20408960000000,3.26024127007
20409370000000,3.43748474121
20409780000000,3.63008737564
20410190000000,3.82914948463
20410640000000,4.01488828659
20411070000000,4.21462011337
20411470000000,4.40837907791
20411900000000,4.56889200211
20412370000000,4.76344776154
20412790000000,4.9927816391
20413200000000,5.19276857376
20413620000000,5.39193868637
20414060000000,5.57965707779
20414470000000,5.76049757004
20414890000000,5.94324207306
20415300000000,6.12731027603
20415740000000,6.29724693298
20416170000000,6.49041461945
20416570000000,6.68148136139
20416970000000,6.88395166397
20417390000000,7.05853557587
20417780000000,7.25078725815
20418170000000,7.42744159698
20418580000000,7.61115026474
20418980000000,7.8046336174
20419370000000,7.98279857635
20419780000000,8.16813468933
20420190000000,8.3632106781
20420620000000,8.5405292511
20421030000000,8.75337409973
20421490000000,8.94134521484
20421900000000,9.17365837097
20422350000000,9.35743999481
20422760000000,9.57923126221
20423190000000,9.77546310425
20423620000000,9.98283672333
20424030000000,10.1807470322
20424480000000,10.3693723679
20424910000000,10.5866174698
20425320000000,10.7942228317
20425760000000,10.9744739532
20426180000000,11.182507515
20426610000000,11.3802576065
20427030000000,11.5787200928
20427480000000,11.7866334915
20427880000000,12.0041093826
20428300000000,12.1937580109
20428760000000,12.3926057816
20429170000000,12.5974283218
20429600000000,12.7829198837
20430030000000,12.9207487106
20430450000000,13.0472679138
20430850000000,13.2353487015
20431270000000,13.3939323425
20431670000000,13.5396680832
20432080000000,13.6771497726
20432520000000,13.8151693344
20432960000000,13.9671783447
20433380000000,14.1200771332
20433810000000,14.2638540268
20434210000000,14.4136981964
20434630000000,14.5640964508
20435050000000,14.6922388077
20435540000000,14.8395299911
20436000000000,15.0170526505
20436420000000,15.1817417145
20436800000000,15.3246641159
20437230000000,15.4484786987
20437640000000,15.5757865906
20438050000000,15.6844892502
20438480000000,15.7857179642
20438920000000,15.8847990036
20439340000000,15.9894199371
20439740000000,16.085641861
20440150000000,16.1599311829
