
20199370000000,8.64178848267
20199910000000,8.48774337769
20200450000000,8.25656223297
20200970000000,8.07499027252
20201480000000,7.8475894928
20202040000000,7.66102981567
20202540000000,7.45017576218
20203030000000,7.24861383438
20203560000000,7.06468725204
20204070000000,6.87586927414
20204550000000,6.68267011642
20205010000000,6.50075864792
20205490000000,6.34283065796
20205960000000,6.20851278305
20206420000000,6.09196615219
20206910000000,5.89951276779
20207380000000,5.68634843826
20207830000000,5.54168081284
20208280000000,5.41485023499
20208720000000,5.25517511368
20209170000000,5.06967782974
20209590000000,4.92517518997
20210030000000,4.77464675903
20210490000000,4.64365530014
20210940000000,4.50615310669
20211350000000,4.37457275391
20211820000000,4.31278467178
20212270000000,4.24757862091
20212690000000,4.17150878906
20213150000000,4.13375043869
20213600000000,4.19308567047
20214070000000,4.25905227661
20214510000000,4.34538078308
20214990000000,4.44500732422
20215430000000,4.58240604401
20215890000000,4.67496442795
20216350000000,4.80759143829
20216800000000,5.00602245331
20217240000000,5.21094274521
20217670000000,5.40467405319
20218110000000,5.57456159592
20218590000000,5.64699792862
20219020000000,5.66704797745
20219460000000,5.59146738052
20219880000000,5.67015600204
20220320000000,5.62302350998
20220750000000,5.59924983978
20221200000000,5.64718866348
20221650000000,5.62310504913
20222100000000,5.57532596588
20222580000000,5.43764543533
20223000000000,5.24208068848
20223430000000,5.13842630386
20223870000000,5.01887845993
20224290000000,4.8223285675
20224760000000,4.65985918045
20225230000000,4.44539451599
20225690000000,4.3440117836
20226160000000,4.29263448715
20226620000000,4.19287490845
20227040000000,4.20499134064
20227490000000,4.22260332108
20227940000000,4.25872850418
20228380000000,4.29973840714
20228800000000,4.35560750961
20229250000000,4.41516256332
20229720000000,4.4840965271
20230160000000,4.56745529175
20230600000000,4.64550256729
20231030000000,4.64774942398
20231490000000,4.59866189957
20231920000000,4.54755449295
20232350000000,4.55934810638
20232810000000,4.47875595093
20233250000000,4.40575027466
20233700000000,4.33083868027
20234110000000,4.30432987213
20234540000000,4.26127099991
20234950000000,4.1082444191
20235390000000,3.98580265045
20235800000000,3.87085175514
20236220000000,3.78246212006
20236650000000,3.66994762421
20237080000000,3.47948431969
20237540000000,3.27018666267
20237960000000,3.06088638306
20238370000000,2.87058544159
20238780000000,2.67059063911
20239180000000,2.46963977814
20239580000000,2.27690958977
20240010000000,2.09430837631
20240460000000,1.89514183998
20240870000000,1.65704417229
20241370000000,1.46660625935
20241800000000,1.23807513714
20242240000000,1.03027927876
20242650000000,0.878327965736
20243070000000,0.873421013355
20243530000000,0.890381634235
20243990000000,0.855294942856
20244410000000,0.825919628143
20244830000000,0.833217561245
20245240000000,0.905522823334
20245670000000,0.826755821705
20246090000000,0.920023918152
20246480000000,1.09532558918
20246930000000,1.27063846588
20247360000000,1.48503446579
20247790000000,1.71035420895
20248250000000,1.89872825146
20248670000000,2.12914228439
20249100000000,2.33146691322
20249500000000,2.50064730644
20249910000000,2.68079781532
20250360000000,2.87950944901
20250810000000,3.07267975807
20251220000000,3.27819943428
20251620000000,3.44866418839
20252050000000,3.63946390152
20252470000000,3.84279704094
20252880000000,4.02747583389
20253300000000,4.23179388046
20253740000000,4.44585227966
20254160000000,4.64953756332
20254570000000,4.87369394302
20254980000000,5.06592559814
20255410000000,5.22966623306
20255840000000,5.41639900208
20256240000000,5.58911323547
20256650000000,5.79514360428
20257080000000,5.97616767883
20257520000000,6.17814493179
20257970000000,6.39031982422
20258370000000,6.61167907715
20258780000000,6.81497001648
20259180000000,7.00822067261
20259620000000,7.19265413284
20260050000000,7.41663122177
20260490000000,7.63078641891
20260880000000,7.83545875549
20261280000000,8.02080821991
20261710000000,8.22582054138
20262110000000,8.44093608856
20262540000000,8.63653564453
20262940000000,8.84207820892
20263360000000,9.01789665222
20263840000000,9.24328231812
20264260000000,9.47865390778
20264690000000,9.67489242554
20265110000000,9.88195514679
20265500000000,10.1071138382
20265900000000,10.2840118408
20266350000000,10.490568161
20266750000000,10.7069616318
20267180000000,10.8939304352
20267570000000,11.130194664
20267970000000,11.2975797653
20268370000000,11.5143003464
20268810000000,11.701499939
20269200000000,11.9182004929
20269630000000,12.105017662
20270130000000,12.2992687225
20270580000000,12.5156898499
20270990000000,12.7051916122
20271420000000,12.8291273117
20271830000000,12.9966001511
20272250000000,13.1479873657
20272680000000,13.2988367081
20273070000000,13.4462738037
20273450000000,13.5914945602
20273850000000,13.7238483429
20274270000000,13.8797931671
20274660000000,14.0288877487
20275090000000,14.1723546982
20275500000000,14.3364038467
20275910000000,14.4733533859
20276360000000,14.6137256622
20276770000000,14.7648162842
20277240000000,14.9068546295
20277660000000,15.0538921356
20278080000000,15.1597089767
20278510000000,15.2504358292
20278920000000,15.3555145264
20279350000000,15.4624938965
20279800000000,15.5743322372
20280220000000,15.6812696457
20280640000000,15.8072156906
20281080000000,15.8993349075
20281510000000,16.0108356476
20281910000000,16.1080703735
20282350000000,16.2004966736
