
20018450000000,9.30556106567
20019010000000,9.11198139191
20019550000000,8.87358474731
20020080000000,8.65365982056
20020590000000,8.43544387817
20021120000000,8.21962165833
20021600000000,8.01683425903
20022140000000,7.8190984726
20022680000000,7.62962007523
20023180000000,7.41483831406
20023680000000,7.20093536377
20024170000000,6.99762582779
20024650000000,6.80459833145
20025100000000,6.62283039093
20025600000000,6.43477535248
20026090000000,6.26227617264
20026550000000,6.10152435303
20026990000000,5.94125938416
20027430000000,5.81553888321
20027870000000,5.65125179291
20028300000000,5.48508787155
20028750000000,5.33806657791
20029210000000,5.21088647842
20029630000000,5.02415513992
20030080000000,4.83410453796
20030550000000,4.68977594376
20031010000000,4.61675167084
20031430000000,4.55594205856
20031900000000,4.45937108994
20032360000000,4.38743638992
20032810000000,4.3463101387
20033230000000,4.29530191422
20033670000000,4.2461681366
20034140000000,4.2427148819
20034590000000,4.39606666565
20035030000000,4.53082942963
20035450000000,4.66570901871
20035880000000,4.78678417206
20036290000000,4.87226295471
20036730000000,5.00215339661
20037180000000,5.14574718475
20037610000000,5.30688905716
20038050000000,5.45189237595
20038480000000,5.61568260193
20038930000000,5.65461158752
20039360000000,5.65579891205
20039790000000,5.68044090271
20040250000000,5.68661642075
20040690000000,5.63604974747
20041110000000,5.63305473328
20041570000000,5.62987136841
20042000000000,5.59189796448
20042430000000,5.60734176636
20042880000000,5.56757974625
20043320000000,5.63470983505
20043750000000,5.43798208237
20044180000000,5.24410820007
20044630000000,5.03052425385
20045070000000,4.81281995773
20045520000000,4.65552186966
20045970000000,4.50290489197
20046410000000,4.36716175079
20046820000000,4.33698892593
20047250000000,4.32711172104
20047700000000,4.27451324463
20048140000000,4.24023675919
20048560000000,4.21749448776
20049020000000,4.20552968979
20049450000000,4.20362186432
20049890000000,4.2113237381
20050310000000,4.21364784241
20050740000000,4.25593852997
20051150000000,4.29885053635
20051590000000,4.3093791008
20052020000000,4.21079826355
20052450000000,4.08457183838
20052870000000,3.96038460732
20053310000000,3.84718298912
20053740000000,3.73318982124
20054150000000,3.65175151825
20054560000000,3.62446427345
20055000000000,3.56169366837
20055420000000,3.47116613388
20055880000000,3.29784607887
20056280000000,3.1027507782
20056700000000,2.8923265934
20057110000000,2.69204878807
20057540000000,2.51123857498
20057990000000,2.28807735443
20058420000000,2.0947124958
20058880000000,1.90039825439
20059300000000,1.68430161476
20059720000000,1.49268913269
20060150000000,1.29842221737
20060560000000,1.091624856
20060970000000,0.97127366066
20061390000000,0.944068312645
20061830000000,0.945291936398
20062250000000,0.977923452854
20062660000000,1.02818655968
20063090000000,1.00952875614
20063490000000,1.05831778049
20063900000000,1.11226320267
20064340000000,1.12110757828
20064770000000,1.25456774235
20065190000000,1.41488564014
20065600000000,1.47923314571
20066030000000,1.6345282793
20066490000000,1.83148539066
20066910000000,2.04817008972
20067320000000,2.25582551956
20067730000000,2.4289867878
20068130000000,2.61843371391
20068550000000,2.78403782845
20068960000000,2.96803641319
20069380000000,3.15170168877
20069830000000,3.3055267334
20070240000000,3.50651812553
20070660000000,3.70209169388
20071070000000,3.87041187286
20071490000000,4.05375576019
20071960000000,4.23108816147
20072380000000,4.41326379776
20072800000000,4.60824489594
20073210000000,4.7516450882
20073630000000,4.93493795395
20074050000000,5.11331415176
20074480000000,5.28538942337
20074890000000,5.47046232224
20075320000000,5.65385961533
20075710000000,5.85704755783
20076120000000,6.02129459381
20076530000000,6.19958400726
20076940000000,6.37025547028
20077370000000,6.57096290588
20077760000000,6.74424171448
20078170000000,6.90771865845
20078590000000,7.09761381149
20078990000000,7.28527116776
20079400000000,7.44933223724
20079810000000,7.63977241516
20080210000000,7.80945062637
20080640000000,7.98442459106
20081050000000,8.18625068665
20081450000000,8.35329723358
20081840000000,8.52408599854
20082240000000,8.72484970093
20082680000000,8.89363193512
20083070000000,9.09990501404
20083470000000,9.26720809937
20083860000000,9.44400501251
20084270000000,9.65388870239
20084670000000,9.84484672546
20085080000000,10.0312833786
20085520000000,10.2121763229
20085910000000,10.4335851669
20086340000000,10.6106071472
20086760000000,10.7995662689
20087180000000,10.9953308105
20087600000000,11.2041311264
20088020000000,11.3956298828
20088450000000,11.5415525436
20088870000000,11.7270975113
20089270000000,11.9159822464
20089690000000,12.0803489685
20090100000000,12.21073246
20090520000000,12.3659305573
20090940000000,12.5007600784
20091340000000,12.6366386414
20091740000000,12.7658634186
20092150000000,12.9056720734
20092550000000,13.0406560898
20092960000000,13.1700868607
20093420000000,13.3143987656
20093840000000,13.488038063
20094240000000,13.6282672882
20094660000000,13.7606477737
20095060000000,13.900724411
20095490000000,14.0298500061
20095880000000,14.1775560379
20096300000000,14.3258428574
20096710000000,14.4242010117
20097130000000,14.5334920883
20097530000000,14.6607875824
20097930000000,14.7742376328
20098350000000,14.9022684097
20098730000000,15.0249147415
20099150000000,15.1402053833
20099570000000,15.2794761658
20099990000000,15.4142217636
20100430000000,15.5373601913
20100850000000,15.69414711
20101280000000,15.754776001
20101710000000,15.7602205276
