11548040000000,8.16351509094
11548770000000,7.84505176544
11549470000000,7.52366065979
11550160000000,7.20523405075
11550850000000,6.89839553833
11551510000000,6.58600711823
11552240000000,6.29543399811
11552910000000,5.91272592545
11553560000000,5.61508131027
11554200000000,5.35300350189
11554820000000,5.08465719223
11555460000000,4.7818813324
11556110000000,4.52730607986
11556750000000,4.321413517
11557350000000,4.18232345581
11557980000000,4.16966056824
11558630000000,4.17889070511
11559230000000,4.25434923172
11559860000000,4.47767114639
11560480000000,4.72544765472
11561150000000,5.00515174866
11561760000000,5.26382112503
11562390000000,5.51279449463
11563020000000,5.74937152863
11563670000000,5.94292736053
11564310000000,5.98658943176
11564950000000,5.99507522583
11565590000000,5.91114234924
11566260000000,5.66420602798
11566880000000,5.34853029251
11567520000000,5.06745529175
11568120000000,4.77771663666
11568720000000,4.52274131775
11569340000000,4.33574390411
11569980000000,4.2091794014
11570600000000,4.16419363022
11571250000000,4.16854286194
11571850000000,4.20245742798
11572530000000,4.1987118721
11573130000000,4.19603204727
11573760000000,4.18940973282
11574370000000,4.19421339035
11575040000000,4.17180395126
11575630000000,3.96133804321
11576240000000,3.80264115334
11576880000000,3.64434027672
11577500000000,3.33609318733
11578100000000,3.06826353073
11578690000000,2.79792976379
11579290000000,2.54107165337
11579930000000,2.2468047142
11580550000000,1.9567142725
11581160000000,1.691188097
11581750000000,1.40450251102
11582440000000,1.16743636131
11583030000000,0.867633998394
11583610000000,0.603629350662
11584250000000,0.349530786276
11584870000000,0.195140838623
11585490000000,0.357781231403
11586120000000,0.655884742737
11586760000000,0.998626112938
11587400000000,1.34538257122
11588020000000,1.64959776402
11588630000000,1.94992995262
11589290000000,2.24975609779
11589890000000,2.58918070793
11590510000000,2.87915110588
11591130000000,3.18808889389
11591790000000,3.48474812508
11592400000000,3.77126574516
11592990000000,4.07271623611
11593600000000,4.35381793976
11594250000000,4.65684604645
11594900000000,4.96964883804
11595510000000,5.28324127197
11596120000000,5.5883898735
11596720000000,5.89401340485
11597390000000,6.19032478333
11598010000000,6.50609350204
11598630000000,6.81167173386
11599200000000,7.11880683899
11599800000000,7.41529035568
11600380000000,7.71198987961
11600980000000,7.97508811951
11601570000000,8.27730083466
11602190000000,8.5617609024
11602780000000,8.85667037964
11603400000000,9.1623468399
11604010000000,9.44848632812
11604580000000,9.76450443268
11605210000000,10.0411472321
11605800000000,10.3475894928
11606380000000,10.6444940567
11607000000000,10.9380474091
11607610000000,11.2372531891
11608220000000,11.5106401443
11608810000000,11.7973022461
11609400000000,12.0573749542
11610010000000,12.3237295151
11610660000000,12.565451622
11611260000000,12.8320541382
11611840000000,13.0829782486
11612440000000,13.3354473114
11613070000000,13.5906143188
11613670000000,13.8562240601
11614290000000,14.1060285568
11614880000000,14.3419322968
11615460000000,14.5819711685
11616110000000,14.7786149979
11616710000000,14.9602527618
11617310000000,15.1225309372
11617920000000,15.2884073257
11618510000000,15.4582271576
11619130000000,15.6199216843
11619760000000,15.8153133392
