11261340000000,8.06953048706
11262080000000,7.72554683685
11262780000000,7.40276002884
11263490000000,7.10642910004
11264160000000,6.80561161041
11264830000000,6.51811695099
11265530000000,6.23471546173
11266180000000,6.04802942276
11266840000000,5.75777292252
11267510000000,5.43940639496
11268160000000,5.09527587891
11268810000000,4.81550788879
11269450000000,4.56398391724
11270120000000,4.33424663544
11270740000000,4.14647388458
11271370000000,4.12981128693
11272000000000,4.11224889755
11272630000000,4.17033147812
11273260000000,4.27003288269
11273880000000,4.43911552429
11274530000000,4.64483833313
11275190000000,4.86027002335
11275830000000,5.08421802521
11276500000000,5.36168956757
11277180000000,5.64858913422
11277810000000,5.8277888298
11278430000000,5.72964668274
11279080000000,5.69645690918
11279730000000,5.66403484344
11280360000000,5.41139602661
11281010000000,5.13895750046
11281650000000,4.8390545845
11282260000000,4.54006433487
11282890000000,4.33243370056
11283510000000,4.23790788651
11284120000000,4.1760725975
11284770000000,4.12919425964
11285370000000,4.10140943527
11286020000000,4.1000957489
11286650000000,4.12303066254
11287290000000,4.18301343918
11287920000000,4.23777198792
11288570000000,4.18462467194
11289230000000,4.00172758102
11289830000000,3.90379929543
11290450000000,3.66138243675
11291090000000,3.37940049171
11291710000000,3.10518479347
11292340000000,2.80154800415
11292940000000,2.48455739021
11293590000000,2.2043170929
11294200000000,1.88235795498
11294830000000,1.56784570217
11295420000000,1.26912581921
11296060000000,1.0372658968
11296660000000,0.88761973381
11297290000000,0.773774206638
11297910000000,0.806496560574
11298580000000,0.851432323456
11299200000000,1.05773603916
11299800000000,1.30903577805
11300430000000,1.56261396408
11301070000000,1.83058488369
11301690000000,2.12628388405
11302280000000,2.41845631599
11302850000000,2.69563150406
11303480000000,2.97372055054
11304090000000,3.27076506615
11304710000000,3.5886862278
11305320000000,3.89614391327
11305930000000,4.19471168518
11306530000000,4.48327493668
11307110000000,4.78148889542
11307710000000,5.09071207047
11308300000000,5.38844919205
11308880000000,5.68769979477
11309470000000,5.95627212524
11310100000000,6.26418447495
11310690000000,6.58355236053
11311290000000,6.86546897888
11311870000000,7.15671300888
11312460000000,7.4540309906
11313110000000,7.73756170273
11313730000000,8.04311466217
11314320000000,8.35432815552
11314910000000,8.62798213959
11315490000000,8.92317581177
11316060000000,9.21837425232
11316670000000,9.49499130249
11317260000000,9.79102230072
11317850000000,10.0868721008
11318460000000,10.3836021423
11319090000000,10.6797924042
11319700000000,10.9865722656
11320310000000,11.2930717468
11320980000000,11.5854120255
11321560000000,11.8834285736
11322140000000,12.1795520782
11322740000000,12.4334259033
11323370000000,12.6826992035
11323980000000,12.9517402649
11324610000000,13.2135066986
11325190000000,13.4784946442
11325780000000,13.719080925
11326370000000,13.9795999527
11326990000000,14.2202320099
11327610000000,14.4822950363
11328230000000,14.7137289047
11328830000000,14.906504631
11329480000000,15.0886192322
11330080000000,15.2360658646
11330680000000,15.3905057907
11331280000000,15.5494794846
11331880000000,15.7177886963
11332470000000,15.8863611221
