
12702010000000,8.46039485931
12702790000000,8.46035289764
12703550000000,8.46032238007
12704320000000,8.29947566986
12705060000000,7.96688747406
12705800000000,7.66360235214
12706510000000,7.35517454147
12707210000000,7.02605247498
12707920000000,6.73667478561
12708600000000,6.39624500275
12709270000000,6.07863712311
12709920000000,5.77704715729
12710580000000,5.48233509064
12711240000000,5.16839933395
12711840000000,4.89120531082
12712490000000,4.65725469589
12713140000000,4.46458721161
12713790000000,4.43775463104
12714410000000,4.40687513351
12715090000000,4.44136667252
12715720000000,4.54561042786
12716330000000,4.67910242081
12716980000000,4.86601066589
12717630000000,5.06814813614
12718290000000,5.26580619812
12718930000000,5.48374795914
12719570000000,5.57554769516
12720250000000,5.54377841949
12720880000000,5.5392203331
12721530000000,5.605717659
12722220000000,5.46224975586
12722860000000,5.22148752213
12723470000000,5.01240873337
12724140000000,4.82605886459
12724760000000,4.62732696533
12725380000000,4.53241825104
12726040000000,4.44130516052
12726700000000,4.39833259583
12727340000000,4.3673620224
12727990000000,4.34026956558
12728640000000,4.31089401245
12729270000000,4.23503065109
12729900000000,4.11290216446
12730510000000,4.01580286026
12731190000000,3.9516723156
12731820000000,3.87679123878
12732440000000,3.79118871689
12733060000000,3.68656420708
12733690000000,3.52150034904
12734280000000,3.25558233261
12734890000000,2.98852157593
12735480000000,2.7001888752
12736090000000,2.43971157074
12736670000000,2.14428186417
12737240000000,1.85561728477
12737870000000,1.60145282745
12738470000000,1.30529677868
12739090000000,0.999632835388
12739720000000,0.711627960205
12740330000000,0.45698723197
12740940000000,0.319398462772
12741540000000,0.358617633581
12742140000000,0.307943582535
12742770000000,0.407900929451
12743390000000,0.673392951488
12744020000000,0.939476490021
12744680000000,1.23566234112
12745280000000,1.53966116905
12745910000000,1.84940171242
12746550000000,2.14231204987
12747150000000,2.44299054146
12747770000000,2.75902104378
12748390000000,3.08430027962
12749020000000,3.40158390999
12749630000000,3.69799852371
12750290000000,4.00659704208
12750880000000,4.2490773201
12751490000000,4.54161882401
12752090000000,4.82805109024
12752710000000,5.10401964188
12753330000000,5.38607025146
12753930000000,5.63039302826
12754540000000,5.8966794014
12755180000000,6.16090679169
12755770000000,6.41169118881
12756340000000,6.70845842361
12756930000000,6.98628139496
12757570000000,7.28345584869
12758170000000,7.60126495361
12758780000000,7.89949083328
12759380000000,8.19755554199
12760000000000,8.51589107513
12760610000000,8.81440925598
12761190000000,9.11304092407
12761800000000,9.41178512573
12762420000000,9.72054672241
12763010000000,10.0296220779
12763610000000,10.3186178207
12764240000000,10.6172103882
12764830000000,10.9358730316
12765440000000,11.2146139145
12766080000000,11.5290565491
12766680000000,11.8364419937
12767290000000,12.1099243164
12767930000000,12.3653860092
12768500000000,12.6460075378
12769120000000,12.9098320007
12769740000000,13.1767568588
12770350000000,13.4627180099
12770940000000,13.7321624756
12771530000000,13.9996786118
12772150000000,14.2245798111
12772780000000,14.4770383835
12773410000000,14.7047100067
12773970000000,14.9672937393
12774580000000,15.1760501862
12775230000000,15.3133096695
12775820000000,15.4973497391
12776430000000,15.6288261414
12777010000000,15.7839078903
12777600000000,15.923625946
12778220000000,16.0237560272
12778840000000,16.0234165192
12779450000000,16.0234260559
