12983490000000,8.28131
12984260000000,8.2813167572
12985030000000,8.28129005432
12985750000000,8.24644374847
12986520000000,7.95756387711
12987300000000,7.60907745361
12987970000000,7.27328634262
12988660000000,6.95876121521
12989340000000,6.68350076675
12990010000000,6.37915611267
12990670000000,6.07256555557
12991300000000,5.75475883484
12991980000000,5.43743419647
12992640000000,5.10341644287
12993280000000,4.83008289337
12993970000000,4.53096485138
12994610000000,4.25584173203
12995270000000,4.04999446869
12995900000000,4.00441265106
12996550000000,4.00222158432
12997190000000,4.09514904022
12997820000000,4.26518201828
12998460000000,4.48213911057
12999100000000,4.70654726028
12999710000000,4.951212883
13000350000000,5.19225597382
13001030000000,5.46294641495
13001670000000,5.74149513245
13002290000000,5.82616710663
13002930000000,5.84556865692
13003590000000,5.87549543381
13004260000000,5.65304231644
13004870000000,5.35740709305
13005490000000,5.07035970688
13006110000000,4.80650424957
13006770000000,4.56730222702
13007440000000,4.4339799881
13008080000000,4.35871219635
13008730000000,4.29291439056
13009340000000,4.24969387054
13010010000000,4.23072624207
13010620000000,4.23598861694
13011270000000,4.25544929504
13011910000000,4.28305578232
13012570000000,4.28930187225
13013210000000,4.23772096634
13013850000000,4.20525550842
13014460000000,4.14367437363
13015110000000,4.071849823
13015750000000,3.99491119385
13016380000000,3.77218031883
13017000000000,3.55087971687
13017650000000,3.34837150574
13018240000000,3.12240457535
13018850000000,2.90066218376
13019450000000,2.5894651413
13020080000000,2.28941249847
13020710000000,1.97948503494
13021290000000,1.65991330147
13021930000000,1.36311137676
13022550000000,1.04349184036
13023190000000,0.762924730778
13023800000000,0.638402044773
13024430000000,0.60404664278
13025080000000,0.653994858265
13025690000000,0.771443605423
13026280000000,0.901917040348
13026920000000,0.965429961681
13027550000000,1.08111560345
13028200000000,1.30787539482
13028800000000,1.54164719582
13029430000000,1.79876494408
13030050000000,2.07623529434
13030680000000,2.38804888725
13031310000000,2.68616557121
13031930000000,3.00610685349
13032540000000,3.3134868145
13033160000000,3.61849832535
13033750000000,3.91460871696
13034390000000,4.21016645432
13035000000000,4.52535820007
13035570000000,4.82053089142
13036190000000,5.09503936768
13036800000000,5.4013633728
13037410000000,5.69491767883
13038020000000,6.0017914772
13038610000000,6.28849124908
13039220000000,6.55018568039
13039830000000,6.83940792084
13040430000000,7.13087844849
13041030000000,7.41370105743
13041650000000,7.69856071472
13042250000000,7.99291133881
13042840000000,8.27965927124
13043430000000,8.54797840118
13044060000000,8.83605957031
13044640000000,9.14481830597
13045260000000,9.41412448883
13045910000000,9.7247800827
13046500000000,10.0445165634
13047110000000,10.3266477585
13047740000000,10.6189622879
13048320000000,10.9301118851
13048940000000,11.2233419418
13049540000000,11.5069694519
13050160000000,11.8106946945
13050750000000,12.0936555862
13051350000000,12.3727359772
13051940000000,12.6501379013
13052560000000,12.9058189392
13053150000000,13.1579389572
13053770000000,13.3998565674
13054340000000,13.6582307816
13054930000000,13.9202404022
13055550000000,14.1166658401
13056160000000,14.3516139984
13056780000000,14.5703258514
13057370000000,14.7733612061
13057960000000,14.9935951233
13058550000000,15.2062606812
13059120000000,15.4072217941
13059700000000,15.6056547165
13060340000000,15.8017892838
13060940000000,15.985959053
13061550000000,16.1017856598
13062200000000,16.1014823914
13062820000000,16.101442337
