13813060000000,8.61363315582
13813810000000,8.24219036102
13814550000000,7.91478967667
13815310000000,7.58342552185
13816020000000,7.23443317413
13816760000000,6.90629720688
13817460000000,6.57201004028
13818130000000,6.26865768433
13818820000000,5.96898984909
13819510000000,5.69164943695
13820150000000,5.39590072632
13820800000000,5.08427381516
13821480000000,4.71014070511
13822120000000,4.42784547806
13822770000000,4.33062601089
13823460000000,4.15618371964
13824080000000,3.94852256775
13824730000000,3.94421744347
13825360000000,4.13374042511
13825990000000,4.32693529129
13826660000000,4.54658317566
13827280000000,4.78674411774
13827920000000,5.00771045685
13828570000000,5.25252056122
13829210000000,5.50511884689
13829850000000,5.76707315445
13830500000000,5.85072994232
13831150000000,5.90355014801
13831800000000,5.7890253067
13832440000000,5.64415550232
13833080000000,5.70399904251
13833700000000,5.54786634445
13834340000000,5.29349374771
13834980000000,5.05589532852
13835650000000,4.82044506073
13836250000000,4.59281158447
13836860000000,4.43897819519
13837510000000,4.35668182373
13838130000000,4.29179954529
13838760000000,4.24933767319
13839390000000,4.23168182373
13840040000000,4.21152496338
13840670000000,4.20355606079
13841310000000,4.15546512604
13841920000000,4.0513715744
13842560000000,3.9598929882
13843220000000,3.7452082634
13843840000000,3.51382827759
13844490000000,3.30778336525
13845090000000,3.05143928528
13845720000000,2.76121473312
13846330000000,2.42479300499
13846940000000,2.12528967857
13847560000000,1.80653548241
13848160000000,1.50815153122
13848750000000,1.21056520939
13849350000000,0.914310872555
13850000000000,0.721099853516
13850610000000,0.715482294559
13851250000000,0.726038217545
13851870000000,0.802431702614
13852480000000,0.907819747925
13853080000000,1.09760415554
13853660000000,1.37368166447
13854280000000,1.68536233902
13854880000000,1.98494207859
13855460000000,2.28378891945
13856050000000,2.58381700516
13856700000000,2.86208295822
13857310000000,3.19117331505
13857900000000,3.51259040833
13858520000000,3.7979631424
13859140000000,4.08165693283
13859750000000,4.39988899231
13860370000000,4.70016860962
13860950000000,5.00586032867
13861540000000,5.29400205612
13862140000000,5.57210588455
13862710000000,5.85295152664
13863320000000,6.12975883484
13863950000000,6.44642448425
13864560000000,6.74360704422
13865160000000,7.05123710632
13865780000000,7.33863973618
13866410000000,7.65650653839
13866980000000,7.96439409256
13867560000000,8.23861885071
13868180000000,8.52443218231
13868760000000,8.84039592743
13869350000000,9.1203250885
13869970000000,9.41396617889
13870560000000,9.71877193451
13871170000000,10.0192489624
13871830000000,10.2955560684
13872410000000,10.6055135727
13873020000000,10.8966770172
13873610000000,11.1856784821
13874200000000,11.476723671
13874800000000,11.7405509949
13875400000000,12.0113782883
13875980000000,12.2908306122
13876610000000,12.5513315201
13877190000000,12.8429002762
13877820000000,13.0926799774
13878420000000,13.3132295609
13878990000000,13.5079469681
13879590000000,13.6931247711
13880200000000,13.8954257965
13880790000000,14.1185426712
13881410000000,14.3249197006
13881970000000,14.5468158722
13882550000000,14.7301263809
13883180000000,14.9410629272
13883800000000,15.1744155884
13884380000000,15.3978633881
13885000000000,15.5699806213
13885600000000,15.7704381943
13886190000000,15.9611339569
