14380170000000,8.63451385498
14380940000000,8.27795028687
14381680000000,7.96260213852
14382420000000,7.61806917191
14383130000000,7.28957891464
14383840000000,6.97820186615
14384520000000,6.65180826187
14385230000000,6.3455953598
14385910000000,6.04006671906
14386610000000,5.7230386734
14387290000000,5.49695396423
14387940000000,5.18363571167
14388620000000,4.99868774414
14389250000000,4.71312236786
14389890000000,4.43113803864
14390540000000,4.20058345795
14391280000000,4.04842185974
14391920000000,4.04485559464
14392560000000,4.02906656265
14393180000000,4.19871759415
14393810000000,4.44705486298
14394450000000,4.70587682724
14395040000000,4.97796154022
14395690000000,5.2384390831
14396320000000,5.52125453949
14396980000000,5.75302553177
14397670000000,5.67867279053
14398340000000,5.50761651993
14398960000000,5.34155464172
14399570000000,5.30766010284
14400170000000,5.09873867035
14400820000000,4.87551879883
14401440000000,4.71403646469
14402060000000,4.50591182709
14402700000000,4.33573198318
14403350000000,4.285135746
14403980000000,4.24752521515
14404650000000,4.21835851669
14405280000000,4.2028837204
14405920000000,4.20457792282
14406590000000,4.14036417007
14407240000000,4.1109085083
14407880000000,4.08150100708
14408480000000,4.03430986404
14409090000000,3.962266922
14409770000000,3.79200434685
14410410000000,3.58108901978
14411030000000,3.2884221077
14411670000000,3.00902295113
14412310000000,2.8181014061
14412930000000,2.52432465553
14413540000000,2.20471954346
14414180000000,1.88546049595
14414900000000,1.58603286743
14415500000000,1.21730530262
14416100000000,0.928809583187
14416710000000,0.636490166187
14417370000000,0.581957757473
14417970000000,0.624566555023
14418580000000,0.586387217045
14419230000000,0.713571667671
14419820000000,0.942605793476
14420440000000,1.18742144108
14421040000000,1.50339078903
14421660000000,1.80829513073
14422270000000,2.10861730576
14422890000000,2.42244815826
14423520000000,2.73062062263
14424150000000,3.04017710686
14424730000000,3.34737944603
14425340000000,3.63678741455
14425980000000,3.95280981064
14426610000000,4.24872779846
14427200000000,4.5306186676
14427820000000,4.80073595047
14428420000000,5.10315513611
14429030000000,5.3954000473
14429630000000,5.68926334381
14430240000000,5.99499368668
14430820000000,6.29937362671
14431470000000,6.57638549805
14432080000000,6.89162302017
14432670000000,7.2085518837
14433270000000,7.48722743988
14433900000000,7.78284788132
14434500000000,8.1110124588
14435090000000,8.37542438507
14435730000000,8.67189502716
14436290000000,8.98020458221
14436930000000,9.26609706879
14437530000000,9.58131027222
14438130000000,9.87680435181
14438750000000,10.1758480072
14439390000000,10.4703025818
14440030000000,10.7961130142
14440590000000,11.1033773422
14441170000000,11.3786239624
14441790000000,11.6726093292
14442360000000,11.9570217133
14443060000000,12.2033395767
14443660000000,12.4982271194
14444260000000,12.7649536133
14444870000000,13.0186576843
14445460000000,13.2584915161
14446090000000,13.4649448395
14446660000000,13.7135629654
14447260000000,13.9178886414
14447860000000,14.1312675476
14448470000000,14.3436822891
14449110000000,14.5454883575
14449720000000,14.7542934418
14450380000000,14.9820795059
14450950000000,15.2204170227
14451540000000,15.4266786575
14452160000000,15.652598381
14452750000000,15.8885402679
