14247690000000,8.67165088654
14248410000000,8.31255722046
14249180000000,7.99958086014
14249940000000,7.66017866135
14250620000000,7.30914163589
14251360000000,7.01302814484
14252030000000,6.65409708023
14252690000000,6.36787748337
14253360000000,6.08310747147
14254060000000,5.80427932739
14254700000000,5.46885061264
14255350000000,5.22888755798
14256060000000,4.81548547745
14256710000000,4.4733300209
14257350000000,4.4922003746
14257960000000,4.27447652817
14258610000000,4.18418836594
14259280000000,4.11431360245
14259900000000,4.09013080597
14260500000000,4.04479265213
14261170000000,4.1835360527
14261800000000,4.37545824051
14262420000000,4.5753660202
14263060000000,4.77594804764
14263720000000,4.99775409698
14264310000000,5.25108480453
14264950000000,5.4825758934
14265620000000,5.72411108017
14266270000000,5.68681430817
14266870000000,5.58437013626
14267510000000,5.52234506607
14268130000000,5.37186765671
14268800000000,5.2638463974
14269460000000,5.05689001083
14270110000000,4.84974575043
14270730000000,4.65541696548
14271360000000,4.49028110504
14272020000000,4.33561325073
14272630000000,4.22012901306
14273290000000,4.17396306992
14273900000000,4.12844467163
14274530000000,4.10538673401
14275170000000,4.09955310822
14275810000000,4.10957288742
14276450000000,4.06156873703
14277110000000,4.02212905884
14277760000000,3.90532875061
14278380000000,3.76773881912
14278980000000,3.67848682404
14279580000000,3.54384446144
14280180000000,3.40807414055
14280770000000,3.16504502296
14281370000000,2.97553873062
14281970000000,2.73862409592
14282590000000,2.43074703217
14283270000000,2.14138245583
14283880000000,1.79221236706
14284550000000,1.49247324467
14285130000000,1.15431129932
14285740000000,0.875725984573
14286370000000,0.570368528366
14287000000000,0.476574003696
14287650000000,0.624392151833
14288240000000,0.69131809473
14288850000000,0.799632787704
14289450000000,1.05586028099
14290070000000,1.3333864212
14290680000000,1.62491452694
14291260000000,1.98513638973
14291910000000,2.26434993744
14292520000000,2.58396148682
14293140000000,2.88868021965
14293780000000,3.18616724014
14294400000000,3.5006248951
14294990000000,3.82471370697
14295610000000,4.11406040192
14296190000000,4.40074157715
14296830000000,4.68766975403
14297400000000,4.97728013992
14298010000000,5.25014352798
14298600000000,5.55291700363
14299200000000,5.84044885635
14299910000000,6.13127660751
14300470000000,6.4861497879
14301070000000,6.75024795532
14301660000000,7.05395507812
14302250000000,7.34157991409
14302820000000,7.62406158447
14303390000000,7.92310428619
14303980000000,8.19644737244
14304610000000,8.49004268646
14305190000000,8.78335762024
14305770000000,9.07754325867
14306500000000,9.35242938995
14307120000000,9.71610546112
14307680000000,10.0313873291
14308270000000,10.2979698181
14308880000000,10.5942726135
14309470000000,10.890376091
14310060000000,11.1849727631
14310680000000,11.4404449463
14311270000000,11.7334003448
14311860000000,11.9997701645
14312470000000,12.2838554382
14313100000000,12.5298576355
14313720000000,12.7829227448
14314370000000,13.0440826416
14314990000000,13.3330202103
14315650000000,13.5738925934
14316250000000,13.8022413254
14316880000000,14.0356464386
14317450000000,14.2826738358
14318020000000,14.4986181259
14318640000000,14.7112903595
14319230000000,14.9224395752
14319820000000,15.1217565536
14320460000000,15.3132896423
14321030000000,15.5283899307
14321630000000,15.7273635864
