13959950000000,8.54708576202
13960690000000,8.16701316833
13961410000000,7.85842561722
13962150000000,7.53786468506
13962850000000,7.20299005508
13963530000000,6.87062883377
13964240000000,6.56850242615
13964910000000,6.24242973328
13965600000000,5.94563865662
13966260000000,5.64924860001
13966930000000,5.43448877335
13967580000000,5.08875274658
13968230000000,4.7452173233
13968850000000,4.55324220657
13969480000000,4.32801055908
13970140000000,4.1311507225
13970800000000,4.06265687943
13971480000000,4.10364675522
13972100000000,4.22195863724
13972700000000,4.45334005356
13973360000000,4.67211675644
13974000000000,4.8965010643
13974660000000,5.14453744888
13975310000000,5.40139007568
13975930000000,5.68117332458
13976550000000,5.83982086182
13977170000000,5.92579555511
13977820000000,5.93821668625
13978430000000,5.94491672516
13979060000000,5.77173757553
13979700000000,5.46706104279
13980370000000,5.15254735947
13980980000000,4.86155080795
13981630000000,4.63968849182
13982260000000,4.44305706024
13982900000000,4.27994441986
13983530000000,4.16111898422
13984170000000,4.10714530945
13984800000000,4.07959651947
13985390000000,4.07735919952
13986040000000,4.06185817719
13986700000000,4.0535364151
13987320000000,4.07009410858
13987950000000,4.08316659927
13988580000000,4.07074928284
13989200000000,4.02162837982
13989810000000,4.00113630295
13990450000000,3.928845644
13991050000000,3.76214337349
13991700000000,3.59684252739
13992320000000,3.38102769852
13992970000000,3.09455084801
13993590000000,2.84299445152
13994230000000,2.50368618965
13994850000000,2.18250703812
13995460000000,1.88261210918
13996060000000,1.57396888733
13996680000000,1.27631258965
13997290000000,0.956481873989
13997910000000,0.646682679653
13998540000000,0.513798952103
13999130000000,0.545032262802
13999770000000,0.579712450504
14000390000000,0.713714063168
14001000000000,0.942582845688
14001610000000,1.18714654446
14002230000000,1.43090724945
14002830000000,1.76676511765
14003460000000,2.08488225937
14004050000000,2.39483833313
14004690000000,2.69420456886
14005300000000,3.01408886909
14005910000000,3.31319022179
14006520000000,3.61325240135
14007160000000,3.92801213264
14007750000000,4.24453401566
14008360000000,4.52824211121
14008960000000,4.83567905426
14009560000000,5.11919164658
14010140000000,5.42224693298
14010780000000,5.68597602844
14011450000000,5.99978017807
14012030000000,6.34369421005
14012620000000,6.62836551666
14013210000000,6.91426372528
14013790000000,7.21048212051
14014410000000,7.49693536758
14014980000000,7.79344034195
14015620000000,8.0704240799
14016190000000,8.3969783783
14016820000000,8.67433738708
14017460000000,8.98177623749
14018050000000,9.30917072296
14018640000000,9.60628128052
14019300000000,9.90359210968
14019900000000,10.2208786011
14020510000000,10.5189599991
14021120000000,10.817152977
14021730000000,11.1255235672
14022310000000,11.4238777161
14022930000000,11.6971940994
14023640000000,11.9786520004
14024240000000,12.3145656586
14024830000000,12.5812940598
14025460000000,12.8340501785
14026060000000,13.1079053879
14026660000000,13.352189064
14027240000000,13.588186264
14027890000000,13.8248405457
14028490000000,14.0663080215
14029110000000,14.2691574097
14029710000000,14.4833879471
14030350000000,14.6772184372
14030930000000,14.8915529251
14031490000000,15.0923337936
14032080000000,15.2255191803
14032680000000,15.4225616455
14033310000000,15.6166086197
14033940000000,15.8141374588
