
12519970000000,8.54857063293
12520720000000,8.54907608032
12521490000000,8.53828525543
12522230000000,8.29515647888
12522940000000,7.96050739288
12523670000000,7.67703914642
12524420000000,7.38059568405
12525140000000,6.99952173233
12525850000000,6.65240001678
12526520000000,6.29572439194
12527210000000,5.96892356873
12527870000000,5.62724590302
12528570000000,5.32728481293
12529240000000,5.01940155029
12529890000000,4.76468086243
12530590000000,4.54199695587
12531250000000,4.3598408699
12531880000000,4.29814529419
12532510000000,4.28903722763
12533190000000,4.32487106323
12533820000000,4.38598585129
12534470000000,4.63417387009
12535080000000,4.89802598953
12535750000000,5.18100309372
12536360000000,5.48410415649
12537010000000,5.6981511116
12537670000000,5.76755142212
12538290000000,5.72576379776
12538950000000,5.80409765244
12539620000000,5.72050333023
12540260000000,5.66878795624
12540900000000,5.46200466156
12541560000000,5.26130008698
12542220000000,4.9990773201
12542820000000,4.76636838913
12543410000000,4.56401777267
12544070000000,4.48038816452
12544710000000,4.39686918259
12545410000000,4.35537910461
12546060000000,4.33662366867
12546770000000,4.32084751129
12547410000000,4.33437728882
12548060000000,4.17922973633
12548680000000,3.99411010742
12549340000000,3.82647633553
12549960000000,3.71697235107
12550600000000,3.62262868881
12551200000000,3.57051992416
12551860000000,3.36168551445
12552490000000,3.0917327404
12553120000000,2.85267114639
12553750000000,2.52526521683
12554360000000,2.23949742317
12554980000000,1.92089128494
12555580000000,1.61163985729
12556240000000,1.32250535488
12556870000000,0.994240403175
12557520000000,0.677795052528
12558120000000,0.50291031599
12558750000000,0.485624402761
12559370000000,0.395291954279
12559950000000,0.477589935064
12560550000000,0.724500536919
12561180000000,1.02768409252
12561780000000,1.31173288822
12562400000000,1.5905162096
12563020000000,1.87707793713
12563620000000,2.18990302086
12564220000000,2.47721552849
12564820000000,2.77515339851
12565450000000,3.07415819168
12566050000000,3.38927960396
12566710000000,3.63698601723
12567310000000,3.95481014252
12567920000000,4.23598003387
12568530000000,4.5193605423
12569150000000,4.80509662628
12569770000000,5.1107749939
12570350000000,5.40085554123
12570960000000,5.68771696091
12571560000000,5.97364807129
12572150000000,6.26484489441
12572750000000,6.55433750153
12573350000000,6.84852933884
12573920000000,7.14264583588
12574530000000,7.4179353714
12575120000000,7.72300481796
12575770000000,8.00809288025
12576360000000,8.32401847839
12576940000000,8.61994743347
12577570000000,8.91654014587
12578190000000,9.21284770966
12578780000000,9.52930641174
12579370000000,9.80745601654
12579950000000,10.1144914627
12580540000000,10.4021310806
12581160000000,10.689453125
12581810000000,10.9975423813
12582400000000,11.3253355026
12583010000000,11.6230955124
12583610000000,11.9215517044
12584260000000,12.2025747299
12584870000000,12.5001459122
12585460000000,12.7493972778
12586100000000,12.9965105057
12586690000000,13.2420949936
12587300000000,13.4643287659
12587940000000,13.6966991425
12588550000000,13.941157341
12589190000000,14.1776409149
12589820000000,14.4116621017
12590410000000,14.6109685898
12591030000000,14.7885761261
12591670000000,14.9355106354
12592280000000,15.103682518
12592890000000,15.2692270279
12593500000000,15.4413194656
12594090000000,15.6233196259
12594720000000,15.7971906662
12595340000000,15.8970813751
12595940000000,15.8882188797
