
10332480000000,8.70610141754
10333280000000,8.70615386963
10334070000000,8.64900302887
10334820000000,8.30260944366
10335540000000,7.99961948395
10336320000000,7.68376731873
10337050000000,7.3379483223
10337720000000,7.0052485466
10338430000000,6.70330667496
10339120000000,6.38979053497
10339790000000,6.09772109985
10340450000000,5.79644298553
10341130000000,5.49782943726
10341770000000,5.20043802261
10342400000000,4.8939409256
10343070000000,4.64843130112
10343710000000,4.48074102402
10344320000000,4.36218833923
10344940000000,4.31491136551
10345600000000,4.32581806183
10346220000000,4.42544412613
10346850000000,4.49930906296
10347500000000,4.62588119507
10348140000000,4.78737783432
10348740000000,5.04692602158
10349390000000,5.31967353821
10350010000000,5.5235080719
10350670000000,5.74282169342
10351300000000,5.93015766144
10351960000000,5.96928691864
10352590000000,5.97752761841
10353230000000,6.00473499298
10353840000000,5.8827419281
10354500000000,5.6600317955
10355140000000,5.3462600708
10355750000000,5.06716251373
10356410000000,4.85159063339
10357060000000,4.65019893646
10357690000000,4.46403455734
10358310000000,4.30580806732
10358960000000,4.13724279404
10359570000000,4.08309841156
10360190000000,4.10694599152
10360810000000,4.1037402153
10361440000000,4.12287378311
10362090000000,4.11029815674
10362700000000,4.12624406815
10363310000000,4.0640335083
10363960000000,3.95599198341
10364650000000,3.85601043701
10365270000000,3.71787929535
10365890000000,3.54248118401
10366530000000,3.38602924347
10367150000000,3.13296341896
10367740000000,2.82810640335
10368360000000,2.52819871902
10368990000000,2.23776721954
10369590000000,1.90790343285
10370220000000,1.61868572235
10370830000000,1.2884991169
10371440000000,0.989156544209
10372040000000,0.689793884754
10372670000000,0.57088047266
10373250000000,0.489247053862
10373840000000,0.431336522102
10374480000000,0.600313186646
10375070000000,0.919692218304
10375710000000,1.19702327251
10376300000000,1.5214548111
10376910000000,1.81295537949
10377520000000,2.10500025749
10378140000000,2.3989405632
10378760000000,2.70406317711
10379350000000,3.00978326797
10379930000000,3.28618574142
10380560000000,3.55814051628
10381190000000,3.86828804016
10381790000000,4.18084383011
10382410000000,4.47490501404
10383050000000,4.77897357941
10383620000000,5.09366035461
10384240000000,5.37899541855
10384890000000,5.6653175354
10385540000000,6.00233888626
10386150000000,6.31832838058
10386730000000,6.62546443939
10387340000000,6.90268135071
10387960000000,7.20072174072
10388560000000,7.44610834122
10389150000000,7.70609092712
10389750000000,8.0037355423
10390370000000,8.30188179016
10390970000000,8.60991096497
10391590000000,8.90792274475
10392230000000,9.20627307892
10392860000000,9.5245475769
10393460000000,9.84445762634
10394090000000,10.1435317993
10394670000000,10.4613370895
10395300000000,10.741566658
10395910000000,11.0601015091
10396530000000,11.3846893311
10397110000000,11.6887950897
10397700000000,11.9354410172
10398330000000,12.2010288239
10398920000000,12.4868602753
10399510000000,12.755027771
10400140000000,13.0160112381
10400760000000,13.2949743271
10401340000000,13.5637693405
10401960000000,13.8376426697
10402550000000,14.1261034012
10403160000000,14.3488607407
10403800000000,14.6228990555
10404440000000,14.855890274
10405050000000,14.9840497971
10405710000000,15.0857496262
10406340000000,15.2431612015
10406980000000,15.3997507095
10407590000000,15.5613994598
10408180000000,15.7079744339
10408760000000,15.8352184296
10409350000000,15.9645271301
10409950000000,15.9648160934
10410570000000,15.9648542404
10411180000000,15.9648752213
10411810000000,15.9648952484
10412410000000,15.9649076462
