11931370000000,8.77822303772
11932130000000,8.530585289
11932870000000,8.2085943222
11933600000000,7.86906290054
11934310000000,7.57050561905
11935080000000,7.23795413971
11935780000000,6.89818620682
11936430000000,6.60557317734
11937120000000,6.33033752441
11937780000000,6.03404092789
11938440000000,5.75462913513
11939080000000,5.43139219284
11939800000000,5.08107566833
11940450000000,4.61951446533
11941070000000,4.3221244812
11941700000000,4.36000204086
11942380000000,4.18256855011
11943010000000,3.99266028404
11943650000000,4.02452087402
11944270000000,4.06258773804
11944990000000,4.09144830704
11945670000000,4.14458656311
11946340000000,4.27970314026
11946960000000,4.51537895203
11947610000000,4.74779891968
11948240000000,4.99640035629
11948830000000,5.24277448654
11949510000000,5.48238229752
11950160000000,5.69150161743
11950770000000,5.90720081329
11951450000000,6.09754133224
11952080000000,6.1997256279
11952740000000,6.13724803925
11953400000000,5.8586640358
11954040000000,5.52507734299
11954720000000,5.24680662155
11955340000000,4.88726615906
11956020000000,4.66347980499
11956670000000,4.45789670944
11957290000000,4.2909913063
11957900000000,4.18108510971
11958560000000,4.08061790466
11959210000000,4.05244779587
11959860000000,4.05363368988
11960530000000,4.08012199402
11961170000000,4.1316075325
11961780000000,4.21945810318
11962420000000,4.21015977859
11963050000000,4.21551704407
11963660000000,4.13062572479
11964320000000,4.01307487488
11964930000000,3.91202735901
11965540000000,4.05469274521
11966200000000,3.89730906487
11966810000000,3.59361147881
11967400000000,3.28901124001
11968020000000,2.98071503639
11968680000000,2.64637351036
11969300000000,2.33234882355
11969900000000,2.01767277718
11970520000000,1.7173306942
11971100000000,1.41564071178
11971730000000,1.12605583668
11972360000000,0.801374495029
11972960000000,0.582097411156
11973550000000,0.383101373911
11974170000000,0.291284233332
11974780000000,0.256603568792
11975440000000,0.474453061819
11976060000000,0.702481985092
11976640000000,0.943508446217
11977280000000,1.2355864048
11977890000000,1.5097578764
11978530000000,1.7818467617
11979130000000,2.09509754181
11979770000000,2.37829685211
11980370000000,2.69407248497
11980970000000,2.97205781937
11981560000000,3.25964784622
11982180000000,3.54482793808
11982770000000,3.85407328606
11983370000000,4.14331293106
11984000000000,4.44271421432
11984630000000,4.75636863708
11985230000000,5.07445478439
11985820000000,5.37269926071
11986450000000,5.67134046555
11987040000000,5.97530603409
11987670000000,6.31379461288
11988260000000,6.61729812622
11988860000000,6.9093747139
11989470000000,7.19476556778
11990040000000,7.49667835236
11990630000000,7.77222156525
11991240000000,8.0670042038
11991850000000,8.36206150055
11992460000000,8.65868759155
11993080000000,8.97435951233
11993690000000,9.27129650116
11994310000000,9.56641101837
11994880000000,9.88141345978
11995510000000,10.1490983963
11996090000000,10.4758529663
11996680000000,10.7442922592
11997290000000,11.0503931046
11997910000000,11.3579111099
11998520000000,11.6650857925
11999160000000,11.9607496262
11999810000000,12.2999162674
12000380000000,12.6016511917
12001000000000,12.8668413162
12001610000000,13.1514568329
12002210000000,13.4533863068
12002840000000,13.7127227783
12003450000000,13.9016389847
12004040000000,14.0956106186
12004670000000,14.3013162613
12005280000000,14.5166797638
12005890000000,14.729927063
12006540000000,14.9031105042
12007130000000,15.0237941742
12007730000000,15.1911315918
12008370000000,15.3632688522
12008970000000,15.5508556366
12009560000000,15.7229299545
12010150000000,15.8928070068
12010760000000,16.0449714661
