
20672890000000,8.18288516998
20673430000000,7.97565507889
20673940000000,7.751704216
20674440000000,7.56218957901
20674940000000,7.34825801849
20675450000000,7.12156105042
20675950000000,6.92275047302
20676450000000,6.69957113266
20676930000000,6.47865200043
20677410000000,6.27675676346
20677870000000,6.08558273315
20678340000000,5.88836288452
20678790000000,5.70679235458
20679270000000,5.55558681488
20679710000000,5.32666444778
20680170000000,5.13750743866
20680660000000,4.92792654037
20681100000000,4.82129144669
20681570000000,4.76873779297
20682010000000,4.79616546631
20682440000000,4.65152025223
20682900000000,4.51187086105
20683340000000,4.38273906708
20683800000000,4.28795337677
20684240000000,4.21562719345
20684680000000,4.15296888351
20685100000000,4.09819507599
20685540000000,4.0745139122
20686070000000,4.0725684166
20686490000000,4.07786226273
20686950000000,4.09822654724
20687400000000,4.20170259476
20687870000000,4.30229949951
20688300000000,4.41328239441
20688750000000,4.54976129532
20689190000000,4.67548179626
20689610000000,4.8597779274
20690030000000,5.03821659088
20690480000000,5.21990060806
20690920000000,5.43020009995
20691370000000,5.61587953568
20691810000000,5.75701951981
20692260000000,5.80301952362
20692690000000,5.88723945618
20693120000000,5.90393066406
20693560000000,5.89142608643
20694000000000,5.86109781265
20694440000000,5.95028305054
20694890000000,6.00347280502
20695320000000,5.87072563171
20695760000000,5.68772506714
20696190000000,5.50691843033
20696620000000,5.29938840866
20697080000000,5.11801242828
20697530000000,4.90899324417
20698000000000,4.74900770187
20698430000000,4.57808685303
20698880000000,4.45837783813
20699300000000,4.33370447159
20699750000000,4.29802656174
20700220000000,4.29553127289
20700650000000,4.27310276031
20701100000000,4.2661857605
20701550000000,4.27336120605
20702000000000,4.27789163589
20702440000000,4.30812120438
20702860000000,4.3218255043
20703310000000,4.29175043106
20703730000000,4.24919986725
20704150000000,4.23290681839
20704580000000,4.20135736465
20705030000000,4.15349006653
20705480000000,4.11769199371
20705930000000,4.07686281204
20706360000000,4.03485965729
20706800000000,3.95098829269
20707230000000,3.88958287239
20707660000000,3.82010316849
20708080000000,3.70466375351
20708520000000,3.6060988903
20708960000000,3.54868721962
20709370000000,3.52605056763
20709830000000,3.4003610611
20710300000000,3.222022295
20710750000000,3.03243565559
20711150000000,2.84822034836
20711590000000,2.66553807259
20712010000000,2.47707867622
20712420000000,2.28028559685
20712840000000,2.07987594604
20713260000000,1.88517379761
20713690000000,1.66398251057
20714150000000,1.47787535191
20714560000000,1.25776553154
20714960000000,1.0766299963
20715400000000,1.0071079731
20715860000000,1.00726664066
20716290000000,0.885924220085
20716690000000,0.738406836987
20717150000000,0.703672349453
20717560000000,0.72881269455
20717980000000,0.683962464333
20718420000000,0.650005102158
20718850000000,0.652283132076
20719260000000,0.676191031933
20719670000000,0.586969733238
20720110000000,0.65258461237
20720540000000,0.815999567509
20720950000000,0.98698580265
20721370000000,1.15949630737
20721780000000,1.34717309475
20722190000000,1.53318810463
20722610000000,1.72886025906
20723030000000,1.90634143353
20723440000000,2.10724759102
20723840000000,2.29793095589
20724270000000,2.47936654091
20724690000000,2.68968343735
20725120000000,2.89073896408
20725560000000,3.10103416443
20725980000000,3.30216884613
20726400000000,3.48968458176
20726840000000,3.67989230156
20727260000000,3.88628125191
20727660000000,4.09178352356
20728070000000,4.28458786011
20728510000000,4.48422336578
20728920000000,4.68892002106
20729340000000,4.87023496628
20729790000000,5.06040906906
20730210000000,5.27026844025
20730620000000,5.46981859207
20731020000000,5.66875648499
20731410000000,5.85847949982
20731830000000,6.03861904144
20732220000000,6.23829555511
20732650000000,6.41877031326
20733060000000,6.63790035248
20733480000000,6.82864713669
20733880000000,7.03821992874
20734280000000,7.21969556808
20734700000000,7.41065740585
20735130000000,7.61200332642
20735510000000,7.81380462646
20735940000000,8.00599193573
20736370000000,8.20790100098
20736780000000,8.4099407196
20737180000000,8.62099742889
20737590000000,8.8032617569
20738020000000,8.99514865875
20738510000000,9.196849823
20738910000000,9.42722511292
20739300000000,9.62882900238
20739730000000,9.81068897247
20740140000000,10.0224981308
20740560000000,10.2257642746
20741000000000,10.4395427704
20741390000000,10.6430330276
20741790000000,10.8272361755
20742190000000,11.0113420486
20742590000000,11.2245769501
20742990000000,11.4086303711
20743430000000,11.6020908356
20743850000000,11.8252162933
20744260000000,12.0242080688
20744700000000,12.168589592
20745190000000,12.3238754272
20745610000000,12.4792861938
20746030000000,12.6552047729
20746450000000,12.8221158981
20746840000000,13.0050878525
20747280000000,13.1614046097
20747730000000,13.3373527527
20748150000000,13.5126190186
20748570000000,13.6920909882
20748980000000,13.8591594696
20749400000000,14.0180988312
20749850000000,14.1507434845
20750280000000,14.2968835831
20750690000000,14.4211149216
20751100000000,14.5650186539
20751500000000,14.6831703186
20752030000000,14.8006372452
20752440000000,14.9597711563
20752860000000,15.0921077728
20753250000000,15.2213869095
20753690000000,15.3028249741
20754140000000,15.3523721695
20754570000000,15.4627084732
20754980000000,15.5627727509
20755410000000,15.6484012604
20755870000000,15.7584524155
20756300000000,15.8614463806
20756710000000,15.9595623016
20757160000000,16.0478878021
