14107740000000,8.66669464111
14108450000000,8.29500102997
14109270000000,8.00212192535
14109990000000,7.64739084244
14110720000000,7.31233644485
14111430000000,6.98545694351
14112130000000,6.66119480133
14112800000000,6.35260772705
14113470000000,6.07247400284
14114150000000,5.78062772751
14114760000000,5.47045278549
14115420000000,5.17263936996
14116130000000,4.98590278625
14116780000000,4.75881481171
14117390000000,4.46149969101
14118000000000,4.2489657402
14118660000000,4.0844039917
14119300000000,3.98273944855
14119920000000,4.09041404724
14120550000000,4.23703050613
14121190000000,4.39860630035
14121830000000,4.59979057312
14122470000000,4.80238866806
14123120000000,5.00971603394
14123730000000,5.23683643341
14124360000000,5.45153903961
14125020000000,5.68210411072
14125670000000,5.94228935242
14126270000000,6.0613822937
14126920000000,6.15948343277
14127570000000,6.0812754631
14128250000000,6.05172538757
14128870000000,5.76378488541
14129560000000,5.48058080673
14130210000000,5.22626829147
14130840000000,5.04519224167
14131500000000,4.87601613998
14132130000000,4.67796421051
14132730000000,4.50494861603
14133390000000,4.3470082283
14134020000000,4.20021152496
14134690000000,4.15621948242
14135330000000,4.13570070267
14135990000000,4.09624671936
14136640000000,4.07284975052
14137270000000,4.08716535568
14137870000000,4.0150976181
14138500000000,3.98279666901
14139150000000,3.8206346035
14139770000000,3.57553982735
14140400000000,3.3501033783
14141010000000,3.06907320023
14141590000000,2.81945466995
14142180000000,2.56628322601
14142780000000,2.26841378212
14143370000000,1.98411691189
14144040000000,1.70718848705
14144660000000,1.36919796467
14145270000000,1.05262434483
14145890000000,0.75770097971
14146530000000,0.556845545769
14147160000000,0.753703355789
14147750000000,0.822020590305
14148370000000,0.897187769413
14148990000000,1.12330174446
14149600000000,1.3629822731
14150190000000,1.68003225327
14150790000000,1.9711868763
14151440000000,2.25794768333
14152070000000,2.58409118652
14152740000000,2.89774942398
14153350000000,3.21579837799
14153990000000,3.53419876099
14154580000000,3.84206914902
14155170000000,4.13668298721
14155810000000,4.43020105362
14156400000000,4.74554109573
14156960000000,5.04172229767
14157550000000,5.30727434158
14158150000000,5.60220861435
14158760000000,5.88515806198
14159430000000,6.20189476013
14160010000000,6.51765489578
14160560000000,6.81100463867
14161150000000,7.08889198303
14161740000000,7.37632274628
14162340000000,7.66392326355
14162940000000,7.95281124115
14163540000000,8.25005149841
14164130000000,8.54733753204
14164740000000,8.84491062164
14165320000000,9.13740348816
14165950000000,9.4338054657
14166550000000,9.74049091339
14167160000000,10.0373191833
14167750000000,10.3443841934
14168350000000,10.6212005615
14168970000000,10.8768157959
14169560000000,11.1742305756
14170170000000,11.4741897583
14170800000000,11.7417469025
14171420000000,12.028924942
14172050000000,12.3379592896
14172640000000,12.6087551117
14173230000000,12.861700058
14173790000000,13.1054878235
14174370000000,13.3027629852
14174960000000,13.5264234543
14175550000000,13.7383403778
14176150000000,13.9482774734
14176740000000,14.1549186707
14177350000000,14.3744087219
14178010000000,14.5840044022
14178630000000,14.7957897186
14179220000000,15.0259752274
14179830000000,15.2320671082
14180440000000,15.4479503632
14181030000000,15.6527032852
14181630000000,15.8460645676
