11789370000000,8.45937824249
11790110000000,8.10807704926
11790860000000,7.81448221207
11791560000000,7.46838903427
11792280000000,7.15353059769
11792950000000,6.83322477341
11793620000000,6.55274248123
11794300000000,6.24930286407
11794960000000,5.96856403351
11795630000000,5.72147512436
11796280000000,5.39629077911
11796930000000,5.10262918472
11797570000000,4.98052453995
11798260000000,4.87460327148
11798900000000,4.60063171387
11799540000000,4.32977342606
11800210000000,4.14108037949
11800860000000,3.98032712936
11801470000000,3.95616316795
11802120000000,4.15765428543
11802780000000,4.32962322235
11803420000000,4.49045753479
11804070000000,4.73054933548
11804710000000,4.95317649841
11805330000000,5.22842311859
11805960000000,5.49258089066
11806590000000,5.73247146606
11807270000000,5.89786958694
11807940000000,6.06875753403
11808550000000,6.08231735229
11809200000000,6.14446020126
11809850000000,5.82056379318
11810510000000,5.52385091782
11811160000000,5.15802145004
11811880000000,4.8481388092
11812510000000,4.61153030396
11813150000000,4.40185832977
11813780000000,4.29644870758
11814430000000,4.19793891907
11815070000000,4.12197399139
11815710000000,4.06490516663
11816370000000,4.05181789398
11817030000000,4.05741214752
11817670000000,4.05287408829
11818290000000,4.08698272705
11818930000000,4.01533460617
11819530000000,3.91695833206
11820170000000,3.82667350769
11820770000000,3.78029894829
11821430000000,3.65509104729
11822070000000,3.41451144218
11822680000000,3.24984908104
11823280000000,3.07125496864
11823910000000,2.89604330063
11824510000000,2.63007473946
11825120000000,2.37334132195
11825730000000,2.05827879906
11826400000000,1.77937471867
11826990000000,1.45425415039
11827600000000,1.15971124172
11828210000000,0.900684714317
11828850000000,0.861648321152
11829470000000,0.834210276604
11830080000000,0.831245064735
11830710000000,0.898114323616
11831330000000,1.18904101849
11831930000000,1.43783736229
11832550000000,1.67434644699
11833140000000,1.92625379562
11833750000000,2.20184731483
11834390000000,2.51039242744
11834990000000,2.83083558083
11835600000000,3.11066460609
11836220000000,3.43696475029
11836850000000,3.67852258682
11837480000000,3.9875395298
11838100000000,4.30231904984
11838720000000,4.59919786453
11839330000000,4.89675521851
11839950000000,5.21411800385
11840530000000,5.52179908752
11841150000000,5.80301141739
11841720000000,6.10881710052
11842320000000,6.38497877121
11842940000000,6.69088554382
11843540000000,6.99795150757
11844130000000,7.29375362396
11844740000000,7.57179784775
11845350000000,7.88855648041
11845930000000,8.18629932404
11846510000000,8.47380542755
11847110000000,8.75813674927
11847710000000,9.05938243866
11848330000000,9.35446548462
11848920000000,9.65065383911
11849530000000,9.94674301147
11850120000000,10.2428750992
11850730000000,10.5302906036
11851370000000,10.845331192
11851940000000,11.15321064
11852530000000,11.439496994
11853130000000,11.7473182678
11853740000000,12.0070514679
11854330000000,12.2717151642
11854970000000,12.5366325378
11855580000000,12.8297653198
11856180000000,13.0589809418
11856800000000,13.2959022522
11857440000000,13.5589046478
11858060000000,13.8340959549
11858650000000,14.0791225433
11859260000000,14.2969617844
11859860000000,14.5449409485
11860510000000,14.7423458099
11861130000000,14.9423122406
11861730000000,15.1405925751
11862360000000,15.2903680801
11862940000000,15.4455013275
11863540000000,15.6152038574
11864150000000,15.7870321274
11864750000000,15.9622716904
