
12519970000000,16.9475193024
12520720000000,16.9477787018
12521490000000,16.9386711121
12522230000000,16.7365531921
12522940000000,16.4965991974
12523670000000,16.3223114014
12524420000000,16.155380249
12525140000000,16.0500812531
12525850000000,15.9757213593
12526520000000,15.9068832397
12527210000000,15.8507194519
12527870000000,15.8118457794
12528570000000,15.8131799698
12529240000000,15.8030328751
12529890000000,16.0034065247
12530590000000,16.1945343018
12531250000000,16.4915294647
12531880000000,16.794298172
12532510000000,17.0863361359
12533190000000,17.3829345703
12533820000000,17.705121994
12534470000000,17.9552879333
12535080000000,18.186580658
12535750000000,18.4285163879
12536360000000,18.7561130524
12537010000000,19.0004291534
12537670000000,18.9711437225
12538290000000,19.0360469818
12538950000000,19.1022529602
12539620000000,19.0874767303
12540260000000,19.0204963684
12540900000000,18.7057876587
12541560000000,18.4356174469
12542220000000,18.1272773743
12542820000000,17.8393745422
12543410000000,17.5423793793
12544070000000,17.2905292511
12544710000000,16.9917087555
12545410000000,16.6716995239
12546060000000,16.3217258453
12546770000000,15.9963684082
12547410000000,15.6819829941
12548060000000,15.4785652161
12548680000000,15.2840671539
12549340000000,15.0815439224
12549960000000,14.8605966568
12550600000000,14.7122106552
12551200000000,14.5388536453
12551860000000,14.5096940994
12552490000000,14.5491485596
12553120000000,14.6982603073
12553760000000,14.9163179398
12554360000000,15.1186437607
12554980000000,15.3481998444
12555580000000,15.5736160278
12556240000000,15.7871799469
12556870000000,16.0330848694
12557520000000,16.2741889954
12558120000000,16.4866523743
12558750000000,16.4464702606
12559370000000,16.4762916565
12559950000000,16.3833427429
12560550000000,16.1470909119
12561180000000,15.8683795929
12561780000000,15.6327066422
12562400000000,15.4228363037
12563020000000,15.212594986
12563620000000,14.9725074768
12564220000000,14.7431735992
12564820000000,14.5128803253
12565450000000,14.2844953537
12566050000000,14.0366220474
12566710000000,13.8688545227
12567310000000,13.5490245819
12567920000000,13.2614107132
12568530000000,12.9744777679
12569150000000,12.6878004074
12569770000000,12.383687973
12570350000000,12.0988340378
12570960000000,11.8195056915
12571560000000,11.5434007645
12572150000000,11.2649011612
12572750000000,10.9892511368
12573350000000,10.7107782364
12573920000000,10.4340391159
12574530000000,10.1765432358
12575120000000,9.89297580719
12575770000000,9.629737854
12576360000000,9.34011650085
12576940000000,9.07095813751
12577570000000,8.80332946777
12578190000000,8.53834724426
12578780000000,8.25814914703
12579370000000,8.01446533203
12579950000000,7.74862098694
12580540000000,7.50276851654
12581160000000,7.26060581207
12581810000000,7.00515985489
12582400000000,6.73855638504
12583010000000,6.50151920319
12583610000000,6.26942825317
12584260000000,6.04115724564
12584880000000,5.81019878387
12585460000000,5.55801296234
12586100000000,5.31038427353
12586690000000,5.00104665756
12587300000000,4.71590518951
12587940000000,4.42185926437
12588550000000,4.11772537231
12589190000000,3.80686497688
12589820000000,3.48957657814
12590410000000,3.20692515373
12591030000000,2.92312121391
12591670000000,2.63227105141
12592280000000,2.32050180435
12592890000000,2.03179049492
12593500000000,1.74334204197
12594090000000,1.45020842552
12594720000000,1.18365263939
12595340000000,1.06354320049
12595940000000,1.0749874115
