13813060000000,17.7635002136
13813810000000,17.5172405243
13814550000000,17.3019657135
13815310000000,17.0873203278
13816020000000,16.8619060516
13816760000000,16.6540393829
13817460000000,16.4454803467
13818130000000,16.2589035034
13818820000000,16.0772647858
13819510000000,15.8939189911
13820150000000,15.7695007324
13820800000000,15.6956768036
13821480000000,15.7603740692
13822120000000,15.9219999313
13822770000000,16.1654624939
13823460000000,16.4377861023
13824080000000,16.6200504303
13824730000000,16.8575210571
13825360000000,17.1527938843
13825990000000,17.4314098358
13826660000000,17.7286510468
13827280000000,18.0370922089
13827920000000,18.3096027374
13828570000000,18.6016483307
13829210000000,18.8947277069
13829850000000,19.1913146973
13830500000000,19.2012939453
13831150000000,19.1581859589
13831800000000,19.1347808838
13832440000000,19.1124420166
13833080000000,19.2414741516
13833700000000,19.0332069397
13834340000000,18.7284832001
13834980000000,18.4469604492
13835650000000,18.135881424
13836250000000,17.8047580719
13836860000000,17.5195236206
13837510000000,17.2104930878
13838130000000,16.8821296692
13838760000000,16.5679759979
13839390000000,16.2513942719
13840040000000,15.9593915939
13840670000000,15.6740837097
13841310000000,15.4284639359
13841920000000,15.1867389679
13842560000000,14.9706916809
13843220000000,14.8647375107
13843840000000,14.8188419342
13844490000000,14.8218698502
13845090000000,14.8750114441
13845720000000,14.9942350388
13846330000000,15.2176017761
13846940000000,15.4255905151
13847560000000,15.6500225067
13848160000000,15.8633146286
13848750000000,16.0794048309
13849350000000,16.2982654572
13850000000000,16.4443683624
13850610000000,16.4517803192
13851250000000,16.4731311798
13851870000000,16.3386650085
13852480000000,16.1663074493
13853080000000,15.9297590256
13853660000000,15.6245069504
13854280000000,15.3298006058
13854880000000,15.0655059814
13855460000000,14.8032798767
13856050000000,14.5414295197
13856700000000,14.3001289368
13857310000000,13.9918813705
13857900000000,13.7070903778
13858520000000,13.4648103714
13859140000000,13.2163190842
13859750000000,12.9270906448
13860370000000,12.6522722244
13860950000000,12.3720436096
13861540000000,12.1067705154
13862140000000,11.8465824127
13862710000000,11.5853815079
13863320000000,11.3272476196
13863950000000,11.0335731506
13864560000000,10.7596569061
13865160000000,10.4777669907
13865780000000,10.2161521912
13866410000000,9.92871284485
13866980000000,9.65244674683
13867560000000,9.41245555878
13868180000000,9.15235137939
13868760000000,8.86721134186
13869350000000,8.61579036713
13869970000000,8.35333633423
13870560000000,8.08342456818
13871170000000,7.81838321686
13871830000000,7.57985448837
13872410000000,7.29029273987
13873020000000,7.0211596489
13873610000000,6.75673627853
13874200000000,6.49251270294
13874800000000,6.25885343552
13875400000000,5.99972867966
13875980000000,5.72327566147
13876610000000,5.46873378754
13877190000000,5.1815867424
13877820000000,4.93369197845
13878420000000,4.63387537003
13878990000000,4.33465766907
13879590000000,4.05546760559
13880200000000,3.75662469864
13880790000000,3.43444156647
13881410000000,3.14870619774
13881970000000,2.82742190361
13882550000000,2.57381176949
13883180000000,2.28610801697
13883800000000,1.96507811546
13884380000000,1.66693615913
13885000000000,1.41212379932
13885600000000,1.13539588451
13886190000000,0.903349578381
