
20018450000000,18.2407932281
20019010000000,18.0752925873
20019550000000,17.8721313477
20020080000000,17.6848735809
20020590000000,17.4992179871
20021120000000,17.3120594025
20021600000000,17.1534194946
20022140000000,16.9896907806
20022680000000,16.8263626099
20023180000000,16.6584968567
20023680000000,16.4916706085
20024170000000,16.3332118988
20024650000000,16.1829929352
20025100000000,16.0416488647
20025600000000,15.8953323364
20026090000000,15.7586336136
20026550000000,15.6486768723
20026990000000,15.5651292801
20027430000000,15.483499527
20027870000000,15.416138649
20028300000000,15.3773488998
20028750000000,15.3857660294
20029210000000,15.4478254318
20029630000000,15.5678348541
20030080000000,15.6637191772
20030550000000,15.754447937
20031010000000,15.8355360031
20031430000000,15.9017591476
20031900000000,16.031375885
20032360000000,16.2236099243
20032810000000,16.4601383209
20033230000000,16.6193675995
20033670000000,16.7568206787
20034140000000,16.9134197235
20034590000000,17.1005210876
20035030000000,17.2593212128
20035450000000,17.4455566406
20035880000000,17.6159114838
20036290000000,17.7255420685
20036730000000,17.9013824463
20037180000000,18.0912075043
20037610000000,18.2985630035
20038050000000,18.4806365967
20038480000000,18.6793384552
20038930000000,18.7088909149
20039360000000,18.6527824402
20039790000000,18.5440788269
20040250000000,18.5035171509
20040690000000,18.4766693115
20041110000000,18.4925441742
20041570000000,18.4884319305
20042000000000,18.4082660675
20042430000000,18.3932685852
20042880000000,18.3252944946
20043320000000,18.2867126465
20043750000000,18.2128677368
20044180000000,18.1100330353
20044630000000,17.9985923767
20045070000000,17.889415741
20045520000000,17.8609542847
20045970000000,17.771648407
20046410000000,17.6120376587
20046820000000,17.4351062775
20047250000000,17.2447376251
20047700000000,17.1171531677
20048140000000,16.9256668091
20048560000000,16.7136859894
20049020000000,16.5112514496
20049450000000,16.2896366119
20049890000000,16.0847053528
20050310000000,15.910484314
20050740000000,15.7763433456
20051150000000,15.6143703461
20051590000000,15.4796419144
20052020000000,15.3379793167
20052450000000,15.2212429047
20052870000000,15.1022548676
20053310000000,14.9970493317
20053740000000,14.8783254623
20054150000000,14.7795181274
20054560000000,14.6775465012
20055000000000,14.6000967026
20055420000000,14.5497131348
20055880000000,14.642996788
20056280000000,14.7753725052
20056700000000,14.9188013077
20057110000000,15.0567970276
20057540000000,15.1825475693
20057990000000,15.3425397873
20058420000000,15.4777956009
20058880000000,15.6047325134
20059300000000,15.7524280548
20059720000000,15.8838176727
20060150000000,16.0185680389
20060560000000,16.1632575989
20060970000000,16.2423381805
20061390000000,16.2459259033
20061830000000,16.2727642059
20062250000000,16.2987251282
20062660000000,16.2124843597
20063090000000,16.2918834686
20063490000000,16.2889270782
20063900000000,16.285282135
20064340000000,16.2666435242
20064770000000,16.0561256409
20065190000000,15.8563299179
20065600000000,15.7294044495
20066030000000,15.5844860077
20066490000000,15.4233255386
20066910000000,15.2470588684
20067320000000,15.0796356201
20067730000000,14.9360876083
20068130000000,14.7741355896
20068550000000,14.6384754181
20068960000000,14.4803113937
20069380000000,14.3096437454
20069830000000,14.1776676178
20070240000000,13.9849281311
20070660000000,13.7988328934
20071070000000,13.6398124695
20071490000000,13.4677476883
20071960000000,13.2965526581
20072380000000,13.1185455322
20072800000000,12.9294691086
20073210000000,12.7657060623
20073630000000,12.5665540695
20074050000000,12.373919487
20074480000000,12.1888608932
20074890000000,11.9955587387
20075320000000,11.8059892654
20075710000000,11.59678936
20076120000000,11.4329872131
20076530000000,11.2503261566
20076940000000,11.0860042572
20077370000000,10.8919582367
20077760000000,10.7260713577
20078170000000,10.5696001053
20078590000000,10.3894367218
20078990000000,10.2127580643
20079400000000,10.0576457977
20079810000000,9.88114452362
20080210000000,9.72405719757
20080640000000,9.56377506256
20081050000000,9.38312911987
20081450000000,9.23320674896
20081840000000,9.0826625824
20082240000000,8.91190719604
20082680000000,8.76641559601
20083070000000,8.59491729736
20083470000000,8.45851039886
20083860000000,8.31400203705
20084270000000,8.14463233948
20084670000000,7.99214553833
20085080000000,7.84385299683
20085520000000,7.70205640793
20085920000000,7.52992773056
20086340000000,7.39409923553
20086760000000,7.25165843964
20087180000000,7.1045293808
20087600000000,6.95049285889
20088020000000,6.8071231842
20088450000000,6.70833110809
20088870000000,6.55455446243
20089270000000,6.38048601151
20089690000000,6.22798776627
20090100000000,6.09110736847
20090520000000,5.94178342819
20090940000000,5.81498003006
20091340000000,5.70593547821
20091740000000,5.52731895447
20092150000000,5.33091020584
20092550000000,5.14341115952
20092960000000,4.96536970139
20093420000000,4.7687792778
20093840000000,4.53467798233
20094240000000,4.34751033783
20094660000000,4.17240667343
20095060000000,3.96778821945
20095490000000,3.78626966476
20095880000000,3.58526444435
20096300000000,3.3868393898
20096710000000,3.22168684006
20097130000000,3.03899216652
20097530000000,2.84299516678
20097930000000,2.66651296616
20098350000000,2.4698741436
20098730000000,2.28443551064
20099150000000,2.11179876328
20099570000000,1.90627157688
20099990000000,1.71057415009
20100430000000,1.53465735912
20100850000000,1.31528091431
20101280000000,1.23204624653
20101710000000,1.22426521778
