11261340000000,17.0898666382
11262080000000,16.8353538513
11262780000000,16.5988407135
11263490000000,16.3847103119
11264160000000,16.1688117981
11264830000000,15.9635791779
11265530000000,15.7620391846
11266180000000,15.5417413712
11266840000000,15.4955511093
11267510000000,15.492398262
11268160000000,15.4940977097
11268810000000,15.510178566
11269450000000,15.6106929779
11270120000000,15.8330764771
11270740000000,16.0739135742
11271370000000,16.2763175964
11272000000000,16.5331878662
11272630000000,16.8845500946
11273260000000,17.1979217529
11273880000000,17.4787349701
11274530000000,17.7815189362
11275190000000,18.0805225372
11275830000000,18.3776569366
11276500000000,18.6753807068
11277180000000,18.9738368988
11277810000000,18.9832878113
11278430000000,18.9099311829
11279080000000,18.8153362274
11279730000000,18.6500720978
11280360000000,18.3901443481
11281010000000,18.1794395447
11281650000000,17.948474884
11282260000000,17.7758541107
11282890000000,17.5480804443
11283510000000,17.2325363159
11284120000000,16.9404525757
11284770000000,16.6416492462
11285370000000,16.3021202087
11286020000000,16.0021038055
11286650000000,15.6842031479
11287290000000,15.399055481
11287920000000,15.1622982025
11288570000000,14.9050884247
11289230000000,14.7385950089
11289830000000,14.5729465485
11290450000000,14.5823373795
11291090000000,14.6749067307
11291710000000,14.7752771378
11292340000000,14.9739227295
11292940000000,15.1964702606
11293590000000,15.3973779678
11294200000000,15.6330108643
11294830000000,15.869925499
11295420000000,16.0970458984
11296060000000,16.3166885376
11296660000000,16.449678421
11297290000000,16.5783519745
11297910000000,16.5646648407
11298570000000,16.5887699127
11299200000000,16.2975597382
11299800000000,15.977399826
11300430000000,15.6870088577
11301070000000,15.3964090347
11301690000000,15.0864191055
11302280000000,14.7868156433
11302850000000,14.5067110062
11303480000000,14.2220420837
11304090000000,13.9455490112
11304710000000,13.6511278152
11305320000000,13.367816925
11305930000000,13.0940332413
11306530000000,12.8306741714
11307110000000,12.559803009
11307710000000,12.2805557251
11308300000000,12.0132665634
11308880000000,11.7462148666
11309470000000,11.5080194473
11310100000000,11.2372522354
11310690000000,10.9592037201
11311290000000,10.7075662613
11311870000000,10.4413471222
11312460000000,10.1719083786
11313110000000,9.91643047333
11313730000000,9.64291381836
11314320000000,9.35628604889
11314910000000,9.10469436646
11315490000000,8.83524894714
11316060000000,8.56801509857
11316670000000,8.31987667084
11317260000000,8.05692481995
11317850000000,7.79701709747
11318460000000,7.53941297531
11319090000000,7.28574848175
11319700000000,7.02692127228
11320310000000,6.77275800705
11320980000000,6.53733253479
11321560000000,6.25032567978
11322140000000,5.98045539856
11322740000000,5.73542499542
11323370000000,5.44559764862
11323980000000,5.13515424728
11324610000000,4.83712530136
11325190000000,4.53911066055
11325780000000,4.27196455002
11326370000000,3.98681497574
11326990000000,3.72172856331
11327610000000,3.41809892654
11328230000000,3.14040017128
11328830000000,2.84138202667
11329480000000,2.55563282967
11330080000000,2.25020575523
11330680000000,1.95933508873
11331280000000,1.6708868742
11331880000000,1.37860882282
11332470000000,1.10757315159
