11548040000000,17.3118305206
11548770000000,17.099527359
11549470000000,16.8844890594
11550160000000,16.6768817902
11550850000000,16.4798336029
11551510000000,16.2819385529
11552240000000,16.1002578735
11552910000000,15.9258241653
11553560000000,15.809340477
11554200000000,15.7550592422
11554820000000,15.7339429855
11555460000000,15.7737207413
11556110000000,15.9819450378
11556750000000,16.236240387
11557350000000,16.4996795654
11557980000000,16.7403678894
11558630000000,16.9858341217
11559230000000,17.2868404388
11559860000000,17.4931774139
11560480000000,17.7221221924
11561150000000,17.9990253448
11561760000000,18.2632484436
11562390000000,18.5465297699
11563020000000,18.8068904877
11563670000000,18.9082183838
11564310000000,19.0189647675
11564950000000,19.0806121826
11565590000000,19.0428714752
11566260000000,18.8272628784
11566880000000,18.570016861
11567520000000,18.3400020599
11568120000000,18.1022701263
11568720000000,17.8294620514
11569340000000,17.5434627533
11569980000000,17.2654781342
11570600000000,16.9498653412
11571250000000,16.6530017853
11571850000000,16.3420219421
11572530000000,16.091676712
11573130000000,15.7819700241
11573760000000,15.5192461014
11574370000000,15.2324953079
11575040000000,14.9715843201
11575630000000,14.8002262115
11576240000000,14.6609544754
11576880000000,14.5830688477
11577500000000,14.7104883194
11578100000000,14.82305336
11578690000000,14.9659795761
11579290000000,15.1705932617
11579930000000,15.4258241653
11580550000000,15.6835651398
11581160000000,15.9463863373
11581750000000,16.1829414368
11582440000000,16.3917713165
11583030000000,16.620388031
11583610000000,16.7345638275
11584250000000,16.8116054535
11584870000000,16.7672805786
11585490000000,16.5486698151
11586120000000,16.2706699371
11586750000000,15.9506044388
11587400000000,15.6512145996
11588020000000,15.3883123398
11588630000000,15.1303091049
11589290000000,14.8743209839
11589890000000,14.5866184235
11590510000000,14.3427000046
11591130000000,14.0845298767
11591790000000,13.836397171
11592400000000,13.5960674286
11592990000000,13.3257131577
11593600000000,13.0503807068
11594250000000,12.7604885101
11594900000000,12.46322155
11595510000000,12.1671285629
11596120000000,11.8807592392
11596720000000,11.5955886841
11597390000000,11.3207597733
11598010000000,11.0297794342
11598630000000,10.7500553131
11599200000000,10.4707355499
11599800000000,10.2030878067
11600380000000,9.93670272827
11600980000000,9.69701957703
11601570000000,9.4159526825
11602190000000,9.15392303467
11602780000000,8.88448047638
11603400000000,8.6075630188
11604010000000,8.35086536407
11604580000000,8.07016468048
11605210000000,7.82705259323
11605800000000,7.56091165543
11606380000000,7.30651044846
11607000000000,7.05812597275
11607610000000,6.81062459946
11608220000000,6.5703959465
11608810000000,6.32315206528
11609400000000,6.07622528076
11610010000000,5.81655311584
11610660000000,5.55091285706
11611260000000,5.24237203598
11611840000000,4.95080947876
11612440000000,4.66153860092
11613070000000,4.3722987175
11613670000000,4.07505989075
11614290000000,3.80451130867
11614880000000,3.5217757225
11615460000000,3.23825263977
11616110000000,2.97962927818
11616710000000,2.65683698654
11617310000000,2.36464452744
11617920000000,2.07113099098
11618510000000,1.77986812592
11619130000000,1.51177203655
11619760000000,1.20149791241
