14380170000000,17.8972263336
14380940000000,17.6628265381
14381680000000,17.4354820251
14382420000000,17.2008552551
14383130000000,16.9838981628
14383840000000,16.7856369019
14384520000000,16.5808620453
14385230000000,16.3912372589
14385910000000,16.2077178955
14386610000000,16.0749378204
14387290000000,15.9346599579
14387940000000,15.9073810577
14388620000000,16.0244541168
14389250000000,16.1734256744
14389890000000,16.3263282776
14390540000000,16.4951381683
14391280000000,16.6639270782
14391920000000,17.0544986725
14392560000000,17.3363018036
14393180000000,17.6244544983
14393810000000,17.8733844757
14394450000000,18.128824234
14395040000000,18.3926010132
14395690000000,18.6416797638
14396320000000,18.9099979401
14396980000000,19.1291656494
14397670000000,18.9266147614
14398340000000,18.8489685059
14398960000000,18.6859512329
14399570000000,18.6381988525
14400170000000,18.3161659241
14400820000000,18.1142997742
14401440000000,17.885099411
14402060000000,17.611995697
14402700000000,17.3546695709
14403350000000,17.051240921
14403980000000,16.7426013947
14404650000000,16.4288959503
14405280000000,16.1156044006
14405920000000,15.7858867645
14406590000000,15.5424833298
14407240000000,15.2065572739
14407880000000,14.9468650818
14408480000000,14.7169876099
14409090000000,14.5357704163
14409770000000,14.4315776825
14410410000000,14.5190210342
14411030000000,14.6249866486
14411670000000,14.7221078873
14412310000000,14.7653036118
14412930000000,14.9788856506
14413540000000,15.2165870667
14414180000000,15.457118988
14414900000000,15.6854104996
14415500000000,15.9702348709
14416100000000,16.1958217621
14416710000000,16.428527832
14417370000000,16.552898407
14417970000000,16.5490322113
14418580000000,16.6321239471
14419230000000,16.4435405731
14419820000000,16.1026039124
14420440000000,15.8012914658
14421040000000,15.5097026825
14421660000000,15.2295684814
14422270000000,14.9579668045
14422890000000,14.6834163666
14423520000000,14.4191474915
14424150000000,14.1562423706
14424730000000,13.8769254684
14425340000000,13.6191005707
14425980000000,13.3390407562
14426610000000,13.0649967194
14427200000000,12.8008937836
14427820000000,12.5473804474
14428420000000,12.2621603012
14429030000000,11.9851818085
14429630000000,11.7060661316
14430240000000,11.4164123535
14430820000000,11.1294660568
14431470000000,10.869556427
14432080000000,10.5753669739
14432670000000,10.2812595367
14433270000000,10.0240345001
14433900000000,9.7527256012
14434500000000,9.4536190033
14435090000000,9.2147397995
14435730000000,8.94285774231
14436290000000,8.65722846985
14436930000000,8.39070320129
14437530000000,8.10017871857
14438130000000,7.83019161224
14438750000000,7.55870580673
14439390000000,7.29682826996
14440030000000,7.01041221619
14440590000000,6.74418592453
14441170000000,6.50896263123
14441790000000,6.25455284119
14442360000000,5.96919488907
14443060000000,5.72349500656
14443660000000,5.41142320633
14444260000000,5.11766910553
14444870000000,4.82739686966
14445460000000,4.55362939835
14446090000000,4.29278326035
14446660000000,3.98637580872
14447260000000,3.7320959568
14447860000000,3.43157124519
14448470000000,3.10164189339
14449110000000,2.79439735413
14449720000000,2.49984288216
14450380000000,2.18518400192
14450950000000,1.86983132362
14451540000000,1.59828734398
14452160000000,1.30923700333
14452750000000,1.01740014553
