
12364620000000,17.222743988
12365380000000,17.2227401733
12366190000000,17.2227363586
12366910000000,17.1192874908
12367670000000,16.9103031158
12368430000000,16.728975296
12369140000000,16.5922527313
12369850000000,16.5051250458
12370570000000,16.3201122284
12371250000000,16.1259040833
12371930000000,15.9525403976
12372620000000,15.8165864944
12373260000000,15.862490654
12373900000000,15.8668165207
12374570000000,15.9996938705
12375270000000,16.1160163879
12375960000000,16.3494529724
12376580000000,16.6730136871
12377240000000,16.974401474
12377900000000,17.2372570038
12378540000000,17.5256977081
12379230000000,17.8078422546
12379890000000,18.1100177765
12380540000000,18.4042167664
12381180000000,18.674861908
12381820000000,18.9622173309
12382490000000,19.2108669281
12383100000000,19.2995681763
12383730000000,19.2797546387
12384400000000,19.2687587738
12385020000000,19.2358379364
12385680000000,18.9981231689
12386310000000,18.6559448242
12386970000000,18.3977203369
12387590000000,18.1163196564
12388270000000,17.85496521
12388940000000,17.5561618805
12389560000000,17.2284164429
12390190000000,16.9244060516
12390840000000,16.6156253815
12391490000000,16.2868309021
12392120000000,15.9799823761
12392770000000,15.6722946167
12393370000000,15.3583974838
12394050000000,15.0839614868
12394730000000,14.7943563461
12395340000000,14.541800499
12396000000000,14.3829088211
12396660000000,14.190073967
12397280000000,14.1053066254
12397910000000,14.1802215576
12398510000000,14.2985916138
12399160000000,14.4380426407
12399760000000,14.6504392624
12400360000000,14.8220567703
12400950000000,15.0241327286
12401660000000,15.2290811539
12402280000000,15.4892902374
12402900000000,15.7050161362
12403510000000,15.9210205078
12404120000000,15.9667015076
12404720000000,16.0548648834
12405340000000,15.9740571976
12405980000000,16.0871067047
12406610000000,15.9674282074
12407240000000,15.7109184265
12407850000000,15.4515428543
12408470000000,15.2115783691
12409060000000,14.9802331924
12409670000000,14.7544002533
12410300000000,14.5298156738
12410910000000,14.2918434143
12411500000000,14.0855894089
12412120000000,13.8685054779
12412750000000,13.6678771973
12413380000000,13.4442901611
12414020000000,13.222536087
12414630000000,12.9601783752
12415220000000,12.7185001373
12415820000000,12.5136289597
12416470000000,12.2735548019
12417070000000,11.9687147141
12417660000000,11.7113323212
12418300000000,11.4271583557
12418890000000,11.1519985199
12419510000000,10.8831253052
12420100000000,10.57492733
12420780000000,10.2869796753
12421360000000,9.96195793152
12421940000000,9.72083282471
12422530000000,9.44825744629
12423140000000,9.17868614197
12423730000000,8.89156150818
12424330000000,8.62271785736
12424950000000,8.34667110443
12425530000000,8.06283092499
12426120000000,7.79921340942
12426740000000,7.53806066513
12427340000000,7.25158405304
12427910000000,6.98593330383
12428530000000,6.73994207382
12429120000000,6.47165298462
12429750000000,6.22392463684
12430350000000,5.95594549179
12430950000000,5.72222042084
12431570000000,5.48208141327
12432190000000,5.22168874741
12432780000000,4.955037117
12433410000000,4.68461275101
12434020000000,4.3944106102
12434670000000,4.12572383881
12435280000000,3.79487848282
12435880000000,3.53513669968
12436490000000,3.22708582878
12437080000000,2.93147611618
12437660000000,2.63471841812
12438280000000,2.35919904709
12438900000000,2.04431581497
12439540000000,1.75160086155
12440180000000,1.4424059391
12440780000000,1.13903141022
12441440000000,0.865874052048
12442050000000,0.758476376534
12442680000000,0.7584451437
