14247690000000,17.633638382
14248410000000,17.3912315369
14249180000000,17.1865997314
14249940000000,16.9704875946
14250620000000,16.7546901703
14251360000000,16.577878952
14252030000000,16.367181778
14252690000000,16.2021789551
14253360000000,16.0400314331
14254060000000,15.8897352219
14254700000000,15.7850494385
14255350000000,15.7309837341
14256060000000,15.679854393
14256710000000,15.634144783
14257350000000,15.5376958847
14257960000000,15.7834568024
14258610000000,15.8984251022
14259280000000,16.2123775482
14259900000000,16.5595970154
14260500000000,16.8058624268
14261170000000,17.1002655029
14261800000000,17.4002723694
14262420000000,17.6942443848
14263060000000,17.9636669159
14263720000000,18.248380661
14264310000000,18.5613422394
14264950000000,18.8384189606
14265620000000,19.1210174561
14266270000000,19.030134201
14266870000000,19.0205974579
14267510000000,18.8982601166
14268130000000,18.7726783752
14268800000000,18.6677913666
14269460000000,18.4223670959
14270110000000,18.082660675
14270730000000,17.7691879272
14271360000000,17.4819545746
14272020000000,17.1864738464
14272630000000,16.8787574768
14273290000000,16.5797977448
14273900000000,16.2315387726
14274530000000,15.9354543686
14275170000000,15.623049736
14275810000000,15.3415279388
14276450000000,15.0463514328
14277110000000,14.894030571
14277760000000,14.7175388336
14278380000000,14.5448169708
14278980000000,14.463142395
14279580000000,14.3431386948
14280180000000,14.2549772263
14280770000000,14.3436031342
14281370000000,14.4615221024
14281970000000,14.5971508026
14282590000000,14.832482338
14283270000000,15.0600452423
14283880000000,15.3419952393
14284550000000,15.5862007141
14285130000000,15.8641443253
14285740000000,16.0949420929
14286370000000,16.3499011993
14287000000000,16.4449424744
14287650000000,16.4128818512
14288240000000,16.3353004456
14288850000000,16.2338066101
14289450000000,15.994386673
14290070000000,15.7083835602
14290680000000,15.4287624359
14291260000000,15.1139144897
14291910000000,14.8686285019
14292520000000,14.5894346237
14293140000000,14.3263521194
14293780000000,14.0624332428
14294400000000,13.78399086
14294990000000,13.4986782074
14295610000000,13.244342804
14296190000000,12.9919147491
14296830000000,12.7378292084
14297400000000,12.4569158554
14298010000000,12.196680069
14298600000000,11.9103965759
14299200000000,11.6399030685
14299910000000,11.3686532974
14300470000000,11.0344524384
14301070000000,10.7874917984
14301660000000,10.5039167404
14302250000000,10.2347097397
14302820000000,9.97304439545
14303390000000,9.68629264832
14303980000000,9.4258852005
14304610000000,9.1479511261
14305190000000,8.87196445465
14305770000000,8.59718132019
14306500000000,8.34227371216
14307120000000,8.00793743134
14307680000000,7.72113227844
14308270000000,7.48104763031
14308880000000,7.21683263779
14309470000000,6.95578765869
14310060000000,6.70041179657
14310680000000,6.49034070969
14311270000000,6.21210002899
14311860000000,5.96703100204
14312470000000,5.65375614166
14313100000000,5.37418556213
14313720000000,5.08564519882
14314370000000,4.78829431534
14314990000000,4.45048666
14315650000000,4.16694545746
14316250000000,3.86017012596
14316880000000,3.54867124557
14317450000000,3.22769474983
14318020000000,2.94080805779
14318640000000,2.66586971283
14319230000000,2.38016915321
14319820000000,2.08849573135
14320460000000,1.81502914429
14321030000000,1.52398014069
14321630000000,1.23731136322
