
20672890000000,17.65675354
20673430000000,17.4863166809
20673940000000,17.3209934235
20674440000000,17.1668148041
20674940000000,17.0172977448
20675450000000,16.8582458496
20675950000000,16.7194309235
20676450000000,16.5647163391
20676930000000,16.4123516083
20677410000000,16.273973465
20677870000000,16.1435699463
20678340000000,16.0095424652
20678790000000,15.88788414
20679270000000,15.8158121109
20679710000000,15.7865962982
20680170000000,15.7580480576
20680660000000,15.7125701904
20681100000000,15.7271785736
20681570000000,15.7452545166
20682010000000,15.6593360901
20682440000000,15.7685899734
20682900000000,15.8570756912
20683340000000,16.0152626038
20683800000000,16.1429767609
20684240000000,16.2812213898
20684680000000,16.4435043335
20685100000000,16.5894680023
20685540000000,16.7662734985
20686070000000,16.9679336548
20686490000000,17.2043552399
20686950000000,17.341545105
20687400000000,17.5317745209
20687870000000,17.7185935974
20688300000000,17.941236496
20688750000000,18.055437088
20689190000000,18.1463050842
20689610000000,18.3191833496
20690030000000,18.4842472076
20690480000000,18.6513881683
20690920000000,18.8438663483
20691370000000,19.0131702423
20691810000000,19.1452865601
20692260000000,19.0744190216
20692690000000,19.0782165527
20693120000000,19.0849609375
20693560000000,19.0876255035
20694000000000,19.091053009
20694440000000,19.1849575043
20694890000000,19.2336235046
20695320000000,19.1214160919
20695760000000,18.9642276764
20696190000000,18.8200416565
20696620000000,18.6401844025
20697080000000,18.4856300354
20697530000000,18.287115097
20698000000000,18.1636314392
20698430000000,17.9634094238
20698880000000,17.873249054
20699300000000,17.7493038177
20699750000000,17.5925331116
20700220000000,17.3611507416
20700650000000,17.1743087769
20701100000000,16.9721908569
20701550000000,16.7960700989
20702000000000,16.5829906464
20702440000000,16.373544693
20702860000000,16.1764812469
20703310000000,15.9985380173
20703730000000,15.7994337082
20704150000000,15.6206855774
20704580000000,15.4512262344
20705030000000,15.2687234879
20705480000000,15.0972957611
20705930000000,14.9565076828
20706360000000,14.8156080246
20706800000000,14.7260837555
20707230000000,14.6271543503
20707660000000,14.5226507187
20708080000000,14.4452695847
20708520000000,14.375743866
20708960000000,14.3001756668
20709370000000,14.2240104675
20709830000000,14.2371149063
20710310000000,14.321600914
20710750000000,14.4637775421
20711150000000,14.6084833145
20711590000000,14.7471628189
20712010000000,14.8982219696
20712420000000,15.0713834763
20712840000000,15.236618042
20713260000000,15.4039974213
20713690000000,15.5932617188
20714150000000,15.7538118362
20714560000000,15.9447221756
20714960000000,16.0991630554
20715400000000,16.1626605988
20715860000000,16.1624221802
20716290000000,16.2611160278
20716690000000,16.3753490448
20717150000000,16.4302692413
20717560000000,16.5025463104
20717980000000,16.4643993378
20718420000000,16.5417251587
20718850000000,16.5212497711
20719260000000,16.4678821564
20719670000000,16.5280513763
20720110000000,16.4681282043
20720540000000,16.2664756775
20720950000000,16.0764350891
20721370000000,15.9017057419
20721780000000,15.7074375153
20722190000000,15.5280103683
20722610000000,15.3476190567
20723030000000,15.1845216751
20723440000000,14.9963960648
20723840000000,14.8320589066
20724270000000,14.6760110855
20724690000000,14.4958696365
20725120000000,14.3244228363
20725560000000,14.1459102631
20725980000000,13.9760093689
20726400000000,13.8207578659
20726840000000,13.6637096405
20727260000000,13.4804811478
20727660000000,13.2988185883
20728070000000,13.1276016235
20728510000000,12.9482479095
20728920000000,12.7721395493
20729340000000,12.6057691574
20729790000000,12.4254150391
20730210000000,12.2248773575
20730620000000,12.0351734161
20731020000000,11.8467931747
20731410000000,11.6678676605
20731830000000,11.4986209869
20732220000000,11.311753273
20732650000000,11.1435527802
20733060000000,10.9401445389
20733480000000,10.7638444901
20733880000000,10.5710411072
20734280000000,10.4047927856
20734700000000,10.2305688858
20735130000000,10.047829628
20735510000000,9.86556816101
20735940000000,9.69287967682
20736370000000,9.5124540329
20736780000000,9.33296298981
20737180000000,9.14662742615
20737590000000,8.98673629761
20738020000000,8.81947612762
20738510000000,8.64495754242
20738910000000,8.44718647003
20739300000000,8.27569770813
20739730000000,8.12220954895
20740140000000,7.94515752792
20740560000000,7.77704286575
20741000000000,7.602206707
20741390000000,7.4377989769
20741790000000,7.29074382782
20742190000000,7.1454911232
20742590000000,6.97977256775
20742990000000,6.83893823624
20743430000000,6.69325828552
20743850000000,6.52841329575
20744260000000,6.38539266586
20744700000000,6.29295158386
20745190000000,6.11944770813
20745610000000,5.93684482574
20746030000000,5.74507474899
20746450000000,5.56307792664
20746840000000,5.36532068253
20747280000000,5.19792318344
20747730000000,5.01146030426
20748150000000,4.82731342316
20748570000000,4.6388335228
20748980000000,4.46654987335
20749400000000,4.31683635712
20749850000000,4.17176389694
20750280000000,3.95800662041
20750690000000,3.78011751175
20751100000000,3.57154512405
20751500000000,3.39552974701
20752030000000,3.21907663345
20752440000000,2.97678041458
20752860000000,2.78013849258
20753250000000,2.5899875164
20753690000000,2.42787003517
20754140000000,2.28573298454
20754570000000,2.07642960548
20754980000000,1.88523340225
20755410000000,1.71920073032
20755870000000,1.51509845257
20756300000000,1.3214455843
20756710000000,1.14267408848
20757160000000,0.992532074451
