
12983490000000,17.2642040253
12984260000000,17.2641868591
12985030000000,17.2641677856
12985750000000,17.2473621368
12986520000000,17.0561122894
12987300000000,16.8248672485
12987970000000,16.6046466827
12988660000000,16.4013271332
12989340000000,16.2232322693
12990010000000,16.099363327
12990670000000,16.0566539764
12991300000000,16.0085525513
12991980000000,15.9670343399
12992640000000,15.9312763214
12993280000000,15.8930807114
12993970000000,15.9340238571
12994610000000,16.2170810699
12995270000000,16.4870166779
12995900000000,16.7839889526
12996550000000,17.091802597
12997190000000,17.38347435
12997820000000,17.6660423279
12998460000000,17.9585895538
12999100000000,18.2311649323
12999710000000,18.5030956268
13000350000000,18.7612037659
13001030000000,19.0449085236
13001670000000,19.335105896
13002290000000,19.3669052124
13002930000000,19.3363742828
13003590000000,19.3288650513
13004260000000,19.1567173004
13004870000000,18.9005241394
13005490000000,18.6844463348
13006110000000,18.4607639313
13006770000000,18.1927967072
13007440000000,17.9142360687
13008080000000,17.588727951
13008730000000,17.2712364197
13009340000000,16.9517097473
13010010000000,16.6421051025
13010620000000,16.3026065826
13011270000000,16.0044631958
13011910000000,15.6919746399
13012570000000,15.3944692612
13013210000000,15.1273193359
13013850000000,14.8330602646
13014460000000,14.5986022949
13015110000000,14.4009151459
13015750000000,14.1850652695
13016380000000,14.1324367523
13017000000000,14.1119327545
13017650000000,14.1277256012
13018240000000,14.1697645187
13018850000000,14.2650747299
13019450000000,14.5303792953
13020080000000,14.795083046
13020710000000,15.069943428
13021290000000,15.3547239304
13021930000000,15.616063118
13022550000000,15.8978910446
13023190000000,16.1315250397
13023800000000,16.2365016937
13024430000000,16.2586593628
13025080000000,16.2118110657
13025690000000,16.1025066376
13026280000000,15.9600410461
13026920000000,15.8968582153
13027550000000,15.8125104904
13028200000000,15.6622533798
13028800000000,15.5330286026
13029430000000,15.3948154449
13030050000000,15.2017288208
13030680000000,14.9347915649
13031310000000,14.6820354462
13031930000000,14.4051151276
13032540000000,14.1315393448
13033160000000,13.8573579788
13033750000000,13.5933275223
13034390000000,13.3319530487
13035000000000,13.0557107925
13035570000000,12.7990226746
13036180000000,12.5539102554
13036800000000,12.2806520462
13037410000000,12.022026062
13038020000000,11.7504606247
13038610000000,11.4935026169
13039220000000,11.2285070419
13039830000000,10.9331550598
13040430000000,10.6380176544
13041030000000,10.3540534973
13041650000000,10.0701141357
13042250000000,9.77902793884
13042840000000,9.49742221832
13043430000000,9.23593616486
13044060000000,8.95706558228
13044640000000,8.66062068939
13045260000000,8.40411758423
13045910000000,8.11072349548
13046500000000,7.81163740158
13047110000000,7.55022621155
13047740000000,7.28208351135
13048320000000,7.00003147125
13048940000000,6.73762464523
13049540000000,6.48723888397
13050160000000,6.22528219223
13050750000000,5.96941232681
13051350000000,5.69586133957
13051940000000,5.42896270752
13052560000000,5.19330024719
13053150000000,4.90135574341
13053770000000,4.60732507706
13054340000000,4.29719209671
13054930000000,3.99959206581
13055550000000,3.71895980835
13056160000000,3.39513492584
13056780000000,3.08668661118
13057370000000,2.80834197998
13057960000000,2.50884413719
13058550000000,2.21947598457
13059120000000,1.95325303078
13059700000000,1.67144918442
13060340000000,1.39520585537
13060940000000,1.09891998768
13061550000000,0.888758182526
13062200000000,0.889990508556
13062820000000,0.890042483807
