11931370000000,17.3775920868
11932130000000,17.2138023376
11932870000000,16.9986305237
11933600000000,16.7778110504
11934310000000,16.5855388641
11935080000000,16.3741817474
11935780000000,16.1574039459
11936430000000,15.968829155
11937120000000,15.7929325104
11937780000000,15.6055374146
11938440000000,15.4471139908
11939080000000,15.3498210907
11939800000000,15.3449850082
11940450000000,15.4525871277
11941070000000,15.5313110352
11941700000000,15.3332233429
11942380000000,15.5197067261
11943010000000,15.6279058456
11943650000000,15.9324817657
11944270000000,16.2543506622
11944990000000,16.5541229248
11945670000000,16.899564743
11946340000000,17.0555095673
11946960000000,17.320350647
11947610000000,17.5781288147
11948240000000,17.846616745
11948830000000,18.1088027954
11949510000000,18.3538322449
11950160000000,18.6691551208
11950770000000,18.9872837067
11951450000000,19.1248874664
11952080000000,19.2407360077
11952740000000,19.3249568939
11953400000000,19.3258228302
11954040000000,19.223815918
11954720000000,19.072593689
11955340000000,18.7817115784
11956020000000,18.4890766144
11956670000000,18.1834449768
11957290000000,17.9288482666
11957900000000,17.6295127869
11958560000000,17.3209114075
11959210000000,17.0086135864
11959860000000,16.6956481934
11960530000000,16.3777961731
11961170000000,16.0318908691
11961780000000,15.781162262
11962420000000,15.5286035538
11963050000000,15.2206859589
11963660000000,14.8939113617
11964320000000,14.6388444901
11964940000000,14.422293663
11965540000000,14.2738132477
11966200000000,14.3241567612
11966810000000,14.5018587112
11967400000000,14.6658945084
11968020000000,14.8515520096
11968680000000,15.0978593826
11969300000000,15.3301525116
11969900000000,15.5673627853
11970520000000,15.7977695465
11971100000000,16.0339756012
11971730000000,16.2561359406
11972360000000,16.470741272
11972960000000,16.5250434875
11973550000000,16.621515274
11974170000000,16.7687301636
11974780000000,16.6950073242
11975440000000,16.3912334442
11976060000000,16.1588516235
11976640000000,15.9174699783
11977280000000,15.6283159256
11977890000000,15.3734664917
11978530000000,15.1328125
11979130000000,14.8644676208
11979770000000,14.6297426224
11980370000000,14.3772993088
11980970000000,14.1622867584
11981560000000,13.9474859238
11982180000000,13.7228803635
11982770000000,13.4464530945
11983370000000,13.1893157959
11984000000000,12.9247760773
11984630000000,12.6491394043
11985230000000,12.361041069
11985820000000,12.0937271118
11986450000000,11.8277463913
11987040000000,11.5587692261
11987670000000,11.2106752396
11988260000000,10.9219808578
11988860000000,10.6457386017
11989470000000,10.377363205
11990040000000,10.0953330994
11990630000000,9.83940315247
11991240000000,9.56748962402
11991850000000,9.29722499847
11992460000000,9.02754497528
11993080000000,8.74297237396
11993690000000,8.47776889801
11994310000000,8.21670246124
11994880000000,7.94118881226
11995510000000,7.70979499817
11996090000000,7.43086576462
11996680000000,7.20505523682
11997290000000,6.95161390305
11997910000000,6.70152997971
11998520000000,6.45731925964
11999160000000,6.22780418396
11999810000000,5.93071269989
12000380000000,5.66615486145
12001000000000,5.42559194565
12001610000000,5.17234039307
12002210000000,4.91300296783
12002840000000,4.67645072937
12003450000000,4.38905334473
12004040000000,4.09034633636
12004670000000,3.79271364212
12005280000000,3.45878005028
12005890000000,3.14455652237
12006540000000,2.88683867455
12007130000000,2.62661290169
12007730000000,2.33085560799
12008370000000,2.03436756134
12008970000000,1.71957981586
12009560000000,1.45072126389
12010150000000,1.15410363674
12010760000000,0.910199403763
