11406630000000,17.2055168152
11407390000000,17.2055168152
11408130000000,16.9851131439
11408860000000,16.7624778748
11409570000000,16.5403938293
11410300000000,16.3221855164
11410970000000,16.1080284119
11411650000000,15.9126958847
11412300000000,15.7268180847
11412990000000,15.582490921
11413640000000,15.5123348236
11414270000000,15.530872345
11414910000000,15.5517053604
11415550000000,15.7449808121
11416210000000,15.8995819092
11416800000000,16.1706352234
11417460000000,16.4652862549
11418150000000,16.742307663
11418760000000,17.0991344452
11419370000000,17.416097641
11420040000000,17.6888656616
11420670000000,17.962179184
11421290000000,18.2354888916
11421970000000,18.5149269104
11422590000000,18.8174037933
11423230000000,19.0982322693
11423890000000,19.1512088776
11424550000000,19.0797557831
11425180000000,19.071521759
11425790000000,18.99700737
11426440000000,19.0197124481
11427070000000,18.7853927612
11427740000000,18.5310554504
11428410000000,18.1220626831
11429040000000,17.7555675507
11429680000000,17.4836025238
11430310000000,17.1691074371
11430950000000,16.8907356262
11431620000000,16.5942611694
11432270000000,16.284986496
11432910000000,15.9649963379
11433550000000,15.6874332428
11434160000000,15.3684568405
11434790000000,15.0466222763
11435400000000,14.8335723877
11436010000000,14.6741514206
11436620000000,14.5132932663
11437240000000,14.4061250687
11437840000000,14.392001152
11438550000000,14.4839792252
11439150000000,14.5687942505
11439740000000,14.6560974121
11440350000000,14.9125680923
11441000000000,15.1558704376
11441610000000,15.3816976547
11442200000000,15.6549453735
11442810000000,15.8716230392
11443510000000,16.0971336365
11444120000000,16.3201198578
11444750000000,16.4939365387
11445410000000,16.4898967743
11446040000000,16.3134880066
11446670000000,16.0178070068
11447280000000,15.7267894745
11447890000000,15.4242858887
11448550000000,15.1861124039
11449170000000,14.9315280914
11449780000000,14.6911716461
11450370000000,14.4400138855
11451020000000,14.1722917557
11451690000000,13.8680515289
11452300000000,13.5762481689
11452900000000,13.2974967957
11453500000000,13.012591362
11454080000000,12.7417707443
11454690000000,12.4361801147
11455300000000,12.1443319321
11455880000000,11.8458681107
11456440000000,11.5845680237
11457120000000,11.3245859146
11457730000000,11.0005569458
11458300000000,10.7335624695
11458910000000,10.4675579071
11459510000000,10.180770874
11460170000000,9.91974830627
11460790000000,9.62178421021
11461370000000,9.33495807648
11461940000000,9.08591270447
11462550000000,8.83004665375
11463220000000,8.56754207611
11463810000000,8.26430416107
11464440000000,8.03322792053
11465020000000,7.75392580032
11465610000000,7.5035610199
11466170000000,7.26512098312
11466800000000,7.03875541687
11467400000000,6.82463359833
11468010000000,6.5786356926
11468650000000,6.38237428665
11469270000000,6.15345478058
11469940000000,5.90808677673
11470560000000,5.58969640732
11471150000000,5.29429292679
11471760000000,4.99918460846
11472420000000,4.68538856506
11472990000000,4.37236976624
11473620000000,4.08946800232
11474210000000,3.78809833527
11474810000000,3.50566864014
11475370000000,3.21877503395
11475990000000,3.01018333435
11476590000000,2.72475504875
11477230000000,2.44272041321
11477820000000,2.1911509037
11478420000000,1.85435295105
11479000000000,1.55340349674
11479590000000,1.26523947716
11480190000000,0.996875703335
