
20352890000000,17.3670406342
20353410000000,17.1932945251
20353920000000,17.0432395935
20354450000000,16.9116077423
20354950000000,16.7741241455
20355470000000,16.6604003906
20355960000000,16.5309734344
20356430000000,16.4229240417
20356920000000,16.320356369
20357400000000,16.2161159515
20357870000000,16.1100769043
20358370000000,16.010679245
20358870000000,15.9182605743
20359310000000,15.8154230118
20359790000000,15.7392158508
20360270000000,15.6896038055
20360740000000,15.6917152405
20361180000000,15.7641839981
20361610000000,15.8362541199
20362070000000,15.8917512894
20362530000000,15.9000091553
20362960000000,15.936504364
20363390000000,16.0122089386
20363870000000,16.1348667145
20364310000000,16.2998695374
20364890000000,16.5242233276
20365400000000,16.590303421
20365930000000,16.5948963165
20366370000000,16.4771690369
20366810000000,16.5269832611
20367230000000,16.7331600189
20367650000000,16.9352912903
20368080000000,17.1558971405
20368520000000,17.3083553314
20368970000000,17.4577732086
20369420000000,17.6367321014
20369880000000,17.8184299469
20370310000000,17.9990730286
20370760000000,18.1812057495
20371200000000,18.3548717499
20371630000000,18.5388183594
20372070000000,18.7373828888
20372500000000,18.9143810272
20372940000000,18.9749622345
20373400000000,18.9625797272
20373820000000,18.8573722839
20374250000000,18.8827571869
20374720000000,18.9027023315
20375170000000,18.8941574097
20375600000000,18.9029541016
20376030000000,18.992143631
20376480000000,18.9603824615
20376930000000,18.823884964
20377390000000,18.6792030334
20377830000000,18.5163059235
20378310000000,18.3417263031
20378740000000,18.1760673523
20379200000000,18.0267181396
20379630000000,17.8296928406
20380080000000,17.6167163849
20380530000000,17.4070663452
20380980000000,17.2129650116
20381420000000,17.0894432068
20381850000000,16.9579238892
20382280000000,16.7958812714
20382700000000,16.6419467926
20383150000000,16.4952144623
20383570000000,16.339012146
20384000000000,16.2080440521
20384450000000,16.091550827
20384900000000,15.9693584442
20385360000000,15.7640666962
20385800000000,15.5482254028
20386230000000,15.4221601486
20386680000000,15.3674449921
20387100000000,15.2888584137
20387560000000,15.1911821365
20388040000000,15.0225076675
20388480000000,14.8411979675
20388910000000,14.6850910187
20389340000000,14.6643600464
20389770000000,14.596367836
20390200000000,14.467171669
20390640000000,14.351316452
20391070000000,14.3149337769
20391490000000,14.2804918289
20391950000000,14.3048381805
20392380000000,14.3316287994
20392820000000,14.4472293854
20393250000000,14.5762233734
20393680000000,14.7119350433
20394110000000,14.8484811783
20394520000000,15.0093574524
20394930000000,15.166847229
20395360000000,15.3259029388
20395790000000,15.4781074524
20396210000000,15.6380748749
20396650000000,15.8065929413
20397050000000,15.9413967133
20397480000000,15.9681968689
20397900000000,16.1045589447
20398310000000,16.2406158447
20398720000000,16.3679103851
20399150000000,16.3766365051
20399570000000,16.4697628021
20400010000000,16.5322647095
20400450000000,16.5163421631
20400870000000,16.5103588104
20401290000000,16.4112300873
20401700000000,16.474199295
20402110000000,16.4663906097
20402530000000,16.4790267944
20402950000000,16.5343265533
20403430000000,16.4510803223
20403850000000,16.2460536957
20404260000000,16.0582618713
20404690000000,15.8700332642
20405120000000,15.68197155
20405530000000,15.4986982346
20405940000000,15.331360817
20406380000000,15.1511602402
20406810000000,14.966545105
20407250000000,14.7923574448
20407690000000,14.6185913086
20408140000000,14.4207668304
20408560000000,14.2483005524
20408960000000,14.0683765411
20409370000000,13.9137811661
20409780000000,13.7470016479
20410190000000,13.5750055313
20410640000000,13.4135541916
20411070000000,13.2463960648
20411470000000,13.0688381195
20411900000000,12.9234695435
20412370000000,12.7409992218
20412790000000,12.5270023346
20413200000000,12.3408260345
20413620000000,12.1562519073
20414060000000,11.9838447571
20414470000000,11.8132677078
20414890000000,11.6293344498
20415300000000,11.4520301819
20415740000000,11.2830247879
20416170000000,11.0930547714
20416570000000,10.9059076309
20416970000000,10.7081708908
20417390000000,10.538564682
20417780000000,10.352347374
20418170000000,10.1818714142
20418580000000,10.0053682327
20418980000000,9.8199930191
20419370000000,9.65022563934
20419780000000,9.47430801392
20420190000000,9.28995895386
20420620000000,9.12313938141
20421030000000,8.92373943329
20421490000000,8.74852180481
20421900000000,8.53324890137
20422350000000,8.36359405518
20422760000000,8.16353988647
20423190000000,7.98865270615
20423620000000,7.80509567261
20424030000000,7.63119077682
20424480000000,7.46673059464
20424910000000,7.27902078629
20425320000000,7.10133504868
20425760000000,6.94849586487
20426180000000,6.77398061752
20426610000000,6.61010599136
20427030000000,6.44772481918
20427480000000,6.27994251251
20427880000000,6.10725259781
20428300000000,5.95919418335
20428760000000,5.80667734146
20429170000000,5.65328168869
20429600000000,5.5156121254
20430030000000,5.38399171829
20430450000000,5.27396392822
20430850000000,5.08069086075
20431270000000,4.92076349258
20431670000000,4.76319551468
20432080000000,4.58660697937
20432520000000,4.43825101852
20432960000000,4.26142072678
20433380000000,4.04641962051
20433810000000,3.8484210968
20434210000000,3.62802577019
20434630000000,3.41947484016
20435050000000,3.2427740097
20435540000000,3.04211115837
20436000000000,2.80337977409
20436420000000,2.58482050896
20436800000000,2.39729642868
20437230000000,2.2457473278
20437640000000,2.07876420021
20438050000000,1.88633453846
20438480000000,1.75939941406
20438920000000,1.56401669979
20439340000000,1.34463047981
20439740000000,1.16118228436
20440150000000,0.991728305817
