
10332480000000,17.33111763
10333280000000,17.3311519623
10334070000000,17.2828731537
10334820000000,17.0447254181
10335540000000,16.8427276611
10336320000000,16.6370105743
10337050000000,16.4175376892
10337730000000,16.2099056244
10338430000000,16.0245342255
10339120000000,15.8327407837
10339790000000,15.6573810577
10340450000000,15.5555276871
10341130000000,15.5474042892
10341770000000,15.6455221176
10342400000000,15.7796850204
10343070000000,15.9614305496
10343710000000,16.3104419708
10344320000000,16.591217041
10344940000000,16.6990509033
10345600000000,16.7927322388
10346220000000,17.0413513184
10346850000000,17.2763595581
10347500000000,17.5850505829
10348140000000,17.886089325
10348740000000,18.1446399689
10349390000000,18.3400421143
10350020000000,18.5509796143
10350670000000,18.8491344452
10351300000000,19.0964794159
10351960000000,19.1382541656
10352590000000,19.1832294464
10353230000000,19.2038383484
10353840000000,19.1262607574
10354500000000,18.9424381256
10355140000000,18.6724090576
10355750000000,18.4387168884
10356410000000,18.1499881744
10357060000000,17.8334140778
10357690000000,17.5169258118
10358310000000,17.2199573517
10358960000000,16.9260444641
10359570000000,16.612651825
10360190000000,16.3268146515
10360810000000,16.0049343109
10361440000000,15.7195968628
10362090000000,15.4517917633
10362700000000,15.141872406
10363310000000,14.9347963333
10363960000000,14.7512378693
10364650000000,14.5580310822
10365270000000,14.414847374
10365890000000,14.3661746979
10366530000000,14.277009964
10367150000000,14.3555955887
10367740000000,14.5923776627
10368360000000,14.8283700943
10368990000000,15.0579843521
10369590000000,15.3202934265
10370220000000,15.5538768768
10370830000000,15.8116645813
10371440000000,16.0476703644
10372040000000,16.2890872955
10372670000000,16.4604797363
10373250000000,16.4841327667
10373840000000,16.5386867523
10374480000000,16.3373622894
10375070000000,16.0076293945
10375710000000,15.7139778137
10376300000000,15.4192485809
10376910000000,15.1787910461
10377520000000,14.9416503906
10378140000000,14.7068834305
10378760000000,14.4668655396
10379350000000,14.2350950241
10379930000000,14.0215005875
10380560000000,13.7561855316
10381190000000,13.4527711868
10381790000000,13.1491498947
10382410000000,12.8652706146
10383050000000,12.5732717514
10383620000000,12.2726945877
10384240000000,12.001502037
10384890000000,11.730843544
10385540000000,11.4138345718
10386150000000,11.1182079315
10386730000000,10.8323516846
10387340000000,10.5756778717
10387960000000,10.3012495041
10388560000000,10.0767860413
10389150000000,9.83872318268
10389750000000,9.5680475235
10390370000000,9.29885387421
10390970000000,9.02290439606
10391590000000,8.75821018219
10392230000000,8.49571895599
10392860000000,8.21865272522
10393460000000,7.94354248047
10394090000000,7.68952274323
10394670000000,7.42361736298
10395300000000,7.19251918793
10395910000000,6.93450546265
10396530000000,6.65059661865
10397110000000,6.39764690399
10397700000000,6.12942123413
10398330000000,5.84357213974
10398920000000,5.53933334351
10399510000000,5.25720834732
10400140000000,4.9856338501
10400760000000,4.69893217087
10401340000000,4.42654466629
10401960000000,4.15290021896
10402550000000,3.87056183815
10403160000000,3.64761519432
10403800000000,3.41026759148
10404440000000,3.11144685745
10405050000000,2.81810832024
10405710000000,2.52530193329
10406340000000,2.21626377106
10406980000000,1.91160643101
10407590000000,1.6142936945
10408180000000,1.33255183697
10408760000000,1.10082387924
10409350000000,0.935879588127
10409950000000,0.935565233231
10410580000000,0.93551325798
10411180000000,0.935483634472
10411810000000,0.935458064079
10412410000000,0.935441315174
