14107740000000,17.6793422699
14108450000000,17.4204082489
14109270000000,17.2206802368
14109990000000,16.987903595
14110720000000,16.7683563232
14111430000000,16.558057785
14112130000000,16.3527851105
14112800000000,16.1598949432
14113470000000,15.982085228
14114150000000,15.8182859421
14114760000000,15.7123584747
14115420000000,15.6598310471
14116130000000,15.643163681
14116780000000,15.7289533615
14117390000000,15.8948783875
14118000000000,15.9664201736
14118660000000,16.0607376099
14119300000000,16.3168239594
14119920000000,16.5866451263
14120550000000,16.8896389008
14121190000000,17.1773300171
14121830000000,17.4747753143
14122470000000,17.7583198547
14123120000000,18.0372409821
14123730000000,18.3527164459
14124360000000,18.6351795197
14125020000000,18.9270629883
14125670000000,19.2460460663
14126270000000,19.4321269989
14126920000000,19.4429244995
14127570000000,19.3792304993
14128250000000,19.2972068787
14128870000000,19.0086669922
14129560000000,18.8194408417
14130210000000,18.5573310852
14130840000000,18.2580852509
14131500000000,17.9771194458
14132130000000,17.6466884613
14132730000000,17.3527450562
14133390000000,17.0593471527
14134020000000,16.7832622528
14134690000000,16.4909114838
14135330000000,16.1536426544
14135990000000,15.8305578232
14136640000000,15.4943466187
14137270000000,15.2105026245
14137870000000,14.9559621811
14138500000000,14.713347435
14139150000000,14.5877351761
14139770000000,14.5538444519
14140400000000,14.5585823059
14141010000000,14.6645469666
14141590000000,14.7706346512
14142180000000,14.9424352646
14142780000000,15.1768875122
14143370000000,15.4039764404
14144040000000,15.6169948578
14144660000000,15.8797626495
14145270000000,16.1294536591
14145890000000,16.3659973145
14146530000000,16.5441493988
14147160000000,16.5589904785
14147750000000,16.4050312042
14148370000000,16.308588028
14148990000000,16.0173397064
14149600000000,15.750910759
14150190000000,15.4366407394
14150790000000,15.1593828201
14151440000000,14.8944349289
14152080000000,14.5943412781
14152740000000,14.3043575287
14153350000000,14.0129165649
14153990000000,13.722779274
14154580000000,13.4414806366
14155170000000,13.1761808395
14155810000000,12.904214859
14156400000000,12.6049365997
14156960000000,12.324546814
14157550000000,12.073387146
14158150000000,11.7955884933
14158760000000,11.5302791595
14159430000000,11.2349796295
14160010000000,10.941485405
14160560000000,10.6697235107
14161150000000,10.4139356613
14161740000000,10.1508922577
14162340000000,9.88941669464
14162940000000,9.63087463379
14163540000000,9.36010169983
14164130000000,9.0912771225
14164740000000,8.82434272766
14165320000000,8.56425094604
14165950000000,8.29737854004
14166550000000,8.02388095856
14167160000000,7.76196861267
14167750000000,7.49413156509
14168350000000,7.25569200516
14168970000000,7.02747488022
14169560000000,6.75169277191
14170170000000,6.4748878479
14170800000000,6.2220916748
14171420000000,5.95448350906
14172050000000,5.65009975433
14172640000000,5.38969802856
14173230000000,5.12285757065
14173790000000,4.84113836288
14174370000000,4.59329843521
14174960000000,4.31812810898
14175550000000,4.04583692551
14176150000000,3.7453956604
14176740000000,3.45231723785
14177350000000,3.13548636436
14178010000000,2.8268725872
14178630000000,2.53204107285
14179220000000,2.21413254738
14179830000000,1.92781805992
14180440000000,1.63419377804
14181030000000,1.34590673447
14181630000000,1.07297456264
