13959950000000,17.4133968353
13960690000000,17.4133968353
13961410000000,17.209444046
13962150000000,17.0087757111
13962850000000,16.8052463531
13963530000000,16.607126236
13964240000000,16.4303207397
13964910000000,16.2429523468
13965600000000,16.0716133118
13966260000000,15.9326133728
13966930000000,15.8698034286
13967580000000,15.823682785
13968230000000,15.9136276245
13968850000000,16.1267242432
13969480000000,16.3403663635
13970140000000,16.6040401459
13970800000000,16.9426422119
13971480000000,17.2261238098
13972100000000,17.3775253296
13972700000000,17.6162109375
13973360000000,17.9255447388
13974000000000,18.2139606476
13974660000000,18.5030860901
13975310000000,18.791387558
13975930000000,19.0986938477
13976550000000,19.2699699402
13977170000000,19.2094020844
13977830000000,19.2212047577
13978430000000,19.1737556458
13979060000000,19.0553779602
13979700000000,18.8721408844
13980370000000,18.6761417389
13980980000000,18.456817627
13981630000000,18.1595993042
13982260000000,17.8743972778
13982900000000,17.5549468994
13983530000000,17.2590255737
13984170000000,16.9353160858
13984800000000,16.6070041656
13985390000000,16.2970848083
13986040000000,15.9952459335
13986700000000,15.6622753143
13987320000000,15.3793954849
13987950000000,15.1107311249
13988580000000,14.8526163101
13989200000000,14.6162824631
13989810000000,14.4006671906
13990450000000,14.2295084
13991050000000,14.1796474457
13991700000000,14.1801366806
13992320000000,14.1982460022
13992970000000,14.3683633804
13993590000000,14.5296888351
13994230000000,14.7929992676
13994850000000,15.0512704849
13995460000000,15.2949752808
13996060000000,15.5439882278
13996680000000,15.7858915329
13997290000000,16.0481491089
13997910000000,16.3041820526
13998540000000,16.4378948212
13999130000000,16.4785118103
13999770000000,16.4643325806
14000390000000,16.3801021576
14001000000000,16.1357288361
14001610000000,15.849158287
14002230000000,15.5970373154
14002830000000,15.2628192902
14003460000000,14.9760227203
14004050000000,14.6949729919
14004690000000,14.4246816635
14005300000000,14.1371612549
14005910000000,13.8696708679
14006520000000,13.6025981903
14007160000000,13.3245611191
14007750000000,13.0391550064
14008360000000,12.7794361115
14008960000000,12.4971532822
14009560000000,12.2356414795
14010140000000,11.9393472672
14010780000000,11.6828346252
14011450000000,11.3789367676
14012030000000,11.0475873947
14012620000000,10.7747278214
14013210000000,10.5017967224
14013790000000,10.2203321457
14014410000000,9.94951820374
14014980000000,9.67055130005
14015620000000,9.41136741638
14016190000000,9.1076002121
14016820000000,8.85121250153
14017460000000,8.56888103485
14018050000000,8.27053642273
14018640000000,8.00203609467
14019300000000,7.73578643799
14019900000000,7.45462656021
14020510000000,7.1937251091
14021120000000,6.93594408035
14021730000000,6.67297792435
14022310000000,6.42269134521
14022930000000,6.20511341095
14023640000000,5.9614109993
14024240000000,5.64817333221
14024830000000,5.38964271545
14025460000000,5.14749193192
14026060000000,4.85163116455
14026660000000,4.58773994446
14027240000000,4.29299068451
14027890000000,4.00929307938
14028490000000,3.69860744476
14029110000000,3.40459609032
14029710000000,3.07536458969
14030350000000,2.79321074486
14030930000000,2.49144434929
14031490000000,2.19873476028
14032080000000,1.97741246223
14032680000000,1.67939007282
14033310000000,1.39620876312
14033950000000,1.12162649632
