
20199370000000,17.8352050781
20199910000000,17.7131919861
20200450000000,17.5166187286
20200970000000,17.3535785675
20201480000000,17.1653671265
20202040000000,16.9934120178
20202540000000,16.8086624146
20203030000000,16.6313266754
20203560000000,16.4689159393
20204070000000,16.3014450073
20204550000000,16.128868103
20205010000000,15.965344429
20205490000000,15.8225450516
20205960000000,15.6758470535
20206420000000,15.560426712
20206910000000,15.4699792862
20207390000000,15.379992485
20207830000000,15.2908563614
20208280000000,15.2025871277
20208720000000,15.1725883484
20209170000000,15.2381925583
20209590000000,15.3900089264
20210030000000,15.5631608963
20210490000000,15.7249898911
20210940000000,15.9014625549
20211350000000,16.081785202
20211820000000,16.2188014984
20212270000000,16.4173259735
20212690000000,16.5865097046
20213150000000,16.7555713654
20213600000000,16.9292449951
20214070000000,17.1356487274
20214510000000,17.3422203064
20214990000000,17.5428504944
20215430000000,17.7517147064
20215890000000,17.9380187988
20216350000000,18.1137447357
20216800000000,18.2722225189
20217240000000,18.4446239471
20217670000000,18.5738201141
20218110000000,18.7275714874
20218590000000,18.7669467926
20219020000000,18.7101726532
20219460000000,18.7346439362
20219880000000,18.7633399963
20220320000000,18.7259407043
20220750000000,18.7062797546
20221200000000,18.7723464966
20221650000000,18.6615200043
20222100000000,18.6000137329
20222580000000,18.4125213623
20223000000000,18.1841125488
20223430000000,18.0123767853
20223870000000,17.8626708984
20224290000000,17.7172241211
20224760000000,17.5963993073
20225230000000,17.4386730194
20225690000000,17.3426647186
20226160000000,17.2650928497
20226620000000,17.2309761047
20227040000000,17.05418396
20227490000000,16.8901252747
20227940000000,16.6785755157
20228380000000,16.4909267426
20228800000000,16.281080246
20229250000000,16.0818691254
20229720000000,15.8926134109
20230160000000,15.6744375229
20230600000000,15.5105304718
20231030000000,15.3362789154
20231490000000,15.1420984268
20231920000000,14.9941539764
20232350000000,14.8508090973
20232810000000,14.7009124756
20233250000000,14.5502185822
20233700000000,14.3913507462
20234110000000,14.2617645264
20234540000000,14.1653642654
20234950000000,14.1728467941
20235390000000,14.1648712158
20235800000000,14.1381568909
20236220000000,14.1072406769
20236650000000,14.1059780121
20237080000000,14.2267169952
20237540000000,14.3758916855
20237960000000,14.5264806747
20238370000000,14.6646976471
20238780000000,14.8111667633
20239180000000,14.9595880508
20239580000000,15.1030864716
20240010000000,15.2400817871
20240460000000,15.3905439377
20240870000000,15.5718574524
20241370000000,15.7179985046
20241800000000,15.8944950104
20242240000000,16.0562610626
20242650000000,16.1768989563
20243070000000,16.1839027405
20243530000000,16.192735672
20243990000000,16.1689739227
20244410000000,16.2158527374
20244830000000,16.2193145752
20245240000000,16.1416339874
20245670000000,16.2224712372
20246090000000,16.1804714203
20246480000000,16.0106506348
20246930000000,15.832318306
20247360000000,15.617433548
20247790000000,15.3944644928
20248250000000,15.2184619904
20248670000000,15.0041503906
20249100000000,14.8168144226
20249500000000,14.6473693848
20249910000000,14.4930505753
20250360000000,14.3288383484
20250810000000,14.1692943573
20251220000000,14.0011711121
20251620000000,13.8570823669
20252050000000,13.6961307526
20252470000000,13.5088415146
20252880000000,13.3392372131
20253300000000,13.1523284912
20253740000000,12.9572429657
20254160000000,12.7723350525
20254570000000,12.5696029663
20254980000000,12.3967857361
20255410000000,12.2475862503
20255840000000,12.0784578323
20256240000000,11.9264249802
20256650000000,11.7249393463
20257080000000,11.5475702286
20257520000000,11.3502883911
20257970000000,11.1439495087
20258370000000,10.9295310974
20258780000000,10.7335758209
20259180000000,10.5481538773
20259620000000,10.3718280792
20260050000000,10.1585903168
20260490000000,9.95562934875
20260880000000,9.76249694824
20261280000000,9.58831882477
20261710000000,9.39648532867
20262110000000,9.19616699219
20262540000000,9.01491832733
20262940000000,8.82539558411
20263360000000,8.66408538818
20263840000000,8.45845127106
20264260000000,8.24513530731
20264690000000,8.0684633255
20265110000000,7.883477211
20265500000000,7.68382787704
20265900000000,7.52811002731
20266350000000,7.3477139473
20266750000000,7.16045284271
20267180000000,7.00017786026
20267570000000,6.79980897903
20267970000000,6.65941572189
20268370000000,6.47972202301
20268810000000,6.3265209198
20269200000000,6.15166139603
20269630000000,6.00334405899
20270130000000,5.84690666199
20270580000000,5.66783571243
20270990000000,5.49577093124
20271420000000,5.41925477982
20271830000000,5.28320550919
20272250000000,5.09421157837
20272680000000,4.89578104019
20273070000000,4.7030582428
20273450000000,4.51387405396
20273850000000,4.34278678894
20274270000000,4.14310979843
20274660000000,3.95389652252
20275090000000,3.77339458466
20275500000000,3.56402134895
20275910000000,3.39345431328
20276360000000,3.22211718559
20276770000000,3.03232836723
20277240000000,2.85024809837
20277660000000,2.68322396278
20278080000000,2.52445888519
20278510000000,2.37120246887
20278920000000,2.20391893387
20279350000000,2.04228377342
20279800000000,1.84303867817
20280220000000,1.65836346149
20280640000000,1.44351494312
20281080000000,1.27225923538
20281510000000,1.07312440872
20281910000000,0.905499458313
20282350000000,0.751285433769
