
20502880000000,17.62018013
20503430000000,17.5541610718
20503970000000,17.4105377197
20504530000000,17.2727146149
20505080000000,17.2108783722
20505630000000,17.0677165985
20506130000000,16.9442977905
20506640000000,16.7784080505
20507140000000,16.6173553467
20507620000000,16.449306488
20508090000000,16.2969760895
20508600000000,16.1501522064
20509080000000,15.984869957
20509530000000,15.8376626968
20510010000000,15.69581604
20510470000000,15.5384635925
20510950000000,15.398068428
20511390000000,15.2604322433
20511840000000,15.1683444977
20512280000000,15.0934896469
20512720000000,15.028544426
20513150000000,14.9992761612
20513580000000,14.9747486115
20514010000000,14.9718475342
20514440000000,14.9473724365
20514870000000,14.9692029953
20515310000000,15.059677124
20515760000000,15.2020950317
20516210000000,15.3755960464
20516640000000,15.4779434204
20517110000000,15.482506752
20517540000000,15.4974994659
20517960000000,15.6217384338
20518400000000,15.7854194641
20518840000000,15.9145584106
20519270000000,16.0812149048
20519690000000,16.2913913727
20520100000000,16.4905338287
20520560000000,16.6659946442
20520990000000,16.877532959
20521440000000,17.0605106354
20521870000000,17.2300758362
20522350000000,17.3952541351
20522800000000,17.5856018066
20523230000000,17.7735786438
20523680000000,17.9546470642
20524130000000,18.1568241119
20524580000000,18.337392807
20525050000000,18.5424900055
20525550000000,18.7253036499
20526010000000,18.9574928284
20526440000000,19.1657733917
20526890000000,19.2919616699
20527320000000,19.2756214142
20527790000000,19.2261695862
20528210000000,19.2528915405
20528670000000,19.3341331482
20529140000000,19.3541259766
20529580000000,19.438325882
20530030000000,19.4624443054
20530470000000,19.319568634
20530900000000,19.1268386841
20531350000000,18.9374160767
20531790000000,18.7596225739
20532200000000,18.6142730713
20532650000000,18.4855613708
20533110000000,18.3427906036
20533530000000,18.1808376312
20533970000000,18.0501785278
20534420000000,17.9087600708
20534870000000,17.7761459351
20535300000000,17.6009349823
20535750000000,17.4047470093
20536200000000,17.179681778
20536620000000,16.9831867218
20537050000000,16.7781505585
20537490000000,16.5809459686
20537930000000,16.3760223389
20538360000000,16.1701774597
20538790000000,15.9737195969
20539240000000,15.7688989639
20539690000000,15.560749054
20540100000000,15.3458251953
20540550000000,15.1676311493
20540980000000,14.9899253845
20541400000000,14.7730770111
20541820000000,14.5669136047
20542280000000,14.3834342957
20542750000000,14.2490148544
20543190000000,14.2138824463
20543620000000,14.1449289322
20544050000000,14.1157560349
20544460000000,14.1573257446
20544920000000,14.3298072815
20545350000000,14.4860229492
20545770000000,14.5657024384
20546180000000,14.6041126251
20546620000000,14.6458845139
20547060000000,14.7026290894
20547470000000,14.7125253677
20547870000000,14.7380104065
20548290000000,14.8196048737
20548710000000,14.9447984695
20549130000000,15.1182765961
20549550000000,15.2863845825
20549970000000,15.4749879837
20550390000000,15.6414136887
20550800000000,15.7651481628
20551230000000,15.8944911957
20551670000000,16.0040664673
20552070000000,16.1301250458
20552460000000,16.2468891144
20552890000000,16.3037338257
20553320000000,16.276889801
20553720000000,16.2462081909
20554160000000,16.3203792572
20554570000000,16.3200263977
20555030000000,16.3557186127
20555420000000,16.4092693329
20555840000000,16.426202774
20556270000000,16.3566436768
20556690000000,16.235824585
20557120000000,16.124502182
20557540000000,15.9361886978
20557970000000,15.7978286743
20558410000000,15.6337080002
20558830000000,15.4244651794
20559290000000,15.2281694412
20559710000000,15.0153770447
20560140000000,14.8400650024
20560550000000,14.628115654
20560990000000,14.4440822601
20561420000000,14.2419261932
20561850000000,14.0310077667
20562260000000,13.8567762375
20562680000000,13.6464738846
20563100000000,13.4638910294
20563520000000,13.2726640701
20563950000000,13.0816717148
20564380000000,12.8910722733
20564800000000,12.6917886734
20565210000000,12.5112333298
20565630000000,12.3218793869
20566050000000,12.1329402924
20566480000000,11.9355211258
20566890000000,11.7475595474
20567290000000,11.5601358414
20567700000000,11.3910036087
20568150000000,11.1957330704
20568530000000,11.009967804
20568960000000,10.8424167633
20569340000000,10.6490983963
20569760000000,10.4827528
20570170000000,10.299621582
20570570000000,10.1172180176
20570950000000,9.94424247742
20571360000000,9.78063011169
20571770000000,9.60919189453
20572160000000,9.43008899689
20572550000000,9.26888561249
20572950000000,9.10856246948
20573330000000,8.9491186142
20573740000000,8.78230762482
20574170000000,8.60012245178
20574590000000,8.43601226807
20575010000000,8.25652503967
20575410000000,8.0868024826
20575850000000,7.93504571915
20576240000000,7.76858663559
20576660000000,7.61172294617
20577110000000,7.43333721161
20577510000000,7.27269649506
20577930000000,7.11431360245
20578370000000,6.96539211273
20578770000000,6.79710102081
20579180000000,6.6605014801
20579630000000,6.52153635025
20580020000000,6.36389970779
20580420000000,6.25189065933
20580800000000,6.10602092743
20581240000000,5.9886302948
20581650000000,5.91629695892
20582060000000,5.79832601547
20582470000000,5.61489486694
20582860000000,5.40794038773
20583270000000,5.24440526962
20583720000000,5.07226514816
20584130000000,4.88263654709
20584540000000,4.68674039841
20584960000000,4.51873970032
20585350000000,4.31184387207
20585790000000,4.16860961914
20586240000000,3.99881529808
20586640000000,3.78284311295
20587050000000,3.61902570724
20587490000000,3.45448040962
20587890000000,3.27835988998
20588290000000,3.08470821381
20588690000000,2.89980435371
20589080000000,2.69903588295
20589540000000,2.53007555008
20589940000000,2.33458662033
20590330000000,2.15457844734
20590770000000,1.98235499859
20591200000000,1.79801237583
20591610000000,1.60423398018
20592020000000,1.43725419044
20592400000000,1.23058879375
20592820000000,1.06466698647
20593260000000,0.883429467678
