
19571580000000,11.8466949463
19572150000000,11.6109838486
19572690000000,11.3767766953
19573220000000,11.1425600052
19573740000000,10.925652504
19574240000000,10.7102794647
19574780000000,10.5052013397
19575280000000,10.277182579
19575770000000,10.0674591064
19576280000000,9.87568187714
19576760000000,9.67796707153
19577260000000,9.4851436615
19577770000000,9.35268783569
19578270000000,9.22181892395
19578730000000,9.09633636475
19579180000000,8.99134159088
19579670000000,8.88847827911
19580140000000,8.79384231567
19580590000000,8.70813560486
19581060000000,8.6371011734
19581490000000,8.55481529236
19581950000000,8.49312496185
19582410000000,8.43024158478
19582850000000,8.37504959106
19583320000000,8.32471179962
19583770000000,8.27353477478
19584220000000,8.23391151428
19584700000000,8.19948768616
19585140000000,8.2102060318
19585570000000,8.13411998749
19586030000000,8.06237506866
19586480000000,7.98667430878
19586910000000,7.90367364883
19587340000000,7.81067180634
19587830000000,7.73432302475
19588270000000,7.64130067825
19588700000000,7.57184743881
19589190000000,7.50404024124
19589630000000,7.43354845047
19590080000000,7.37998437881
19590520000000,7.32953691483
19591000000000,7.28323221207
19591440000000,7.24733448029
19591870000000,7.22399187088
19592330000000,7.15363311768
19592790000000,7.19246196747
19593240000000,7.26062011719
19593680000000,7.32466602325
19594120000000,7.36531734467
19594550000000,7.46740341187
19594990000000,7.58049869537
19595450000000,7.70352649689
19595910000000,7.84714603424
