
12052400000000,11.592590332
12053190000000,11.5930995941
12053990000000,11.5931253433
12054760000000,11.5255765915
12055520000000,11.1766672134
12056310000000,10.842206955
12057090000000,10.4778671265
12057820000000,10.1953620911
12058570000000,9.96681880951
12059250000000,9.73899745941
12059930000000,9.5373916626
12060660000000,9.34527015686
12061350000000,9.1445941925
12062000000000,8.96306324005
12062690000000,8.79916477203
12063400000000,8.63303565979
12064050000000,8.4714307785
12064710000000,8.32426452637
12065350000000,8.20341587067
12066000000000,8.06870365143
12066650000000,7.94481801987
12067290000000,7.8328037262
12067980000000,7.73175573349
12068590000000,7.63227081299
12069210000000,7.56372404099
12069830000000,7.49953174591
12070480000000,7.4483628273
12071100000000,7.40383291245
12071750000000,7.37742185593
12072420000000,7.3603348732
12073050000000,7.38274383545
12073710000000,7.56400537491
12074380000000,7.72324562073
12074990000000,7.854347229
12075620000000,7.95703697205
12076280000000,8.07764625549
12076910000000,8.12661647797
12077540000000,8.12601184845
