
13640250000000,11.689540863
13640970000000,11.3011608124
13641750000000,10.9782276154
13642500000000,10.6403226852
13643220000000,10.3052206039
13643970000000,9.9793510437
13644670000000,9.64426517487
13645350000000,9.37519931793
13646040000000,9.17223262787
13646750000000,8.99301338196
13647480000000,8.83327770233
13648150000000,8.67552280426
13648800000000,8.53405570984
13649450000000,8.41509914398
13650110000000,8.30710124969
13650750000000,8.19431591034
13651400000000,8.10212802887
13652040000000,8.00395488739
13652640000000,7.89293813705
13653300000000,7.81276416779
13653910000000,7.725522995
13654570000000,7.65454530716
13655200000000,7.59174776077
13655830000000,7.54415941238
13656480000000,7.49473953247
13657110000000,7.46034955978
13657790000000,7.43958854675
13658440000000,7.4451918602
13659050000000,7.47379875183
13659700000000,7.54701757431
13660310000000,7.66174125671
13660940000000,7.78764009476
13661550000000,7.94682025909
