
11803570000000,11.2751398087
11804350000000,11.2734966278
11805110000000,11.2727947235
11805880000000,11.2722148895
11806670000000,11.1067838669
11807450000000,10.7956361771
11808210000000,10.5074567795
11808920000000,10.2612056732
11809620000000,10.0507650375
11810340000000,9.84032726288
11811030000000,9.65225315094
11811760000000,9.49216842651
11812450000000,9.31599521637
11813110000000,9.14382171631
11813790000000,8.99280166626
11814470000000,8.82724189758
11815140000000,8.6778345108
11815800000000,8.5426530838
11816440000000,8.42182922363
11817080000000,8.31168746948
11817730000000,8.21341609955
11818360000000,8.10717868805
11819030000000,7.98988771439
11819670000000,7.85586833954
11820310000000,7.72099876404
11820960000000,7.60072422028
11821660000000,7.48487854004
11822300000000,7.3733625412
11822940000000,7.27842903137
11823590000000,7.23320579529
11824220000000,7.28119707108
11824900000000,7.35802316666
11825570000000,7.51129341125
11826210000000,7.66793632507
11826850000000,7.82722616196
11827510000000,7.99888658524
11828130000000,8.17213344574
11828780000000,8.26517772675
11829440000000,8.28060245514
