
13701360000000,12.1010427475
13702130000000,11.7480516434
13702940000000,11.4105854034
13703660000000,11.0339784622
13704380000000,10.709274292
13705140000000,10.3613939285
13705840000000,10.0876369476
13706530000000,9.88015937805
13707270000000,9.65949821472
13708020000000,9.44153022766
13708700000000,9.22125911713
13709380000000,9.03372764587
13710050000000,8.85435295105
13710720000000,8.68505096436
13711370000000,8.52531909943
13712050000000,8.38852596283
13712690000000,8.25956726074
13713340000000,8.15055942535
13713970000000,8.05885028839
13714610000000,7.98164892197
13715230000000,7.91891336441
13715870000000,7.83696317673
13716550000000,7.7560210228
13717180000000,7.67225599289
13717830000000,7.60301971436
13718460000000,7.55110836029
13719110000000,7.50975608826
13719740000000,7.47954511642
13720400000000,7.46134519577
13721050000000,7.45682287216
13721680000000,7.46462059021
13722290000000,7.4866733551
13722930000000,7.53820514679
13723560000000,7.6649889946
13724190000000,7.79938650131
