
13518830000000,11.9288082123
13519620000000,11.5955638885
13520410000000,11.2420377731
13521160000000,10.8628406525
13521900000000,10.5310754776
13522630000000,10.187002182
13523360000000,9.96585083008
13524080000000,9.74101066589
13524830000000,9.51818847656
13525500000000,9.30491542816
13526180000000,9.1127576828
13526840000000,8.93521976471
13527530000000,8.77675914764
13528210000000,8.61840248108
13528880000000,8.46637916565
13529560000000,8.33013248444
13530240000000,8.2057466507
13530900000000,8.09683036804
13531530000000,8.0027589798
13532180000000,7.91701602936
13532830000000,7.85821151733
13533460000000,7.74578285217
13534130000000,7.64360904694
13534770000000,7.5284280777
13535390000000,7.43367099762
13536010000000,7.35623216629
13536680000000,7.28322219849
13537320000000,7.25445270538
13537930000000,7.24893093109
13538600000000,7.29597759247
13539260000000,7.39724969864
13539920000000,7.51882505417
13540600000000,7.66275882721
13541240000000,7.84309911728
