
11021470000000,11.5837249756
11022260000000,11.218328476
11023010000000,10.8486213684
11023770000000,10.5852899551
11024500000000,10.3788766861
11025250000000,10.1554088593
11025950000000,9.90138339996
11026640000000,9.68736171722
11027350000000,9.48672866821
11028020000000,9.28339385986
11028690000000,9.10557174683
11029330000000,8.93113422394
11029980000000,8.77650928497
11030650000000,8.63025569916
11031300000000,8.49022483826
11031980000000,8.35691642761
11032630000000,8.2421875
11033240000000,8.13629245758
11033860000000,8.04686069489
11034530000000,7.96611309052
11035180000000,7.93330478668
11035820000000,7.84640073776
11036470000000,7.73578071594
11037120000000,7.63661670685
11037750000000,7.54799461365
11038380000000,7.46250343323
11039020000000,7.47237205505
11039680000000,7.57102537155
11040320000000,7.54542732239
11040990000000,7.46498346329
11041630000000,7.53813123703
11042260000000,7.63053226471
11042890000000,7.72816753387
11043500000000,7.84796714783
