
10946270000000,11.4204149246
10947090000000,11.0756959915
10947870000000,10.7511529922
10948580000000,10.4378480911
10949330000000,10.1682567596
10950030000000,9.89311027527
10950730000000,9.67711830139
10951420000000,9.4705619812
10952090000000,9.27021694183
10952740000000,9.09270095825
10953420000000,8.92154216766
10954100000000,8.75368785858
10954740000000,8.60339069366
10955430000000,8.46519088745
10956080000000,8.3306646347
10956680000000,8.21449947357
10957320000000,8.11399269104
10957960000000,8.01372528076
10958620000000,7.89044380188
10959230000000,7.78758525848
10959910000000,7.70624017715
10960540000000,7.62674427032
10961210000000,7.56564235687
10961810000000,7.51770830154
10962430000000,7.48457241058
10963090000000,7.46297836304
10963730000000,7.44619083405
10964370000000,7.46606349945
10965030000000,7.50470542908
10965680000000,7.57247161865
10966290000000,7.72033309937
10966950000000,7.85046291351
