
19468240000000,12.5980606079
19468800000000,12.4235343933
19469430000000,12.1875810623
19470010000000,11.9427585602
19470560000000,11.6908349991
19471110000000,11.4571475983
19471660000000,11.2253227234
19472180000000,11.0114622116
19472710000000,10.7989845276
19473220000000,10.5723199844
19473710000000,10.3720378876
19474300000000,10.1813306808
19474780000000,9.94477558136
19475300000000,9.76561355591
19475820000000,9.56489562988
19476310000000,9.35204410553
19476810000000,9.17892742157
19477270000000,8.98675251007
19477730000000,8.82562351227
19478200000000,8.67092514038
19478660000000,8.59601783752
19479140000000,8.57732963562
19479590000000,8.54639339447
19480060000000,8.51736450195
19480510000000,8.49503993988
19480950000000,8.47824382782
19481400000000,8.46726989746
19481840000000,8.45146560669
19482300000000,8.45221996307
19482750000000,8.42700004578
19483190000000,8.38396549225
19483630000000,8.36177349091
19484090000000,8.33066368103
19484540000000,8.21649551392
19484990000000,8.12155342102
19485420000000,8.04666900635
19485880000000,7.97205781937
19486320000000,7.87654781342
19486770000000,7.79192209244
19487210000000,7.70042419434
19487640000000,7.6261472702
19488070000000,7.55180358887
19488510000000,7.48596525192
19488940000000,7.42396736145
19489400000000,7.35713768005
19489840000000,7.30184555054
19490300000000,7.25701284409
19490720000000,7.24874353409
19491170000000,7.24372148514
19491620000000,7.2548532486
19492070000000,7.28039598465
19492490000000,7.33698749542
19492920000000,7.39767932892
19493370000000,7.46697854996
19493810000000,7.54506111145
19494250000000,7.62418317795
19494710000000,7.70432281494
19495150000000,7.80092096329
19495580000000,7.88984918594
19496060000000,7.98227834702
