
11090980000000,11.7015504837
11091750000000,11.3047475815
11092530000000,10.9639511108
11093270000000,10.7773513794
11094010000000,10.5045871735
11094780000000,10.2632665634
11095510000000,10.0096378326
11096210000000,9.78367233276
11096890000000,9.56582260132
11097560000000,9.373711586
11098230000000,9.18416595459
11098910000000,9.0033493042
11099600000000,8.83203601837
11100240000000,8.67066669464
11100890000000,8.52416229248
11101550000000,8.39200019836
11102220000000,8.26985454559
11102840000000,8.14854240417
11103480000000,8.0553894043
11104150000000,7.96434116364
11104780000000,7.87995004654
11105420000000,7.77007198334
11106070000000,7.65764141083
11106710000000,7.55402708054
11107350000000,7.45496225357
11107990000000,7.36368274689
11108680000000,7.290350914
11109320000000,7.21694612503
11109960000000,7.20597648621
11110630000000,7.3057513237
11111250000000,7.43741607666
11111890000000,7.54491138458
11112560000000,7.72312450409
