
11151960000000,11.8934783936
11152740000000,11.8405838013
11153540000000,11.4840431213
11154300000000,11.1300849915
11155050000000,10.8499240875
11155770000000,10.5975389481
11156460000000,10.3448085785
11157180000000,10.1123991013
11157860000000,9.88694286346
11158560000000,9.67491531372
11159270000000,9.46458244324
11159970000000,9.26816368103
11160620000000,9.06405067444
11161290000000,8.89623165131
11161940000000,8.73202228546
11162610000000,8.5773563385
11163240000000,8.43277740479
11163890000000,8.30274868011
11164540000000,8.18310928345
11165170000000,8.0710811615
11165820000000,7.9741230011
11166470000000,7.8889966011
11167170000000,7.81626415253
11167830000000,7.72671842575
11168460000000,7.64750432968
11169110000000,7.58313465118
11169730000000,7.53136825562
11170340000000,7.49435043335
11170970000000,7.46969604492
11171640000000,7.4588265419
11172270000000,7.47274160385
11172900000000,7.57427310944
11173560000000,7.65458011627
11174180000000,7.755194664
