
13580900000000,11.9183588028
13581690000000,11.5537843704
13582470000000,11.2112827301
13583230000000,10.8695297241
13583980000000,10.5311050415
13584730000000,10.1623001099
13585450000000,9.89787769318
13586130000000,9.64509868622
13586860000000,9.46635437012
13587550000000,9.26407432556
13588190000000,9.07670688629
13588860000000,8.91400718689
13589540000000,8.75063514709
13590160000000,8.6019525528
13590830000000,8.4716463089
13591480000000,8.34035205841
13592120000000,8.22696399689
13592750000000,8.12459659576
13593390000000,8.033659935
13594080000000,7.94930648804
13594720000000,7.8600564003
13595320000000,7.78482198715
13595990000000,7.72253608704
13596610000000,7.65578651428
13597240000000,7.5907292366
13597870000000,7.53119802475
13598500000000,7.48144340515
13599160000000,7.4481253624
13599800000000,7.43081045151
13600450000000,7.43837547302
13601120000000,7.48365545273
13601750000000,7.55252552032
13602400000000,7.67559576035
13603050000000,7.81676530838
13603690000000,7.96475076675
