
19730700000000,11.6169338226
19731250000000,11.4348325729
19731780000000,11.2227430344
19732310000000,11.0077466965
19732840000000,10.8173971176
19733380000000,10.6135416031
19733900000000,10.4607515335
19734410000000,10.3121700287
19734920000000,10.1617689133
19735440000000,10.0252513885
19735940000000,9.89343547821
19736440000000,9.75907802582
19736920000000,9.62971878052
19737420000000,9.52802276611
19737890000000,9.40600204468
19738350000000,9.29336833954
19738840000000,9.19414615631
19739310000000,9.09580135345
19739810000000,9.01189613342
19740280000000,8.93027591705
19740750000000,8.85716724396
19741200000000,8.78573894501
19741660000000,8.72746276855
19742170000000,8.67274475098
19742620000000,8.62973308563
19743090000000,8.57337856293
19743530000000,8.50240516663
19743960000000,8.45242595673
19744410000000,8.44087219238
19744860000000,8.34677124023
19745300000000,8.2185716629
19745730000000,8.08573722839
19746170000000,7.97789716721
19746580000000,7.84823226929
19747010000000,7.74413776398
19747430000000,7.62941932678
19747870000000,7.52722644806
19748320000000,7.43219184875
19748750000000,7.33971643448
19749220000000,7.2787232399
19749650000000,7.20544242859
19750080000000,7.17331886292
19750510000000,7.11792516708
19750970000000,7.11005687714
19751400000000,7.14685869217
19751870000000,7.19863128662
19752320000000,7.25682640076
19752770000000,7.32639837265
19753200000000,7.37772512436
19753660000000,7.44241428375
19754120000000,7.55795764923
19754550000000,7.66683626175
19754990000000,7.7890329361
19755410000000,7.90910434723
19755820000000,8.02659034729
