
13455970000000,11.8410520554
13456730000000,11.4592571259
13457530000000,11.0988063812
13458290000000,10.790974617
13458990000000,10.4096803665
13459750000000,10.1707344055
13460450000000,9.93098640442
13461130000000,9.7245092392
13461880000000,9.52769947052
13462580000000,9.32589530945
13463260000000,9.13459873199
13463930000000,8.95722389221
13464620000000,8.79540920258
13465300000000,8.6294965744
13465950000000,8.48739147186
13466630000000,8.35638332367
13467250000000,8.23283672333
13467900000000,8.13068771362
13468550000000,8.03927993774
13469200000000,7.9656791687
13469830000000,7.88021421432
13470430000000,7.79976177216
13471080000000,7.72797012329
13471690000000,7.65927934647
13472360000000,7.61376523972
13472990000000,7.56268596649
13473710000000,7.52460289001
13474340000000,7.49749708176
13474980000000,7.4878411293
13475620000000,7.49728250504
13476270000000,7.52853250504
13476910000000,7.56735897064
13477550000000,7.73996639252
13478220000000,7.91913414001
