
19799380000000,11.8139133453
19799970000000,11.7281589508
19800570000000,11.4929838181
19801100000000,11.3164348602
19801640000000,11.1672687531
19802170000000,10.9934368134
19802710000000,10.8280315399
19803220000000,10.6525526047
19803730000000,10.5020198822
19804250000000,10.3447198868
19804760000000,10.1942825317
19805270000000,10.0510959625
19805770000000,9.90470504761
19806230000000,9.7677230835
19806720000000,9.65039348602
19807180000000,9.52380371094
19807650000000,9.40085220337
19808120000000,9.28676128387
19808640000000,9.17153358459
19809110000000,9.05602455139
19809590000000,8.94923400879
19810080000000,8.85142803192
19810540000000,8.74589347839
19810990000000,8.66103076935
19811430000000,8.57681941986
19811900000000,8.50057983398
19812360000000,8.42581653595
19812820000000,8.35214138031
19813260000000,8.28609371185
19813710000000,8.22175884247
19814150000000,8.19808101654
19814600000000,8.11411190033
19815050000000,8.0101146698
19815470000000,7.91796255112
19815910000000,7.82744884491
19816340000000,7.74734735489
19816820000000,7.66312217712
19817250000000,7.58262825012
19817700000000,7.51160240173
19818140000000,7.43512105942
19818580000000,7.37061452866
19819050000000,7.3124756813
19819500000000,7.25405073166
19819970000000,7.21045970917
19820420000000,7.19262695312
19820870000000,7.17667388916
19821330000000,7.18801164627
19821750000000,7.20246982574
19822170000000,7.24239110947
19822600000000,7.28117084503
19823040000000,7.39921569824
19823470000000,7.49931764603
19823970000000,7.64499759674
19824430000000,7.811668396
19824870000000,7.95961141586
19825360000000,8.07575130463
