
12176040000000,11.375169754
12176830000000,11.3751249313
12177610000000,11.3750829697
12178400000000,11.3486251831
12179150000000,11.0266466141
12179910000000,10.7895460129
12180640000000,10.5465984344
12181390000000,10.3276891708
12182180000000,10.087726593
12182880000000,9.84885978699
12183580000000,9.63749504089
12184280000000,9.44058704376
12184990000000,9.25353240967
12185670000000,9.06020069122
12186350000000,8.89254570007
12187030000000,8.73477840424
12187690000000,8.5879650116
12188350000000,8.46012020111
12189050000000,8.34286785126
12189680000000,8.22253704071
12190320000000,8.12713432312
12190950000000,8.04845619202
12191590000000,7.93795394897
12192250000000,7.84187984467
12192880000000,7.73885726929
12193550000000,7.64050912857
12194200000000,7.54519462585
12194830000000,7.4620141983
12195490000000,7.39188861847
12196140000000,7.34287261963
12196760000000,7.29340696335
12197420000000,7.34832429886
12198050000000,7.4656829834
12198690000000,7.60187959671
12199340000000,7.75713729858
12199980000000,7.93796682358
12200610000000,8.12060451508
12201240000000,8.16448020935
