
10877280000000,11.7955503464
10878050000000,11.6652421951
10878830000000,11.3842287064
10879580000000,11.0940351486
10880310000000,10.8317689896
10881080000000,10.5828456879
10881820000000,10.3139638901
10882520000000,10.0794553757
10883240000000,9.86514568329
10883910000000,9.64007091522
10884600000000,9.44135761261
10885250000000,9.24542331696
10885940000000,9.07408046722
10886610000000,8.89621448517
10887250000000,8.74246311188
10887930000000,8.59362697601
10888560000000,8.45093250275
10889200000000,8.3307762146
10889810000000,8.21895313263
10890460000000,8.10121440887
10891080000000,7.98534059525
10891720000000,7.85422420502
10892400000000,7.73965835571
10893010000000,7.62344884872
10893630000000,7.53418588638
10894260000000,7.45563220978
10894900000000,7.38323354721
10895540000000,7.32982397079
10896140000000,7.28970956802
10896800000000,7.34836959839
10897420000000,7.43376159668
10898060000000,7.56023788452
10898690000000,7.71108961105
