
12176040000000,8.31390380859
12176830000000,8.31385135651
12177610000000,8.31380367279
12178400000000,8.28389453888
12179150000000,7.9231133461
12179910000000,7.63554525375
12180640000000,7.33538770676
12181390000000,7.02821207047
12182180000000,6.68884181976
12182880000000,6.34432697296
12183580000000,6.03586053848
12184280000000,5.74354171753
12184990000000,5.4599108696
12185670000000,5.15933990479
12186350000000,4.89155054092
12187030000000,4.63287067413
12187690000000,4.3861746788
12188350000000,4.1655216217
12189050000000,3.95904064178
12189680000000,3.74518322945
12190320000000,3.57457113266
12190950000000,3.43227338791
12191590000000,3.27013754845
12192250000000,3.13615560532
12192880000000,3.00862646103
12193550000000,2.90416026115
12194200000000,2.82229614258
12194830000000,2.77437925339
12195490000000,2.76297235489
12196140000000,2.79629182816
12196760000000,2.86003184319
12197420000000,3.02026057243
12198050000000,3.25470757484
12198690000000,3.4976568222
12199340000000,3.75223827362
12199980000000,4.03982973099
12200610000000,4.31683206558
12201240000000,4.37373924255
