
11684650000000,8.39135551453
11685410000000,8.39133548737
11686220000000,8.39131736755
11686990000000,8.31685352325
11687750000000,7.93346405029
11688560000000,7.53720998764
11689300000000,7.23154067993
11690030000000,6.84666728973
11690750000000,6.53893470764
11691450000000,6.24188899994
11692140000000,5.95808076859
11692890000000,5.69046735764
11693560000000,5.40785980225
11694220000000,5.15163850784
11694900000000,4.91285419464
11695590000000,4.70361185074
11696280000000,4.42519617081
11696950000000,4.15236663818
11697640000000,3.91448116302
11698260000000,3.66832756996
11698910000000,3.45886039734
11699540000000,3.26782393456
11700190000000,3.10470175743
11700810000000,2.97549057007
11701460000000,2.88137793541
11702110000000,2.81147933006
11702750000000,2.77931523323
11703380000000,2.78470182419
11704000000000,2.82326126099
11704650000000,2.93145632744
11705270000000,3.08753418922
11705930000000,3.27674078941
11706590000000,3.51661157608
11707250000000,3.75207209587
11707850000000,3.99342918396
11708500000000,4.22505331039
11709160000000,4.30007123947
11709800000000,4.29997730255
11710500000000,4.29992055893
