
19799380000000,8.90536403656
19799970000000,8.80970478058
19800570000000,8.54420757294
19801100000000,8.33467674255
19801640000000,8.13702392578
19802170000000,7.90960502625
19802710000000,7.69051504135
19803220000000,7.45529937744
19803730000000,7.25080776215
19804250000000,7.03461170197
19804760000000,6.82480335236
19805270000000,6.62226343155
19805770000000,6.41205310822
19806230000000,6.21245527267
19806720000000,6.03890132904
19807180000000,5.84897518158
19807650000000,5.66159820557
19808120000000,5.48489618301
19808640000000,5.30351734161
19809110000000,5.11848211288
19809590000000,4.9444694519
19810080000000,4.78226089478
19810540000000,4.6040892601
19810990000000,4.45831537247
19811430000000,4.3113451004
19811900000000,4.17632293701
19812360000000,4.04212856293
19812820000000,3.90833449364
19813260000000,3.7869746685
19813710000000,3.67291426659
19814150000000,3.60871386528
19814600000000,3.49059820175
19815050000000,3.35262012482
19815470000000,3.23258733749
19815910000000,3.11905050278
19816340000000,3.02353978157
19816820000000,2.92922258377
19817250000000,2.84628677368
19817700000000,2.7810587883
19818140000000,2.72226214409
19818580000000,2.68390226364
19819050000000,2.66225934029
19819500000000,2.65683341026
19819970000000,2.67880654335
19820420000000,2.74075102806
19820870000000,2.80135631561
19821330000000,2.900796175
19821750000000,3.00460267067
19822170000000,3.123711586
19822600000000,3.22991251945
19823040000000,3.40779948235
19823470000000,3.56331586838
19823970000000,3.76129555702
19824430000000,3.98466515541
19824870000000,4.17030620575
19825360000000,4.33143186569
