
13701360000000,9.10688781738
13702130000000,8.74401569366
13702940000000,8.39194297791
13703660000000,7.9820189476
13704380000000,7.62597894669
13705140000000,7.24682760239
13705840000000,6.93579339981
13706530000000,6.655834198
13707270000000,6.34107732773
13708020000000,6.0223326683
13708700000000,5.69147205353
13709380000000,5.40180206299
13710050000000,5.11697483063
13710720000000,4.84012937546
13711370000000,4.57076501846
13712050000000,4.32810878754
13712690000000,4.09129428864
13713340000000,3.88148117065
13713970000000,3.68623352051
13714610000000,3.51590037346
13715230000000,3.36996126175
13715870000000,3.22402024269
13716550000000,3.08764672279
13717180000000,2.96058297157
13717830000000,2.86971950531
13718460000000,2.81679177284
13719110000000,2.79610753059
13719740000000,2.80959558487
13720400000000,2.85764884949
13721050000000,2.93984794617
13721680000000,3.0492618084
13722290000000,3.18309855461
13722930000000,3.34880042076
13723560000000,3.58626532555
13724190000000,3.83779788017
