
11090980000000,8.69144058228
11091750000000,8.25552463531
11092530000000,7.888194561
11093270000000,7.61228275299
11094010000000,7.25936603546
11094780000000,6.93324232101
11095510000000,6.58357143402
11096210000000,6.26529073715
11096890000000,5.95152187347
11097560000000,5.6686835289
11098230000000,5.38316106796
11098910000000,5.10404634476
11099600000000,4.83287143707
11100240000000,4.57086229324
11100890000000,4.32701873779
11101550000000,4.1022195816
11102220000000,3.89035439491
11102840000000,3.67655396461
11103480000000,3.51096463203
11104150000000,3.35426092148
11104780000000,3.21307826042
11105420000000,3.06596112251
11106070000000,2.92790293694
11106710000000,2.81758785248
11107350000000,2.73101830482
11107990000000,2.67779493332
11108680000000,2.66610145569
11109320000000,2.68173527718
11109960000000,2.79036521912
11110630000000,2.99775338173
11111250000000,3.25028038025
11111890000000,3.4656867981
11112560000000,3.75027036667
