
12052400000000,8.46368408203
12053190000000,8.46419429779
12053990000000,8.46422386169
12054760000000,8.3920507431
12055520000000,8.00807476044
12056310000000,7.63947486877
12057090000000,7.24379253387
12057820000000,6.89514398575
12058570000000,6.57580566406
12059250000000,6.25046157837
12059930000000,5.95551252365
12060660000000,5.66796588898
12061350000000,5.35960006714
12062000000000,5.07412672043
12062690000000,4.81287622452
12063400000000,4.54616832733
12064050000000,4.28507518768
12064710000000,4.04287528992
12065350000000,3.84175944328
12066000000000,3.62310004234
12066650000000,3.42056441307
12067290000000,3.23803734779
12067980000000,3.07750988007
12068590000000,2.92790436745
12069210000000,2.83512735367
12069830000000,2.76315164566
12070480000000,2.72506356239
12071100000000,2.72037291527
12071750000000,2.75155282021
12072420000000,2.81758403778
12073050000000,2.94943499565
12073710000000,3.24143314362
12074380000000,3.48554611206
12074990000000,3.74055409431
12075620000000,3.95524978638
12076280000000,4.19464206696
12076910000000,4.32486057281
12077540000000,4.32722330093
