
19571580000000,8.73618125916
19572150000000,8.46949195862
19572690000000,8.20299720764
19573220000000,7.93486452103
19573740000000,7.68496322632
19574240000000,7.43518304825
19574780000000,7.19575214386
19575280000000,6.92753839493
19575770000000,6.6788225174
19576280000000,6.4495549202
19576760000000,6.21120452881
19577260000000,5.97645759583
19577770000000,5.83764791489
19578270000000,5.64363002777
19578730000000,5.44432687759
19579180000000,5.27451515198
19579670000000,5.10610246658
19580140000000,4.93897294998
19580590000000,4.77546739578
19581060000000,4.63641023636
19581490000000,4.47060394287
19581950000000,4.34257507324
19582410000000,4.208319664
19582850000000,4.08675718307
19583320000000,3.97244215012
19583770000000,3.85215806961
19584220000000,3.75548887253
19584700000000,3.67570781708
19585140000000,3.64420461655
19585570000000,3.53014159203
19586030000000,3.42461657524
19586480000000,3.31560206413
19586910000000,3.20861268044
19587340000000,3.09561443329
19587830000000,3.00608801842
19588270000000,2.90501976013
19588700000000,2.83753871918
19589190000000,2.78083992004
19589630000000,2.73515224457
19590080000000,2.71301603317
19590520000000,2.70615983009
19591000000000,2.71705627441
19591440000000,2.74942398071
19591870000000,2.78803610802
19592340000000,2.76899218559
19592790000000,2.87939858437
19593240000000,3.03211283684
19593680000000,3.16080403328
19594120000000,3.27812576294
19594550000000,3.45120716095
19594990000000,3.62439608574
19595450000000,3.80962133408
19595910000000,4.02172088623
