
11803570000000,8.28325748444
11804350000000,8.28145217896
11805110000000,8.28068256378
11805880000000,8.28004932404
11806670000000,8.07086277008
11807450000000,7.69612884521
11808210000000,7.34490299225
11808920000000,6.98766756058
11809620000000,6.68512582779
11810340000000,6.37583971024
11811030000000,6.07776927948
11811760000000,5.81631231308
11812450000000,5.53667211533
11813110000000,5.25802326202
11813790000000,5.00958108902
11814470000000,4.74502563477
11815140000000,4.4966750145
11815800000000,4.2668299675
11816440000000,4.05712080002
11817080000000,3.86278986931
11817730000000,3.68965339661
11818360000000,3.51403093338
11819030000000,3.34042549133
11819670000000,3.16281485558
11820310000000,2.99881696701
11820960000000,2.86496591568
11821660000000,2.75408935547
11822300000000,2.67469072342
11822940000000,2.63189387321
11823590000000,2.66334962845
11824220000000,2.79132604599
11824900000000,2.97035312653
11825570000000,3.23401641846
11826220000000,3.49708127975
11826850000000,3.75755524635
11827510000000,4.03455781937
11828130000000,4.29397773743
11828780000000,4.48266935349
11829440000000,4.51335859299
