
13580900000000,8.90248203278
13581690000000,8.48687934875
13582470000000,8.10106754303
13583230000000,7.71399688721
13583980000000,7.32708024979
13584730000000,6.90651082993
13585450000000,6.57960414886
13586130000000,6.24739980698
13586860000000,5.9753408432
13587550000000,5.66758441925
13588190000000,5.37449169159
13588860000000,5.11282730103
13589540000000,4.8424539566
13590160000000,4.5889043808
13590830000000,4.36008167267
13591480000000,4.12247896194
13592120000000,3.91141581535
13592750000000,3.71593356133
13593390000000,3.53861522675
13594080000000,3.37718772888
13594720000000,3.21823382378
13595320000000,3.09344315529
13595990000000,3.00241684914
13596610000000,2.92011260986
13597240000000,2.8593723774
13597870000000,2.82340764999
13598500000000,2.82105731964
13599160000000,2.86055755615
13599800000000,2.93246626854
13600450000000,3.03812146187
13601120000000,3.19905757904
13601750000000,3.40056085587
13602400000000,3.64149737358
13603050000000,3.90489935875
13603690000000,4.16948366165
