
11021470000000,8.679479599
11022260000000,8.28218173981
11023010000000,7.8934803009
11023770000000,7.54221391678
11024500000000,7.23563814163
11025250000000,6.93374204636
11025950000000,6.59287929535
11026640000000,6.28412914276
11027350000000,5.98782682419
11028020000000,5.6798043251
11028690000000,5.40301418304
11029330000000,5.12422561646
11029980000000,4.86974525452
11030650000000,4.62202739716
11031300000000,4.37812280655
11031980000000,4.13876533508
11032630000000,3.92646694183
11033240000000,3.72583127022
11033860000000,3.55298423767
11034530000000,3.3951394558
11035180000000,3.30358290672
11035820000000,3.16873216629
11036470000000,3.0220618248
11037120000000,2.90298271179
11037750000000,2.81406354904
11038380000000,2.74819803238
11039020000000,2.79724550247
11039680000000,2.9393029213
11040320000000,2.98332762718
11040990000000,2.98988509178
11041630000000,3.17094898224
11042260000000,3.37411093712
11042890000000,3.57976508141
11043500000000,3.79866480827
