
10946270000000,8.39447879791
10947090000000,8.01062583923
10947870000000,7.62779760361
10948580000000,7.24290990829
10949330000000,6.90695905685
10950030000000,6.52578449249
10950730000000,6.21659946442
10951420000000,5.91367006302
10952090000000,5.61262369156
10952740000000,5.33889627457
10953420000000,5.0688867569
10954100000000,4.79674291611
10954740000000,4.54607725143
10955430000000,4.30902290344
10956080000000,4.07136297226
10956680000000,3.86150622368
10957320000000,3.67666053772
10957960000000,3.48937320709
10958620000000,3.29306077957
10959230000000,3.12985157967
10959910000000,3.00690507889
10960540000000,2.89778137207
10961210000000,2.82936787605
10961810000000,2.79604649544
10962430000000,2.79764342308
10963090000000,2.83450508118
10963730000000,2.89705967903
10964370000000,3.01412916183
10965030000000,3.15136051178
10965680000000,3.31974506378
10966290000000,3.57734251022
10966950000000,3.81153440475
