
11151960000000,8.86645126343
11152740000000,8.80968570709
11153540000000,8.42755317688
11154300000000,8.03577518463
11155050000000,7.6741399765
11155770000000,7.34297800064
11156460000000,7.00574636459
11157180000000,6.6899394989
11157860000000,6.37777853012
11158560000000,6.0783200264
11159270000000,5.77494812012
11159970000000,5.48532295227
11160620000000,5.177090168
11161290000000,4.91747570038
11161940000000,4.65754270554
11162610000000,4.40697908401
11163240000000,4.16750431061
11163890000000,3.94786310196
11164540000000,3.74260258675
11165170000000,3.54863882065
11165820000000,3.38090276718
11166470000000,3.23626303673
11167170000000,3.11864352226
11167830000000,2.99862885475
11168460000000,2.91106820107
11169110000000,2.85927438736
11169730000000,2.84234309196
11170340000000,2.86028599739
11170970000000,2.91104245186
11171640000000,2.98852992058
11172270000000,3.12004327774
11172900000000,3.33422660828
11173560000000,3.52798390388
11174180000000,3.76048564911
