
13518830000000,8.88062858582
13519620000000,8.52951717377
13520410000000,8.14952373505
13521160000000,7.73972225189
13521900000000,7.38005495071
13522630000000,6.99130058289
13523360000000,6.6813249588
13524080000000,6.36100435257
13524830000000,6.03599119186
13525500000000,5.71663713455
13526180000000,5.42082929611
13526840000000,5.13991880417
13527530000000,4.88220405579
13528210000000,4.61720609665
13528880000000,4.35508871078
13529560000000,4.1129117012
13530240000000,3.88546800613
13530900000000,3.68129086494
13531530000000,3.5016067028
13532180000000,3.33912563324
13532830000000,3.21943593025
13533460000000,3.06132459641
13534130000000,2.9270863533
13534770000000,2.79321098328
13535390000000,2.7017261982
13536010000000,2.64825558662
13536680000000,2.62599992752
13537320000000,2.68259239197
13537930000000,2.76551222801
13538600000000,2.9163813591
13539260000000,3.1367650032
13539920000000,3.37150001526
13540600000000,3.62725329399
13541240000000,3.930996418
