
19642170000000,8.97732830048
19642710000000,8.94243907928
19643270000000,8.68718147278
19643800000000,8.41569328308
19644320000000,8.14378738403
19644870000000,7.8913769722
19645390000000,7.62920713425
19645880000000,7.39648962021
19646390000000,7.13430166245
19646890000000,6.8917183876
19647430000000,6.64896821976
19647920000000,6.39698505402
19648410000000,6.16400098801
19648890000000,5.92122936249
19649340000000,5.68818569183
19649800000000,5.46511030197
19650260000000,5.25430631638
19650720000000,5.03461790085
19651200000000,4.77491474152
19651650000000,4.51507616043
19652100000000,4.29461622238
19652550000000,4.25687789917
19653020000000,4.30165195465
19653450000000,4.25326681137
19653890000000,4.18700885773
19654320000000,4.13257455826
19654760000000,4.08758544922
19655210000000,4.04865932465
19655680000000,4.01308298111
19656120000000,3.99242949486
19656590000000,3.92929458618
19657040000000,3.87891316414
19657480000000,3.79843878746
19657930000000,3.76554226875
19658360000000,3.66774725914
19658810000000,3.58747434616
19659250000000,3.50161409378
19659710000000,3.43475413322
19660130000000,3.35773229599
19660570000000,3.3215649128
19661000000000,3.31889247894
19661480000000,3.20044922829
19661920000000,3.06333374977
19662390000000,2.93655729294
19662830000000,2.80203485489
19663260000000,2.69380640984
19663690000000,2.59138941765
19664110000000,2.50534963608
19664570000000,2.43565630913
19665020000000,2.3848388195
19665470000000,2.33125162125
19665920000000,2.31666374207
19666360000000,2.41328072548
19666800000000,2.5333199501
19667280000000,2.64919185638
19667700000000,2.78690361977
19668120000000,2.93406271935
19668560000000,3.07036709785
19669020000000,3.23311781883
19669460000000,3.3908970356
19669880000000,3.55570268631
19670320000000,3.72742581367
19670730000000,3.90996646881
19671170000000,4.0880355835
