
13455970000000,8.81332492828
13456730000000,8.4018201828
13457530000000,8.01176738739
13458290000000,7.6625828743
13458990000000,7.24392175674
13459750000000,6.92574644089
13460450000000,6.58098888397
13461130000000,6.27879905701
13461880000000,5.98436069489
13462580000000,5.6776766777
13463260000000,5.38417863846
13463930000000,5.104845047
13464620000000,4.84295272827
13465300000000,4.56687641144
13465950000000,4.32367563248
13466630000000,4.09342288971
13467250000000,3.87093687057
13467900000000,3.68331217766
13468550000000,3.51411390305
13469200000000,3.36916780472
13469830000000,3.22632837296
13470430000000,3.10245585442
13471080000000,3.00294494629
13471690000000,2.92274975777
13472360000000,2.88575291634
13472990000000,2.86600708961
13473710000000,2.88080453873
13474340000000,2.93916702271
13474980000000,3.02625346184
13475620000000,3.14836168289
13476270000000,3.3058526516
13476910000000,3.46470808983
13477550000000,3.73966884613
13478220000000,4.02046775818
