
11944220000000,8.28720760345
11945000000000,8.28723049164
11945810000000,8.28725528717
11946560000000,8.24871635437
11947330000000,7.88277244568
11948050000000,7.50844526291
11948770000000,7.17105054855
11949500000000,6.85453748703
11950210000000,6.52479124069
11950900000000,6.22676420212
11951590000000,5.92701721191
11952270000000,5.62955999374
11952940000000,5.35494756699
11953590000000,5.08212566376
11954260000000,4.81990337372
11954930000000,4.56108522415
11955590000000,4.32986450195
11956260000000,4.09069108963
11956940000000,3.88740420341
11957580000000,3.67226099968
11958230000000,3.49424695969
11958860000000,3.35173583031
11959530000000,3.17134690285
11960170000000,2.99508929253
11960800000000,2.84286189079
11961450000000,2.72324848175
11962100000000,2.63300251961
11962760000000,2.5942325592
11963390000000,2.60255336761
11964060000000,2.66809535027
11964700000000,2.80775594711
11965350000000,2.97867107391
11965990000000,3.18376898766
11966670000000,3.40663504601
11967270000000,3.64634847641
11967950000000,3.92351818085
11968550000000,4.22454690933
11969210000000,4.41805124283
