
19730700000000,8.69786453247
19731250000000,8.49109363556
19731780000000,8.25052547455
19732310000000,7.99464559555
19732840000000,7.76631879807
19733380000000,7.53551483154
19733900000000,7.32464742661
19734410000000,7.11160230637
19734920000000,6.89371585846
19735440000000,6.69285726547
19735940000000,6.49575614929
19736440000000,6.29146432877
19736920000000,6.09120941162
19737420000000,5.93105077744
19737890000000,5.73561525345
19738350000000,5.55151605606
19738840000000,5.38682699203
19739310000000,5.21417951584
19739810000000,5.06376743317
19740280000000,4.91111898422
19740750000000,4.77238893509
19741200000000,4.62908267975
19741660000000,4.50254392624
19742170000000,4.38266611099
19742620000000,4.28936195374
19743090000000,4.17002487183
19743530000000,4.04279088974
19743960000000,3.9480509758
19744410000000,3.89777779579
19744860000000,3.77081155777
19745300000000,3.61211323738
19745730000000,3.44888091087
19746170000000,3.31766963005
19746580000000,3.16196656227
19747010000000,3.04042100906
19747430000000,2.91027593613
19747870000000,2.79767298698
19748320000000,2.69612812996
19748750000000,2.60468387604
19749220000000,2.55318117142
19749650000000,2.50354909897
19750080000000,2.50467371941
19750510000000,2.48643732071
19750970000000,2.53154230118
19751400000000,2.62627124786
19751880000000,2.74177002907
19752320000000,2.87020993233
19752770000000,3.01831007004
19753200000000,3.13847923279
19753660000000,3.27170538902
19754120000000,3.45878076553
19754550000000,3.63235497475
19754990000000,3.82218313217
19755410000000,4.00556135178
19755820000000,4.18060779572
