
13455970000000,11.791349411
13456730000000,11.406794548
13457530000000,11.0446233749
13458290000000,10.7082529068
13458990000000,10.322602272
13459750000000,9.97868061066
13460450000000,9.58649921417
13461130000000,9.23908519745
13461880000000,8.89551353455
13462580000000,8.53334903717
13463260000000,8.18359851837
13463930000000,7.8427066803
13464620000000,7.51381778717
13465300000000,7.1547908783
13465950000000,6.82455921173
13466630000000,6.49531507492
13467250000000,6.15576934814
13467900000000,5.84563302994
13468550000000,5.53905677795
13469200000000,5.22476911545
13469830000000,4.91405010223
13470430000000,4.60780382156
13471080000000,4.31008481979
13471690000000,3.97684931755
13472360000000,3.68969035149
13472990000000,3.36778903008
13473710000000,3.0568459034
13474340000000,2.70751619339
13474980000000,2.39962863922
13475620000000,2.0942158699
13476270000000,1.78708922863
13476910000000,1.52032780647
13477550000000,1.20259273052
13478220000000,0.883446991444
