
10877280000000,11.7204141617
10878050000000,11.5044107437
10878830000000,11.1188735962
10879580000000,10.7189388275
10880310000000,10.3491382599
10881080000000,9.98933315277
10881820000000,9.58945083618
10882520000000,9.22972774506
10883240000000,8.88994407654
10883920000000,8.52019882202
10884600000000,8.18043518066
10885250000000,7.83136129379
10885940000000,7.51155996323
10886610000000,7.16212463379
10887250000000,6.84238958359
10887930000000,6.51280355453
10888560000000,6.17320919037
10889200000000,5.86357593536
10889810000000,5.56370592117
10890460000000,5.2702703476
10891080000000,4.95794010162
10891720000000,4.62296009064
10892400000000,4.32154607773
10893010000000,3.98713517189
10893630000000,3.70061659813
10894260000000,3.41626405716
10894900000000,3.12074828148
10895540000000,2.80784249306
10896140000000,2.51094174385
10896800000000,2.21930646896
10897420000000,1.90572488308
10898060000000,1.58072936535
10898690000000,1.26829838753
