
19799380000000,11.9922857285
19799970000000,11.8994102478
19800570000000,11.6398544312
19801100000000,11.4270448685
19801640000000,11.2094545364
19802170000000,10.9618902206
19802710000000,10.7218551636
19803220000000,10.462562561
19803730000000,10.235449791
19804250000000,9.9937582016
19804760000000,9.75709533691
19805270000000,9.52655410767
19805770000000,9.28482627869
19806230000000,9.0528755188
19806720000000,8.84885120392
19807180000000,8.62295532227
19807650000000,8.3969783783
19808120000000,8.18055915833
19808640000000,7.95459842682
19809110000000,7.7193775177
19809590000000,7.49317646027
19810080000000,7.27692461014
19810540000000,7.03224563599
19810990000000,6.82527160645
19811430000000,6.6089425087
19811900000000,6.40189552307
19812360000000,6.18617486954
19812820000000,5.95844888687
19813260000000,5.73678064346
19813710000000,5.52025842667
19814150000000,5.33920145035
19814600000000,5.14701604843
19815050000000,4.92966890335
19815470000000,4.72451543808
19815910000000,4.51668310165
19816340000000,4.3299665451
19816820000000,4.13007307053
19817250000000,3.928139925
19817700000000,3.73923063278
19818140000000,3.52108192444
19818580000000,3.33098840714
19819050000000,3.14336299896
19819500000000,2.9383058548
19819970000000,2.73520231247
19820420000000,2.52067875862
19820870000000,2.34542155266
19821330000000,2.15042638779
19821750000000,1.97042524815
19822170000000,1.80276882648
19822600000000,1.66351246834
19823040000000,1.47108674049
19823470000000,1.30195987225
19823970000000,1.09666538239
19824430000000,0.86589628458
19824870000000,0.67796766758
19825360000000,0.509548008442
