
11090980000000,11.7044992447
11091750000000,11.2906389236
11092530000000,10.9522733688
11093270000000,10.6272888184
11094010000000,10.2490901947
11094780000000,9.88946819305
11095510000000,9.49952030182
11096210000000,9.13987064362
11096890000000,8.77989387512
11097560000000,8.44997692108
11098230000000,8.11037921906
11098910000000,7.77042865753
11099600000000,7.43060112
11100240000000,7.09070301056
11100890000000,6.7608590126
11101550000000,6.44150257111
11102220000000,6.12170791626
11102840000000,5.77192497253
11103480000000,5.47237634659
11104150000000,5.16259527206
11104780000000,4.83759641647
11105420000000,4.54507303238
11106070000000,4.22520923615
11106710000000,3.94045639038
11107350000000,3.64071965218
11107990000000,3.32716321945
11108680000000,3.03302025795
11109320000000,2.7431499958
11109960000000,2.42220425606
11110630000000,2.11420178413
11111250000000,1.77624392509
11111890000000,1.49419808388
11112560000000,1.16776704788
