
19730700000000,11.8019180298
19731250000000,11.5991506577
19731780000000,11.3646726608
19732310000000,11.1061534882
19732840000000,10.8752241135
19733380000000,10.6548204422
19733900000000,10.4201583862
19734410000000,10.1773576736
19734920000000,9.92756175995
19735440000000,9.69503593445
19735940000000,9.4643907547
19736440000000,9.22249126434
19736920000000,8.98214530945
19737420000000,8.78726387024
19737890000000,8.54594421387
19738350000000,8.31434345245
19738840000000,8.10367965698
19739310000000,7.87243747711
19739810000000,7.66574048996
19740280000000,7.4469537735
19740750000000,7.24247646332
19741200000000,7.0185751915
19741660000000,6.80497789383
19742170000000,6.59374713898
19742620000000,6.42374134064
19743090000000,6.19935560226
19743530000000,5.97653245926
19743960000000,5.79192590714
19744410000000,5.63570785522
19744860000000,5.45697307587
19745300000000,5.26759767532
19745730000000,5.06847906113
19746170000000,4.90422105789
19746580000000,4.7017416954
19747010000000,4.54377651215
19747430000000,4.37360525131
19747870000000,4.21787834167
19748320000000,4.03234195709
19748750000000,3.86213350296
19749220000000,3.6824388504
19749650000000,3.47118473053
19750080000000,3.27673625946
19750510000000,3.12411832809
19750970000000,2.93107581139
19751400000000,2.73283863068
19751880000000,2.53030824661
19752320000000,2.32255411148
19752770000000,2.10108208656
19753200000000,1.92196035385
19753660000000,1.74076509476
19754120000000,1.52081799507
19754550000000,1.32018315792
19754990000000,1.105078578
19755410000000,0.899862706661
19755820000000,0.706873595715
