
19571580000000,11.6365251541
19572150000000,11.3744049072
19572690000000,11.1126480103
19573220000000,10.8494577408
19573750000000,10.6043081284
19574240000000,10.3594045639
19574780000000,10.1248245239
19575280000000,9.86222934723
19575770000000,9.61889266968
19576280000000,9.39473628998
19576760000000,9.16185951233
19577260000000,8.93247032166
19577770000000,8.82055568695
19578270000000,8.5988368988
19578730000000,8.35972309113
19579180000000,8.15294647217
19579670000000,7.94541740417
19580140000000,7.72754907608
19580590000000,7.50156736374
19581060000000,7.30340766907
19581490000000,7.05816984177
19581950000000,6.86063289642
19582410000000,6.64384698868
19582850000000,6.43660783768
19583320000000,6.22948598862
19583770000000,5.99424552917
19584220000000,5.78718471527
19584700000000,5.60867595673
19585140000000,5.44525814056
19585570000000,5.24879741669
19586030000000,5.0561876297
19586480000000,4.83941364288
19586910000000,4.64799356461
19587340000000,4.44621419907
19587830000000,4.2603635788
19588270000000,4.01995038986
19588700000000,3.82761049271
19589190000000,3.62664985657
19589630000000,3.40019154549
19590080000000,3.21176314354
19590520000000,3.01654219627
19591000000000,2.81541419029
19591440000000,2.61744332314
19591870000000,2.46249723434
19592340000000,2.38103842735
19592790000000,2.20013427734
19593240000000,1.98355948925
19593680000000,1.81548047066
19594120000000,1.6501660347
19594550000000,1.45008945465
19594990000000,1.25979423523
19595450000000,1.05860245228
19595910000000,0.831129491329
