
13701360000000,12.080904007
13702130000000,11.756111145
13702940000000,11.4385728836
13703660000000,11.0559301376
13704380000000,10.7247905731
13705140000000,10.3784608841
13705840000000,10.0858488083
13706530000000,9.7844247818
13707270000000,9.43369102478
13708020000000,9.07367229462
13708700000000,8.69396495819
13709380000000,8.35531711578
13710050000000,8.01538085938
13710720000000,7.6765871048
13711370000000,7.33671760559
13712050000000,7.01455640793
13712690000000,6.68451023102
13713340000000,6.3712387085
13713970000000,6.04165506363
13714610000000,5.7220864296
13715230000000,5.40439510345
13715870000000,5.10960102081
13716550000000,4.79813146591
13717180000000,4.45876932144
13717830000000,4.1426897049
13718460000000,3.8282430172
13719110000000,3.51957583427
13719740000000,3.20631146431
13720400000000,2.89316558838
13721050000000,2.58201861382
13721680000000,2.28154826164
13722290000000,1.99217605591
13722930000000,1.71117341518
13723560000000,1.40371334553
13724190000000,1.08771324158
