
11803570000000,11.3729133606
11804350000000,11.3712081909
11805110000000,11.3704833984
11805880000000,11.3698883057
11806670000000,11.1475315094
11807450000000,10.7665586472
11808210000000,10.4089508057
11808920000000,9.99712276459
11809620000000,9.65073394775
11810340000000,9.2913942337
11811030000000,8.92624950409
11811760000000,8.59756755829
11812450000000,8.25015735626
11813110000000,7.89586448669
11813790000000,7.57205438614
11814470000000,7.23003149033
11815140000000,6.89120006561
11815800000000,6.56150722504
11816440000000,6.24179983139
11817080000000,5.92261171341
11817730000000,5.61451864243
11818360000000,5.28882455826
11819030000000,4.96995830536
11819670000000,4.65305662155
11820310000000,4.34820508957
11820960000000,4.05453443527
11821660000000,3.74548172951
11822300000000,3.41286730766
11822940000000,3.13589382172
11823590000000,2.84861493111
11824220000000,2.57779693604
11824900000000,2.26668739319
11825570000000,1.91745996475
11826220000000,1.58748030663
11826850000000,1.27346694469
11827510000000,0.946604967117
11828130000000,0.659255564213
11828780000000,0.408986836672
11829440000000,0.369212120771
