
10946270000000,11.4332427979
10947090000000,11.0665588379
10947870000000,10.6845941544
10948580000000,10.2906017303
10949330000000,9.94566440582
10950030000000,9.52318572998
10950730000000,9.17351341248
10951420000000,8.8255109787
10952090000000,8.47363567352
10952740000000,8.14702415466
10953420000000,7.81797885895
10954100000000,7.47673082352
10954740000000,7.15132284164
10955430000000,6.83055591583
10956080000000,6.49131345749
10956680000000,6.17266082764
10957320000000,5.87050819397
10957960000000,5.53212547302
10958620000000,5.19628000259
10959230000000,4.86814832687
10959910000000,4.57361412048
10960540000000,4.2362947464
10961210000000,3.92126131058
10961810000000,3.60620880127
10962430000000,3.31048607826
10963090000000,2.99950480461
10963730000000,2.69332671165
10964370000000,2.38171458244
10965030000000,2.10112309456
10965680000000,1.82532382011
10966290000000,1.49505996704
10966950000000,1.19578123093
