
11021470000000,11.800570488
11022260000000,11.4273767471
11023010000000,11.0779323578
11023770000000,10.6958236694
11024500000000,10.3395118713
11025250000000,10.010430336
11025950000000,9.6427192688
11026640000000,9.29324626923
11027350000000,8.9529800415
11028020000000,8.59308433533
11028690000000,8.26295375824
11029330000000,7.92276477814
11029980000000,7.60325908661
11030650000000,7.28188371658
11031300000000,6.95286560059
11031980000000,6.61311578751
11032630000000,6.29198551178
11033240000000,5.96459007263
11033860000000,5.65413570404
11034530000000,5.33382320404
11035180000000,5.05781602859
11035820000000,4.76049995422
11036470000000,4.44797420502
11037120000000,4.13583135605
11037750000000,3.81651687622
11038380000000,3.53156161308
11039020000000,3.23820734024
11039680000000,2.98747491837
11040320000000,2.70533967018
11040990000000,2.44942235947
11041630000000,2.11841225624
11042260000000,1.79953372478
11042890000000,1.50154745579
11043500000000,1.21830487251
