
13640250000000,11.4155321121
13640970000000,11.0071630478
13641750000000,10.6664648056
13642500000000,10.3089857101
13643220000000,9.95303535461
13643970000000,9.61154079437
13644670000000,9.19404125214
13645350000000,8.89010429382
13646040000000,8.57919883728
13646750000000,8.22030925751
13647480000000,7.88058185577
13648150000000,7.52120923996
13648800000000,7.17195224762
13649450000000,6.85255241394
13650110000000,6.53327178955
13650750000000,6.1877207756
13651400000000,5.87694168091
13652040000000,5.55718183517
13652640000000,5.22229290009
13653300000000,4.94093036652
13653910000000,4.61235809326
13654570000000,4.30601882935
13655200000000,3.97692060471
13655830000000,3.69036722183
13656480000000,3.36834168434
13657110000000,3.05662417412
13657790000000,2.74683713913
13658440000000,2.42041516304
13659050000000,2.09435582161
13659700000000,1.79030537605
13660310000000,1.44377958775
13660940000000,1.14107894897
13661550000000,0.822818994522
