
11944220000000,11.3482351303
11945000000000,11.3482561111
11945810000000,11.3482789993
11946560000000,11.3123970032
11947330000000,10.9643344879
11948050000000,10.6172971725
11948770000000,10.2654266357
11949500000000,9.91154766083
11950210000000,9.540599823
11950900000000,9.20025062561
11951590000000,8.85332393646
11952270000000,8.50284099579
11952940000000,8.17198181152
11953590000000,7.83596277237
11954260000000,7.50407552719
11954930000000,7.16427946091
11955590000000,6.8485994339
11956260000000,6.50513648987
11956940000000,6.19419813156
11957580000000,5.84448671341
11958230000000,5.52392339706
11958860000000,5.2223200798
11959530000000,4.90670347214
11960170000000,4.58713197708
11960800000000,4.2826666832
11961450000000,3.98920631409
11962100000000,3.69126844406
11962760000000,3.37514901161
11963390000000,3.10812997818
11964060000000,2.81802225113
11964700000000,2.52070689201
11965350000000,2.22561883926
11965990000000,1.90990447998
11966670000000,1.59757709503
11967270000000,1.27637636662
11967950000000,0.966935992241
11968550000000,0.639808297157
11969210000000,0.424490213394
