
11684650000000,11.358127594
11685410000000,11.3581094742
11686220000000,11.358092308
11686990000000,11.295343399
11687750000000,10.9532432556
11688560000000,10.5725164413
11689300000000,10.2530755997
11690030000000,9.84047031403
11690750000000,9.4777135849
11691450000000,9.12106704712
11692140000000,8.77251720428
11692890000000,8.43528938293
11693560000000,8.0679731369
11694220000000,7.72202968597
11694900000000,7.39728593826
11695590000000,7.09254264832
11696280000000,6.74625205994
11696950000000,6.39950084686
11697640000000,6.08372879028
11698260000000,5.73843860626
11698910000000,5.42311191559
11699540000000,5.11064958572
11700190000000,4.80527067184
11700810000000,4.48944425583
11701460000000,4.19285726547
11702110000000,3.86769652367
11702750000000,3.54380297661
11703380000000,3.23938417435
11704000000000,2.91950011253
11704650000000,2.59188246727
11705270000000,2.28033494949
11705930000000,1.98057925701
11706600000000,1.66350162029
11707250000000,1.35094499588
11707850000000,1.0253405571
11708500000000,0.727374434471
11709160000000,0.634417951107
11709800000000,0.634541988373
11710500000000,0.63461214304
