12176040000000,11.32774
12176830000000,11.327747345
12177610000000,11.3277015686
12178400000000,11.2986221313
12179150000000,10.9525985718
12179910000000,10.6584997177
12180640000000,10.348731041
12181390000000,10.0006847382
12182180000000,9.61470794678
12182880000000,9.21782112122
12183580000000,8.85951900482
12184280000000,8.51533031464
12184990000000,8.17504405975
12185670000000,7.80525493622
12186350000000,7.46530008316
12187030000000,7.12468671799
12187690000000,6.78540420532
12188350000000,6.46450471878
12189050000000,6.14441251755
12189680000000,5.78587007523
12190320000000,5.46792411804
12190950000000,5.16120624542
12191590000000,4.84693908691
12192250000000,4.5443572998
12192880000000,4.22431850433
12193550000000,3.93008852005
12194200000000,3.61950349808
12194830000000,3.31921410561
12195490000000,3.02154588699
12196140000000,2.72489905357
12196760000000,2.41776251793
12197420000000,2.13163805008
12198050000000,1.80432772636
12198690000000,1.49805510044
12199340000000,1.19781041145
12199980000000,0.86754065752
12200610000000,0.558964371681
12201240000000,0.501175701618
