
19468240000000,12.5900650024
19468800000000,12.4047842026
19469430000000,12.1434707642
19470010000000,11.8710126877
19470560000000,11.5891942978
19471110000000,11.3262739182
19471660000000,11.0639915466
19472180000000,10.8206071854
19472710000000,10.5772457123
19473220000000,10.3159513474
19473710000000,10.0834903717
19474300000000,9.86043930054
19474780000000,9.58167457581
19475300000000,9.3686876297
19475820000000,9.12815761566
19476310000000,8.87026309967
19476810000000,8.65836429596
19477270000000,8.42018127441
19477730000000,8.21844673157
19478200000000,8.09828090668
19478660000000,7.99986839294
19479140000000,7.80150508881
19479590000000,7.60093736649
19480060000000,7.38697290421
19480510000000,7.18256092072
19480950000000,6.9779343605
19481400000000,6.78209733963
19481840000000,6.58972358704
19482300000000,6.44385623932
19482750000000,6.22726202011
19483190000000,6.01461267471
19483630000000,5.83117771149
19484090000000,5.67396497726
19484540000000,5.48598480225
19484990000000,5.26580572128
19485420000000,5.07888650894
19485880000000,4.89070796967
19486320000000,4.68522977829
19486770000000,4.49580764771
19487210000000,4.28172636032
19487640000000,4.0968952179
19488070000000,3.90313982964
19488510000000,3.72024321556
19488940000000,3.53798151016
19489400000000,3.33462715149
19489840000000,3.15761780739
19490300000000,2.98141217232
19490720000000,2.8786342144
19491170000000,2.7857363224
19491620000000,2.74096250534
19492070000000,2.74956274033
19492490000000,2.58396816254
19492920000000,2.38527870178
19493370000000,2.17578840256
19493810000000,1.95636618137
19494250000000,1.74853038788
19494710000000,1.54995763302
19495150000000,1.32321238518
19495580000000,1.12489259243
19496060000000,0.927343547344
