
13580900000000,11.8808298111
13581690000000,11.4695425034
13582470000000,11.095536232
13583230000000,10.7221593857
13583980000000,10.3497419357
13584730000000,9.95136070251
13585450000000,9.62130355835
13586130000000,9.27125835419
13586860000000,8.95311927795
13587550000000,8.59321403503
13588190000000,8.24319839478
13588860000000,7.92322635651
13589540000000,7.58320331573
13590160000000,7.25319957733
13590830000000,6.94321775436
13591480000000,6.60474777222
13592120000000,6.28476476669
13592750000000,5.96474838257
13593390000000,5.64470672607
13594080000000,5.32324457169
13594720000000,4.97425746918
13595320000000,4.65057039261
13595990000000,4.374355793
13596610000000,4.06196928024
13597240000000,3.75232791901
13597870000000,3.46251654625
13598500000000,3.15249824524
13599160000000,2.83307480812
13599800000000,2.53430438042
13600450000000,2.25511717796
13601120000000,1.95070779324
13601750000000,1.62592637539
13602400000000,1.31280755997
13603050000000,0.98914951086
13603690000000,0.681541919708
