
19642170000000,12.1282186508
19642710000000,12.0921106339
19643270000000,11.8487672806
19643800000000,11.5936889648
19644320000000,11.3391275406
19644870000000,11.1035451889
19645390000000,10.8596591949
19645880000000,10.6438713074
19646390000000,10.4016504288
19646890000000,10.1784143448
19647430000000,9.95592689514
19647920000000,9.72593975067
19648410000000,9.51431560516
19648890000000,9.29488945007
19649340000000,9.08543014526
19649800000000,8.88610649109
19650260000000,8.69853019714
19650720000000,8.50440692902
19651200000000,8.26659011841
19651650000000,8.03309440613
19652100000000,7.83886814117
19652550000000,7.88245773315
19653020000000,7.9673166275
19653450000000,7.82013511658
19653890000000,7.65406799316
19654320000000,7.49689626694
19654760000000,7.3415517807
19655210000000,7.18621587753
19655680000000,7.0262799263
19656120000000,6.87410116196
19656590000000,6.71218538284
19657040000000,6.56817436218
19657480000000,6.38826990128
19657930000000,6.25170516968
19658360000000,6.04799842834
19658810000000,5.86424064636
19659250000000,5.65372848511
19659710000000,5.46223402023
19660130000000,5.24276828766
19660570000000,5.0832452774
19661000000000,4.94477319717
19661480000000,4.77020406723
19661920000000,4.58816766739
19662390000000,4.41483974457
19662830000000,4.21985054016
19663260000000,4.05150747299
19663690000000,3.87787532806
19664110000000,3.71508288383
19664570000000,3.54909396172
19665020000000,3.37272667885
19665470000000,3.2644906044
19665920000000,3.13729429245
19666360000000,2.94171857834
19666800000000,2.72094631195
19667280000000,2.52835798264
19667700000000,2.31706786156
19668120000000,2.10626006126
19668560000000,1.9215130806
19669020000000,1.71019923687
19669460000000,1.52986133099
19669880000000,1.33832013607
19670320000000,1.14586484432
19670730000000,0.945228278637
19671170000000,0.75391793251
