
13518830000000,11.8279733658
13519620000000,11.5069465637
13520410000000,11.1553134918
13521160000000,10.7781925201
13521900000000,10.4501314163
13522630000000,10.0848169327
13523360000000,9.73950004578
13524080000000,9.37976360321
13524830000000,9.00965118408
13525500000000,8.63968086243
13526180000000,8.28996944427
13526840000000,7.95019674301
13527530000000,7.63020181656
13528210000000,7.29054355621
13528880000000,6.94077968597
13529560000000,6.60082960129
13530240000000,6.26096105576
13530900000000,5.9310297966
13531530000000,5.61099720001
13532180000000,5.28832054138
13532830000000,4.98966121674
13533460000000,4.69205713272
13534130000000,4.40479564667
13534770000000,4.07703304291
13535390000000,3.77234196663
13536010000000,3.48932123184
13536680000000,3.18621897697
13537320000000,2.84674167633
13537930000000,2.57555866241
13538600000000,2.28271579742
13539260000000,1.95289194584
13539920000000,1.64070546627
13540600000000,1.3251503706
13541240000000,0.967818319798
